"Date","Source","Site ID","POC","Daily Mean PM10 Concentration","UNITS","DAILY_AQI_VALUE","Site Name","DAILY_OBS_COUNT","PERCENT_COMPLETE","AQS_PARAMETER_CODE","AQS_PARAMETER_DESC","CBSA_CODE","CBSA_NAME","STATE_CODE","STATE","COUNTY_CODE","COUNTY","SITE_LATITUDE","SITE_LONGITUDE"
"01/06/2007","AQS","340011006","1","5","ug/m3 SC","5","Atlantic City","1","100.0000","81102","PM10 Total 0-10um STP","12100","Atlantic City-Hammonton, NJ","34","New Jersey","001","Atlantic","39.36326","-74.431"
"01/12/2007","AQS","340011006","1","16","ug/m3 SC","15","Atlantic City","1","100.0000","81102","PM10 Total 0-10um STP","12100","Atlantic City-Hammonton, NJ","34","New Jersey","001","Atlantic","39.36326","-74.431"
"01/18/2007","AQS","340011006","1","10","ug/m3 SC","9","Atlantic City","1","100.0000","81102","PM10 Total 0-10um STP","12100","Atlantic City-Hammonton, NJ","34","New Jersey","001","Atlantic","39.36326","-74.431"
"01/24/2007","AQS","340011006","1","21","ug/m3 SC","19","Atlantic City","1","100.0000","81102","PM10 Total 0-10um STP","12100","Atlantic City-Hammonton, NJ","34","New Jersey","001","Atlantic","39.36326","-74.431"
"01/30/2007","AQS","340011006","1","14","ug/m3 SC","13","Atlantic City","1","100.0000","81102","PM10 Total 0-10um STP","12100","Atlantic City-Hammonton, NJ","34","New Jersey","001","Atlantic","39.36326","-74.431"
"02/05/2007","AQS","340011006","1","21","ug/m3 SC","19","Atlantic City","1","100.0000","81102","PM10 Total 0-10um STP","12100","Atlantic City-Hammonton, NJ","34","New Jersey","001","Atlantic","39.36326","-74.431"
"02/11/2007","AQS","340011006","1","25","ug/m3 SC","23","Atlantic City","1","100.0000","81102","PM10 Total 0-10um STP","12100","Atlantic City-Hammonton, NJ","34","New Jersey","001","Atlantic","39.36326","-74.431"
"02/17/2007","AQS","340011006","1","19","ug/m3 SC","18","Atlantic City","1","100.0000","81102","PM10 Total 0-10um STP","12100","Atlantic City-Hammonton, NJ","34","New Jersey","001","Atlantic","39.36326","-74.431"
"03/01/2007","AQS","340011006","1","25","ug/m3 SC","23","Atlantic City","1","100.0000","81102","PM10 Total 0-10um STP","12100","Atlantic City-Hammonton, NJ","34","New Jersey","001","Atlantic","39.36326","-74.431"
"03/07/2007","AQS","340011006","1","5","ug/m3 SC","5","Atlantic City","1","100.0000","81102","PM10 Total 0-10um STP","12100","Atlantic City-Hammonton, NJ","34","New Jersey","001","Atlantic","39.36326","-74.431"
"03/13/2007","AQS","340011006","1","18","ug/m3 SC","17","Atlantic City","1","100.0000","81102","PM10 Total 0-10um STP","12100","Atlantic City-Hammonton, NJ","34","New Jersey","001","Atlantic","39.36326","-74.431"
"03/25/2007","AQS","340011006","1","16","ug/m3 SC","15","Atlantic City","1","100.0000","81102","PM10 Total 0-10um STP","12100","Atlantic City-Hammonton, NJ","34","New Jersey","001","Atlantic","39.36326","-74.431"
"03/31/2007","AQS","340011006","1","15","ug/m3 SC","14","Atlantic City","1","100.0000","81102","PM10 Total 0-10um STP","12100","Atlantic City-Hammonton, NJ","34","New Jersey","001","Atlantic","39.36326","-74.431"
"04/06/2007","AQS","340011006","1","12","ug/m3 SC","11","Atlantic City","1","100.0000","81102","PM10 Total 0-10um STP","12100","Atlantic City-Hammonton, NJ","34","New Jersey","001","Atlantic","39.36326","-74.431"
"04/12/2007","AQS","340011006","1","18","ug/m3 SC","17","Atlantic City","1","100.0000","81102","PM10 Total 0-10um STP","12100","Atlantic City-Hammonton, NJ","34","New Jersey","001","Atlantic","39.36326","-74.431"
"04/18/2007","AQS","340011006","1","15","ug/m3 SC","14","Atlantic City","1","100.0000","81102","PM10 Total 0-10um STP","12100","Atlantic City-Hammonton, NJ","34","New Jersey","001","Atlantic","39.36326","-74.431"
"04/24/2007","AQS","340011006","1","38","ug/m3 SC","35","Atlantic City","1","100.0000","81102","PM10 Total 0-10um STP","12100","Atlantic City-Hammonton, NJ","34","New Jersey","001","Atlantic","39.36326","-74.431"
"04/30/2007","AQS","340011006","1","33","ug/m3 SC","31","Atlantic City","1","100.0000","81102","PM10 Total 0-10um STP","12100","Atlantic City-Hammonton, NJ","34","New Jersey","001","Atlantic","39.36326","-74.431"
"05/06/2007","AQS","340011006","1","42","ug/m3 SC","39","Atlantic City","1","100.0000","81102","PM10 Total 0-10um STP","12100","Atlantic City-Hammonton, NJ","34","New Jersey","001","Atlantic","39.36326","-74.431"
"05/12/2007","AQS","340011006","1","26","ug/m3 SC","24","Atlantic City","1","100.0000","81102","PM10 Total 0-10um STP","12100","Atlantic City-Hammonton, NJ","34","New Jersey","001","Atlantic","39.36326","-74.431"
"05/18/2007","AQS","340011006","1","19","ug/m3 SC","18","Atlantic City","1","100.0000","81102","PM10 Total 0-10um STP","12100","Atlantic City-Hammonton, NJ","34","New Jersey","001","Atlantic","39.36326","-74.431"
"05/24/2007","AQS","340011006","1","22","ug/m3 SC","20","Atlantic City","1","100.0000","81102","PM10 Total 0-10um STP","12100","Atlantic City-Hammonton, NJ","34","New Jersey","001","Atlantic","39.36326","-74.431"
"05/30/2007","AQS","340011006","1","22","ug/m3 SC","20","Atlantic City","1","100.0000","81102","PM10 Total 0-10um STP","12100","Atlantic City-Hammonton, NJ","34","New Jersey","001","Atlantic","39.36326","-74.431"
"06/05/2007","AQS","340011006","1","29","ug/m3 SC","27","Atlantic City","1","100.0000","81102","PM10 Total 0-10um STP","12100","Atlantic City-Hammonton, NJ","34","New Jersey","001","Atlantic","39.36326","-74.431"
"06/11/2007","AQS","340011006","1","22","ug/m3 SC","20","Atlantic City","1","100.0000","81102","PM10 Total 0-10um STP","12100","Atlantic City-Hammonton, NJ","34","New Jersey","001","Atlantic","39.36326","-74.431"
"06/17/2007","AQS","340011006","1","34","ug/m3 SC","31","Atlantic City","1","100.0000","81102","PM10 Total 0-10um STP","12100","Atlantic City-Hammonton, NJ","34","New Jersey","001","Atlantic","39.36326","-74.431"
"06/23/2007","AQS","340011006","1","19","ug/m3 SC","18","Atlantic City","1","100.0000","81102","PM10 Total 0-10um STP","12100","Atlantic City-Hammonton, NJ","34","New Jersey","001","Atlantic","39.36326","-74.431"
"06/29/2007","AQS","340011006","1","23","ug/m3 SC","21","Atlantic City","1","100.0000","81102","PM10 Total 0-10um STP","12100","Atlantic City-Hammonton, NJ","34","New Jersey","001","Atlantic","39.36326","-74.431"
"07/05/2007","AQS","340011006","1","42","ug/m3 SC","39","Atlantic City","1","100.0000","81102","PM10 Total 0-10um STP","12100","Atlantic City-Hammonton, NJ","34","New Jersey","001","Atlantic","39.36326","-74.431"
"07/11/2007","AQS","340011006","1","26","ug/m3 SC","24","Atlantic City","1","100.0000","81102","PM10 Total 0-10um STP","12100","Atlantic City-Hammonton, NJ","34","New Jersey","001","Atlantic","39.36326","-74.431"
"07/17/2007","AQS","340011006","1","47","ug/m3 SC","44","Atlantic City","1","100.0000","81102","PM10 Total 0-10um STP","12100","Atlantic City-Hammonton, NJ","34","New Jersey","001","Atlantic","39.36326","-74.431"
"07/23/2007","AQS","340011006","1","11","ug/m3 SC","10","Atlantic City","1","100.0000","81102","PM10 Total 0-10um STP","12100","Atlantic City-Hammonton, NJ","34","New Jersey","001","Atlantic","39.36326","-74.431"
"07/29/2007","AQS","340011006","1","22","ug/m3 SC","20","Atlantic City","1","100.0000","81102","PM10 Total 0-10um STP","12100","Atlantic City-Hammonton, NJ","34","New Jersey","001","Atlantic","39.36326","-74.431"
"08/04/2007","AQS","340011006","1","30","ug/m3 SC","28","Atlantic City","1","100.0000","81102","PM10 Total 0-10um STP","12100","Atlantic City-Hammonton, NJ","34","New Jersey","001","Atlantic","39.36326","-74.431"
"08/10/2007","AQS","340011006","1","69","ug/m3 SC","58","Atlantic City","1","100.0000","81102","PM10 Total 0-10um STP","12100","Atlantic City-Hammonton, NJ","34","New Jersey","001","Atlantic","39.36326","-74.431"
"08/16/2007","AQS","340011006","1","39","ug/m3 SC","36","Atlantic City","1","100.0000","81102","PM10 Total 0-10um STP","12100","Atlantic City-Hammonton, NJ","34","New Jersey","001","Atlantic","39.36326","-74.431"
"08/28/2007","AQS","340011006","1","12","ug/m3 SC","11","Atlantic City","1","100.0000","81102","PM10 Total 0-10um STP","12100","Atlantic City-Hammonton, NJ","34","New Jersey","001","Atlantic","39.36326","-74.431"
"09/03/2007","AQS","340011006","1","20","ug/m3 SC","19","Atlantic City","1","100.0000","81102","PM10 Total 0-10um STP","12100","Atlantic City-Hammonton, NJ","34","New Jersey","001","Atlantic","39.36326","-74.431"
"09/09/2007","AQS","340011006","1","15","ug/m3 SC","14","Atlantic City","1","100.0000","81102","PM10 Total 0-10um STP","12100","Atlantic City-Hammonton, NJ","34","New Jersey","001","Atlantic","39.36326","-74.431"
"09/15/2007","AQS","340011006","1","9","ug/m3 SC","8","Atlantic City","1","100.0000","81102","PM10 Total 0-10um STP","12100","Atlantic City-Hammonton, NJ","34","New Jersey","001","Atlantic","39.36326","-74.431"
"09/21/2007","AQS","340011006","1","20","ug/m3 SC","19","Atlantic City","1","100.0000","81102","PM10 Total 0-10um STP","12100","Atlantic City-Hammonton, NJ","34","New Jersey","001","Atlantic","39.36326","-74.431"
"09/27/2007","AQS","340011006","1","13","ug/m3 SC","12","Atlantic City","1","100.0000","81102","PM10 Total 0-10um STP","12100","Atlantic City-Hammonton, NJ","34","New Jersey","001","Atlantic","39.36326","-74.431"
"10/03/2007","AQS","340011006","1","12","ug/m3 SC","11","Atlantic City","1","100.0000","81102","PM10 Total 0-10um STP","12100","Atlantic City-Hammonton, NJ","34","New Jersey","001","Atlantic","39.36326","-74.431"
"10/09/2007","AQS","340011006","1","35","ug/m3 SC","32","Atlantic City","1","100.0000","81102","PM10 Total 0-10um STP","12100","Atlantic City-Hammonton, NJ","34","New Jersey","001","Atlantic","39.36326","-74.431"
"10/15/2007","AQS","340011006","1","10","ug/m3 SC","9","Atlantic City","1","100.0000","81102","PM10 Total 0-10um STP","12100","Atlantic City-Hammonton, NJ","34","New Jersey","001","Atlantic","39.36326","-74.431"
"10/21/2007","AQS","340011006","1","14","ug/m3 SC","13","Atlantic City","1","100.0000","81102","PM10 Total 0-10um STP","12100","Atlantic City-Hammonton, NJ","34","New Jersey","001","Atlantic","39.36326","-74.431"
"10/27/2007","AQS","340011006","1","14","ug/m3 SC","13","Atlantic City","1","100.0000","81102","PM10 Total 0-10um STP","12100","Atlantic City-Hammonton, NJ","34","New Jersey","001","Atlantic","39.36326","-74.431"
"11/02/2007","AQS","340011006","1","17","ug/m3 SC","16","Atlantic City","1","100.0000","81102","PM10 Total 0-10um STP","12100","Atlantic City-Hammonton, NJ","34","New Jersey","001","Atlantic","39.36326","-74.431"
"11/08/2007","AQS","340011006","1","12","ug/m3 SC","11","Atlantic City","1","100.0000","81102","PM10 Total 0-10um STP","12100","Atlantic City-Hammonton, NJ","34","New Jersey","001","Atlantic","39.36326","-74.431"
"11/14/2007","AQS","340011006","1","26","ug/m3 SC","24","Atlantic City","1","100.0000","81102","PM10 Total 0-10um STP","12100","Atlantic City-Hammonton, NJ","34","New Jersey","001","Atlantic","39.36326","-74.431"
"11/20/2007","AQS","340011006","1","18","ug/m3 SC","17","Atlantic City","1","100.0000","81102","PM10 Total 0-10um STP","12100","Atlantic City-Hammonton, NJ","34","New Jersey","001","Atlantic","39.36326","-74.431"
"11/26/2007","AQS","340011006","1","9","ug/m3 SC","8","Atlantic City","1","100.0000","81102","PM10 Total 0-10um STP","12100","Atlantic City-Hammonton, NJ","34","New Jersey","001","Atlantic","39.36326","-74.431"
"12/02/2007","AQS","340011006","1","8","ug/m3 SC","7","Atlantic City","1","100.0000","81102","PM10 Total 0-10um STP","12100","Atlantic City-Hammonton, NJ","34","New Jersey","001","Atlantic","39.36326","-74.431"
"12/08/2007","AQS","340011006","1","14","ug/m3 SC","13","Atlantic City","1","100.0000","81102","PM10 Total 0-10um STP","12100","Atlantic City-Hammonton, NJ","34","New Jersey","001","Atlantic","39.36326","-74.431"
"12/14/2007","AQS","340011006","1","11","ug/m3 SC","10","Atlantic City","1","100.0000","81102","PM10 Total 0-10um STP","12100","Atlantic City-Hammonton, NJ","34","New Jersey","001","Atlantic","39.36326","-74.431"
"12/20/2007","AQS","340011006","1","21","ug/m3 SC","19","Atlantic City","1","100.0000","81102","PM10 Total 0-10um STP","12100","Atlantic City-Hammonton, NJ","34","New Jersey","001","Atlantic","39.36326","-74.431"
"12/26/2007","AQS","340011006","1","7","ug/m3 SC","6","Atlantic City","1","100.0000","81102","PM10 Total 0-10um STP","12100","Atlantic City-Hammonton, NJ","34","New Jersey","001","Atlantic","39.36326","-74.431"
"01/06/2007","AQS","340030004","2","9","ug/m3 SC","8","FORT LEE","1","100.0000","81102","PM10 Total 0-10um STP","35620","New York-Newark-Jersey City, NY-NJ-PA","34","New Jersey","003","Bergen","40.854583","-73.967772"
"01/12/2007","AQS","340030004","2","27","ug/m3 SC","25","FORT LEE","1","100.0000","81102","PM10 Total 0-10um STP","35620","New York-Newark-Jersey City, NY-NJ-PA","34","New Jersey","003","Bergen","40.854583","-73.967772"
"01/18/2007","AQS","340030004","2","36","ug/m3 SC","33","FORT LEE","1","100.0000","81102","PM10 Total 0-10um STP","35620","New York-Newark-Jersey City, NY-NJ-PA","34","New Jersey","003","Bergen","40.854583","-73.967772"
"01/24/2007","AQS","340030004","2","30","ug/m3 SC","28","FORT LEE","1","100.0000","81102","PM10 Total 0-10um STP","35620","New York-Newark-Jersey City, NY-NJ-PA","34","New Jersey","003","Bergen","40.854583","-73.967772"
"01/30/2007","AQS","340030004","2","50","ug/m3 SC","46","FORT LEE","1","100.0000","81102","PM10 Total 0-10um STP","35620","New York-Newark-Jersey City, NY-NJ-PA","34","New Jersey","003","Bergen","40.854583","-73.967772"
"02/05/2007","AQS","340030004","2","34","ug/m3 SC","31","FORT LEE","1","100.0000","81102","PM10 Total 0-10um STP","35620","New York-Newark-Jersey City, NY-NJ-PA","34","New Jersey","003","Bergen","40.854583","-73.967772"
"02/11/2007","AQS","340030004","2","23","ug/m3 SC","21","FORT LEE","1","100.0000","81102","PM10 Total 0-10um STP","35620","New York-Newark-Jersey City, NY-NJ-PA","34","New Jersey","003","Bergen","40.854583","-73.967772"
"02/17/2007","AQS","340030004","2","52","ug/m3 SC","48","FORT LEE","1","100.0000","81102","PM10 Total 0-10um STP","35620","New York-Newark-Jersey City, NY-NJ-PA","34","New Jersey","003","Bergen","40.854583","-73.967772"
"02/23/2007","AQS","340030004","2","29","ug/m3 SC","27","FORT LEE","1","100.0000","81102","PM10 Total 0-10um STP","35620","New York-Newark-Jersey City, NY-NJ-PA","34","New Jersey","003","Bergen","40.854583","-73.967772"
"03/01/2007","AQS","340030004","2","48","ug/m3 SC","44","FORT LEE","1","100.0000","81102","PM10 Total 0-10um STP","35620","New York-Newark-Jersey City, NY-NJ-PA","34","New Jersey","003","Bergen","40.854583","-73.967772"
"03/07/2007","AQS","340030004","2","43","ug/m3 SC","40","FORT LEE","1","100.0000","81102","PM10 Total 0-10um STP","35620","New York-Newark-Jersey City, NY-NJ-PA","34","New Jersey","003","Bergen","40.854583","-73.967772"
"03/13/2007","AQS","340030004","2","56","ug/m3 SC","51","FORT LEE","1","100.0000","81102","PM10 Total 0-10um STP","35620","New York-Newark-Jersey City, NY-NJ-PA","34","New Jersey","003","Bergen","40.854583","-73.967772"
"03/19/2007","AQS","340030004","2","36","ug/m3 SC","33","FORT LEE","1","100.0000","81102","PM10 Total 0-10um STP","35620","New York-Newark-Jersey City, NY-NJ-PA","34","New Jersey","003","Bergen","40.854583","-73.967772"
"03/25/2007","AQS","340030004","2","23","ug/m3 SC","21","FORT LEE","1","100.0000","81102","PM10 Total 0-10um STP","35620","New York-Newark-Jersey City, NY-NJ-PA","34","New Jersey","003","Bergen","40.854583","-73.967772"
"03/31/2007","AQS","340030004","2","28","ug/m3 SC","26","FORT LEE","1","100.0000","81102","PM10 Total 0-10um STP","35620","New York-Newark-Jersey City, NY-NJ-PA","34","New Jersey","003","Bergen","40.854583","-73.967772"
"04/06/2007","AQS","340030004","2","20","ug/m3 SC","19","FORT LEE","1","100.0000","81102","PM10 Total 0-10um STP","35620","New York-Newark-Jersey City, NY-NJ-PA","34","New Jersey","003","Bergen","40.854583","-73.967772"
"04/12/2007","AQS","340030004","2","26","ug/m3 SC","24","FORT LEE","1","100.0000","81102","PM10 Total 0-10um STP","35620","New York-Newark-Jersey City, NY-NJ-PA","34","New Jersey","003","Bergen","40.854583","-73.967772"
"04/18/2007","AQS","340030004","2","14","ug/m3 SC","13","FORT LEE","1","100.0000","81102","PM10 Total 0-10um STP","35620","New York-Newark-Jersey City, NY-NJ-PA","34","New Jersey","003","Bergen","40.854583","-73.967772"
"04/30/2007","AQS","340030004","2","38","ug/m3 SC","35","FORT LEE","1","100.0000","81102","PM10 Total 0-10um STP","35620","New York-Newark-Jersey City, NY-NJ-PA","34","New Jersey","003","Bergen","40.854583","-73.967772"
"05/06/2007","AQS","340030004","2","48","ug/m3 SC","44","FORT LEE","1","100.0000","81102","PM10 Total 0-10um STP","35620","New York-Newark-Jersey City, NY-NJ-PA","34","New Jersey","003","Bergen","40.854583","-73.967772"
"05/12/2007","AQS","340030004","2","35","ug/m3 SC","32","FORT LEE","1","100.0000","81102","PM10 Total 0-10um STP","35620","New York-Newark-Jersey City, NY-NJ-PA","34","New Jersey","003","Bergen","40.854583","-73.967772"
"05/18/2007","AQS","340030004","2","25","ug/m3 SC","23","FORT LEE","1","100.0000","81102","PM10 Total 0-10um STP","35620","New York-Newark-Jersey City, NY-NJ-PA","34","New Jersey","003","Bergen","40.854583","-73.967772"
"05/24/2007","AQS","340030004","2","53","ug/m3 SC","49","FORT LEE","1","100.0000","81102","PM10 Total 0-10um STP","35620","New York-Newark-Jersey City, NY-NJ-PA","34","New Jersey","003","Bergen","40.854583","-73.967772"
"05/30/2007","AQS","340030004","2","25","ug/m3 SC","23","FORT LEE","1","100.0000","81102","PM10 Total 0-10um STP","35620","New York-Newark-Jersey City, NY-NJ-PA","34","New Jersey","003","Bergen","40.854583","-73.967772"
"06/05/2007","AQS","340030004","2","6","ug/m3 SC","6","FORT LEE","1","100.0000","81102","PM10 Total 0-10um STP","35620","New York-Newark-Jersey City, NY-NJ-PA","34","New Jersey","003","Bergen","40.854583","-73.967772"
"06/11/2007","AQS","340030004","2","36","ug/m3 SC","33","FORT LEE","1","100.0000","81102","PM10 Total 0-10um STP","35620","New York-Newark-Jersey City, NY-NJ-PA","34","New Jersey","003","Bergen","40.854583","-73.967772"
"06/17/2007","AQS","340030004","2","42","ug/m3 SC","39","FORT LEE","1","100.0000","81102","PM10 Total 0-10um STP","35620","New York-Newark-Jersey City, NY-NJ-PA","34","New Jersey","003","Bergen","40.854583","-73.967772"
"06/23/2007","AQS","340030004","2","24","ug/m3 SC","22","FORT LEE","1","100.0000","81102","PM10 Total 0-10um STP","35620","New York-Newark-Jersey City, NY-NJ-PA","34","New Jersey","003","Bergen","40.854583","-73.967772"
"06/29/2007","AQS","340030004","2","33","ug/m3 SC","31","FORT LEE","1","100.0000","81102","PM10 Total 0-10um STP","35620","New York-Newark-Jersey City, NY-NJ-PA","34","New Jersey","003","Bergen","40.854583","-73.967772"
"07/05/2007","AQS","340030004","2","37","ug/m3 SC","34","FORT LEE","1","100.0000","81102","PM10 Total 0-10um STP","35620","New York-Newark-Jersey City, NY-NJ-PA","34","New Jersey","003","Bergen","40.854583","-73.967772"
"07/11/2007","AQS","340030004","2","40","ug/m3 SC","37","FORT LEE","1","100.0000","81102","PM10 Total 0-10um STP","35620","New York-Newark-Jersey City, NY-NJ-PA","34","New Jersey","003","Bergen","40.854583","-73.967772"
"07/17/2007","AQS","340030004","2","59","ug/m3 SC","53","FORT LEE","1","100.0000","81102","PM10 Total 0-10um STP","35620","New York-Newark-Jersey City, NY-NJ-PA","34","New Jersey","003","Bergen","40.854583","-73.967772"
"07/23/2007","AQS","340030004","2","20","ug/m3 SC","19","FORT LEE","1","100.0000","81102","PM10 Total 0-10um STP","35620","New York-Newark-Jersey City, NY-NJ-PA","34","New Jersey","003","Bergen","40.854583","-73.967772"
"07/29/2007","AQS","340030004","2","57","ug/m3 SC","52","FORT LEE","1","100.0000","81102","PM10 Total 0-10um STP","35620","New York-Newark-Jersey City, NY-NJ-PA","34","New Jersey","003","Bergen","40.854583","-73.967772"
"08/04/2007","AQS","340030004","2","41","ug/m3 SC","38","FORT LEE","1","100.0000","81102","PM10 Total 0-10um STP","35620","New York-Newark-Jersey City, NY-NJ-PA","34","New Jersey","003","Bergen","40.854583","-73.967772"
"08/10/2007","AQS","340030004","2","20","ug/m3 SC","19","FORT LEE","1","100.0000","81102","PM10 Total 0-10um STP","35620","New York-Newark-Jersey City, NY-NJ-PA","34","New Jersey","003","Bergen","40.854583","-73.967772"
"08/16/2007","AQS","340030004","2","73","ug/m3 SC","60","FORT LEE","1","100.0000","81102","PM10 Total 0-10um STP","35620","New York-Newark-Jersey City, NY-NJ-PA","34","New Jersey","003","Bergen","40.854583","-73.967772"
"08/22/2007","AQS","340030004","2","30","ug/m3 SC","28","FORT LEE","1","100.0000","81102","PM10 Total 0-10um STP","35620","New York-Newark-Jersey City, NY-NJ-PA","34","New Jersey","003","Bergen","40.854583","-73.967772"
"08/28/2007","AQS","340030004","2","38","ug/m3 SC","35","FORT LEE","1","100.0000","81102","PM10 Total 0-10um STP","35620","New York-Newark-Jersey City, NY-NJ-PA","34","New Jersey","003","Bergen","40.854583","-73.967772"
"09/03/2007","AQS","340030004","2","49","ug/m3 SC","45","FORT LEE","1","100.0000","81102","PM10 Total 0-10um STP","35620","New York-Newark-Jersey City, NY-NJ-PA","34","New Jersey","003","Bergen","40.854583","-73.967772"
"09/09/2007","AQS","340030004","2","26","ug/m3 SC","24","FORT LEE","1","100.0000","81102","PM10 Total 0-10um STP","35620","New York-Newark-Jersey City, NY-NJ-PA","34","New Jersey","003","Bergen","40.854583","-73.967772"
"09/15/2007","AQS","340030004","2","11","ug/m3 SC","10","FORT LEE","1","100.0000","81102","PM10 Total 0-10um STP","35620","New York-Newark-Jersey City, NY-NJ-PA","34","New Jersey","003","Bergen","40.854583","-73.967772"
"09/21/2007","AQS","340030004","2","31","ug/m3 SC","29","FORT LEE","1","100.0000","81102","PM10 Total 0-10um STP","35620","New York-Newark-Jersey City, NY-NJ-PA","34","New Jersey","003","Bergen","40.854583","-73.967772"
"09/27/2007","AQS","340030004","2","38","ug/m3 SC","35","FORT LEE","1","100.0000","81102","PM10 Total 0-10um STP","35620","New York-Newark-Jersey City, NY-NJ-PA","34","New Jersey","003","Bergen","40.854583","-73.967772"
"10/03/2007","AQS","340030004","2","32","ug/m3 SC","30","FORT LEE","1","100.0000","81102","PM10 Total 0-10um STP","35620","New York-Newark-Jersey City, NY-NJ-PA","34","New Jersey","003","Bergen","40.854583","-73.967772"
"10/09/2007","AQS","340030004","2","33","ug/m3 SC","31","FORT LEE","1","100.0000","81102","PM10 Total 0-10um STP","35620","New York-Newark-Jersey City, NY-NJ-PA","34","New Jersey","003","Bergen","40.854583","-73.967772"
"10/15/2007","AQS","340030004","2","17","ug/m3 SC","16","FORT LEE","1","100.0000","81102","PM10 Total 0-10um STP","35620","New York-Newark-Jersey City, NY-NJ-PA","34","New Jersey","003","Bergen","40.854583","-73.967772"
"10/21/2007","AQS","340030004","2","20","ug/m3 SC","19","FORT LEE","1","100.0000","81102","PM10 Total 0-10um STP","35620","New York-Newark-Jersey City, NY-NJ-PA","34","New Jersey","003","Bergen","40.854583","-73.967772"
"11/02/2007","AQS","340030004","2","21","ug/m3 SC","19","FORT LEE","1","100.0000","81102","PM10 Total 0-10um STP","35620","New York-Newark-Jersey City, NY-NJ-PA","34","New Jersey","003","Bergen","40.854583","-73.967772"
"11/08/2007","AQS","340030004","2","30","ug/m3 SC","28","FORT LEE","1","100.0000","81102","PM10 Total 0-10um STP","35620","New York-Newark-Jersey City, NY-NJ-PA","34","New Jersey","003","Bergen","40.854583","-73.967772"
"11/14/2007","AQS","340030004","2","41","ug/m3 SC","38","FORT LEE","1","100.0000","81102","PM10 Total 0-10um STP","35620","New York-Newark-Jersey City, NY-NJ-PA","34","New Jersey","003","Bergen","40.854583","-73.967772"
"11/20/2007","AQS","340030004","2","21","ug/m3 SC","19","FORT LEE","1","100.0000","81102","PM10 Total 0-10um STP","35620","New York-Newark-Jersey City, NY-NJ-PA","34","New Jersey","003","Bergen","40.854583","-73.967772"
"11/26/2007","AQS","340030004","2","36","ug/m3 SC","33","FORT LEE","1","100.0000","81102","PM10 Total 0-10um STP","35620","New York-Newark-Jersey City, NY-NJ-PA","34","New Jersey","003","Bergen","40.854583","-73.967772"
"12/02/2007","AQS","340030004","2","30","ug/m3 SC","28","FORT LEE","1","100.0000","81102","PM10 Total 0-10um STP","35620","New York-Newark-Jersey City, NY-NJ-PA","34","New Jersey","003","Bergen","40.854583","-73.967772"
"12/08/2007","AQS","340030004","2","32","ug/m3 SC","30","FORT LEE","1","100.0000","81102","PM10 Total 0-10um STP","35620","New York-Newark-Jersey City, NY-NJ-PA","34","New Jersey","003","Bergen","40.854583","-73.967772"
"12/14/2007","AQS","340030004","2","25","ug/m3 SC","23","FORT LEE","1","100.0000","81102","PM10 Total 0-10um STP","35620","New York-Newark-Jersey City, NY-NJ-PA","34","New Jersey","003","Bergen","40.854583","-73.967772"
"12/20/2007","AQS","340030004","2","26","ug/m3 SC","24","FORT LEE","1","100.0000","81102","PM10 Total 0-10um STP","35620","New York-Newark-Jersey City, NY-NJ-PA","34","New Jersey","003","Bergen","40.854583","-73.967772"
"12/26/2007","AQS","340030004","2","25","ug/m3 SC","23","FORT LEE","1","100.0000","81102","PM10 Total 0-10um STP","35620","New York-Newark-Jersey City, NY-NJ-PA","34","New Jersey","003","Bergen","40.854583","-73.967772"
"01/06/2007","AQS","340070003","2","8","ug/m3 SC","7","CAMDEN LAB","1","100.0000","81102","PM10 Total 0-10um STP","37980","Philadelphia-Camden-Wilmington, PA-NJ-DE-MD","34","New Jersey","007","Camden","39.923042","-75.097617"
"01/12/2007","AQS","340070003","2","12","ug/m3 SC","11","CAMDEN LAB","1","100.0000","81102","PM10 Total 0-10um STP","37980","Philadelphia-Camden-Wilmington, PA-NJ-DE-MD","34","New Jersey","007","Camden","39.923042","-75.097617"
"01/18/2007","AQS","340070003","2","11","ug/m3 SC","10","CAMDEN LAB","1","100.0000","81102","PM10 Total 0-10um STP","37980","Philadelphia-Camden-Wilmington, PA-NJ-DE-MD","34","New Jersey","007","Camden","39.923042","-75.097617"
"01/30/2007","AQS","340070003","2","24","ug/m3 SC","22","CAMDEN LAB","1","100.0000","81102","PM10 Total 0-10um STP","37980","Philadelphia-Camden-Wilmington, PA-NJ-DE-MD","34","New Jersey","007","Camden","39.923042","-75.097617"
"02/05/2007","AQS","340070003","2","21","ug/m3 SC","19","CAMDEN LAB","1","100.0000","81102","PM10 Total 0-10um STP","37980","Philadelphia-Camden-Wilmington, PA-NJ-DE-MD","34","New Jersey","007","Camden","39.923042","-75.097617"
"02/11/2007","AQS","340070003","2","28","ug/m3 SC","26","CAMDEN LAB","1","100.0000","81102","PM10 Total 0-10um STP","37980","Philadelphia-Camden-Wilmington, PA-NJ-DE-MD","34","New Jersey","007","Camden","39.923042","-75.097617"
"02/17/2007","AQS","340070003","2","25","ug/m3 SC","23","CAMDEN LAB","1","100.0000","81102","PM10 Total 0-10um STP","37980","Philadelphia-Camden-Wilmington, PA-NJ-DE-MD","34","New Jersey","007","Camden","39.923042","-75.097617"
"02/23/2007","AQS","340070003","2","11","ug/m3 SC","10","CAMDEN LAB","1","100.0000","81102","PM10 Total 0-10um STP","37980","Philadelphia-Camden-Wilmington, PA-NJ-DE-MD","34","New Jersey","007","Camden","39.923042","-75.097617"
"03/01/2007","AQS","340070003","2","26","ug/m3 SC","24","CAMDEN LAB","1","100.0000","81102","PM10 Total 0-10um STP","37980","Philadelphia-Camden-Wilmington, PA-NJ-DE-MD","34","New Jersey","007","Camden","39.923042","-75.097617"
"03/07/2007","AQS","340070003","2","19","ug/m3 SC","18","CAMDEN LAB","1","100.0000","81102","PM10 Total 0-10um STP","37980","Philadelphia-Camden-Wilmington, PA-NJ-DE-MD","34","New Jersey","007","Camden","39.923042","-75.097617"
"03/13/2007","AQS","340070003","2","36","ug/m3 SC","33","CAMDEN LAB","1","100.0000","81102","PM10 Total 0-10um STP","37980","Philadelphia-Camden-Wilmington, PA-NJ-DE-MD","34","New Jersey","007","Camden","39.923042","-75.097617"
"03/19/2007","AQS","340070003","2","18","ug/m3 SC","17","CAMDEN LAB","1","100.0000","81102","PM10 Total 0-10um STP","37980","Philadelphia-Camden-Wilmington, PA-NJ-DE-MD","34","New Jersey","007","Camden","39.923042","-75.097617"
"03/31/2007","AQS","340070003","2","15","ug/m3 SC","14","CAMDEN LAB","1","100.0000","81102","PM10 Total 0-10um STP","37980","Philadelphia-Camden-Wilmington, PA-NJ-DE-MD","34","New Jersey","007","Camden","39.923042","-75.097617"
"04/18/2007","AQS","340070003","2","9","ug/m3 SC","8","CAMDEN LAB","1","100.0000","81102","PM10 Total 0-10um STP","37980","Philadelphia-Camden-Wilmington, PA-NJ-DE-MD","34","New Jersey","007","Camden","39.923042","-75.097617"
"05/12/2007","AQS","340070003","2","32","ug/m3 SC","30","CAMDEN LAB","1","100.0000","81102","PM10 Total 0-10um STP","37980","Philadelphia-Camden-Wilmington, PA-NJ-DE-MD","34","New Jersey","007","Camden","39.923042","-75.097617"
"05/18/2007","AQS","340070003","2","17","ug/m3 SC","16","CAMDEN LAB","1","100.0000","81102","PM10 Total 0-10um STP","37980","Philadelphia-Camden-Wilmington, PA-NJ-DE-MD","34","New Jersey","007","Camden","39.923042","-75.097617"
"05/24/2007","AQS","340070003","2","31","ug/m3 SC","29","CAMDEN LAB","1","100.0000","81102","PM10 Total 0-10um STP","37980","Philadelphia-Camden-Wilmington, PA-NJ-DE-MD","34","New Jersey","007","Camden","39.923042","-75.097617"
"05/30/2007","AQS","340070003","2","28","ug/m3 SC","26","CAMDEN LAB","1","100.0000","81102","PM10 Total 0-10um STP","37980","Philadelphia-Camden-Wilmington, PA-NJ-DE-MD","34","New Jersey","007","Camden","39.923042","-75.097617"
"06/05/2007","AQS","340070003","2","28","ug/m3 SC","26","CAMDEN LAB","1","100.0000","81102","PM10 Total 0-10um STP","37980","Philadelphia-Camden-Wilmington, PA-NJ-DE-MD","34","New Jersey","007","Camden","39.923042","-75.097617"
"06/11/2007","AQS","340070003","2","24","ug/m3 SC","22","CAMDEN LAB","1","100.0000","81102","PM10 Total 0-10um STP","37980","Philadelphia-Camden-Wilmington, PA-NJ-DE-MD","34","New Jersey","007","Camden","39.923042","-75.097617"
"06/17/2007","AQS","340070003","2","35","ug/m3 SC","32","CAMDEN LAB","1","100.0000","81102","PM10 Total 0-10um STP","37980","Philadelphia-Camden-Wilmington, PA-NJ-DE-MD","34","New Jersey","007","Camden","39.923042","-75.097617"
"06/23/2007","AQS","340070003","2","16","ug/m3 SC","15","CAMDEN LAB","1","100.0000","81102","PM10 Total 0-10um STP","37980","Philadelphia-Camden-Wilmington, PA-NJ-DE-MD","34","New Jersey","007","Camden","39.923042","-75.097617"
"06/29/2007","AQS","340070003","2","22","ug/m3 SC","20","CAMDEN LAB","1","100.0000","81102","PM10 Total 0-10um STP","37980","Philadelphia-Camden-Wilmington, PA-NJ-DE-MD","34","New Jersey","007","Camden","39.923042","-75.097617"
"07/05/2007","AQS","340070003","2","34","ug/m3 SC","31","CAMDEN LAB","1","100.0000","81102","PM10 Total 0-10um STP","37980","Philadelphia-Camden-Wilmington, PA-NJ-DE-MD","34","New Jersey","007","Camden","39.923042","-75.097617"
"07/11/2007","AQS","340070003","2","32","ug/m3 SC","30","CAMDEN LAB","1","100.0000","81102","PM10 Total 0-10um STP","37980","Philadelphia-Camden-Wilmington, PA-NJ-DE-MD","34","New Jersey","007","Camden","39.923042","-75.097617"
"07/17/2007","AQS","340070003","2","38","ug/m3 SC","35","CAMDEN LAB","1","100.0000","81102","PM10 Total 0-10um STP","37980","Philadelphia-Camden-Wilmington, PA-NJ-DE-MD","34","New Jersey","007","Camden","39.923042","-75.097617"
"07/23/2007","AQS","340070003","2","12","ug/m3 SC","11","CAMDEN LAB","1","100.0000","81102","PM10 Total 0-10um STP","37980","Philadelphia-Camden-Wilmington, PA-NJ-DE-MD","34","New Jersey","007","Camden","39.923042","-75.097617"
"07/29/2007","AQS","340070003","2","30","ug/m3 SC","28","CAMDEN LAB","1","100.0000","81102","PM10 Total 0-10um STP","37980","Philadelphia-Camden-Wilmington, PA-NJ-DE-MD","34","New Jersey","007","Camden","39.923042","-75.097617"
"08/04/2007","AQS","340070003","2","47","ug/m3 SC","44","CAMDEN LAB","1","100.0000","81102","PM10 Total 0-10um STP","37980","Philadelphia-Camden-Wilmington, PA-NJ-DE-MD","34","New Jersey","007","Camden","39.923042","-75.097617"
"08/10/2007","AQS","340070003","2","19","ug/m3 SC","18","CAMDEN LAB","1","100.0000","81102","PM10 Total 0-10um STP","37980","Philadelphia-Camden-Wilmington, PA-NJ-DE-MD","34","New Jersey","007","Camden","39.923042","-75.097617"
"08/16/2007","AQS","340070003","2","38","ug/m3 SC","35","CAMDEN LAB","1","100.0000","81102","PM10 Total 0-10um STP","37980","Philadelphia-Camden-Wilmington, PA-NJ-DE-MD","34","New Jersey","007","Camden","39.923042","-75.097617"
"08/22/2007","AQS","340070003","2","7","ug/m3 SC","6","CAMDEN LAB","1","100.0000","81102","PM10 Total 0-10um STP","37980","Philadelphia-Camden-Wilmington, PA-NJ-DE-MD","34","New Jersey","007","Camden","39.923042","-75.097617"
"08/28/2007","AQS","340070003","2","18","ug/m3 SC","17","CAMDEN LAB","1","100.0000","81102","PM10 Total 0-10um STP","37980","Philadelphia-Camden-Wilmington, PA-NJ-DE-MD","34","New Jersey","007","Camden","39.923042","-75.097617"
"09/03/2007","AQS","340070003","2","26","ug/m3 SC","24","CAMDEN LAB","1","100.0000","81102","PM10 Total 0-10um STP","37980","Philadelphia-Camden-Wilmington, PA-NJ-DE-MD","34","New Jersey","007","Camden","39.923042","-75.097617"
"09/15/2007","AQS","340070003","2","8","ug/m3 SC","7","CAMDEN LAB","1","100.0000","81102","PM10 Total 0-10um STP","37980","Philadelphia-Camden-Wilmington, PA-NJ-DE-MD","34","New Jersey","007","Camden","39.923042","-75.097617"
"09/21/2007","AQS","340070003","2","28","ug/m3 SC","26","CAMDEN LAB","1","100.0000","81102","PM10 Total 0-10um STP","37980","Philadelphia-Camden-Wilmington, PA-NJ-DE-MD","34","New Jersey","007","Camden","39.923042","-75.097617"
"10/03/2007","AQS","340070003","2","14","ug/m3 SC","13","CAMDEN LAB","1","100.0000","81102","PM10 Total 0-10um STP","37980","Philadelphia-Camden-Wilmington, PA-NJ-DE-MD","34","New Jersey","007","Camden","39.923042","-75.097617"
"10/09/2007","AQS","340070003","2","34","ug/m3 SC","31","CAMDEN LAB","1","100.0000","81102","PM10 Total 0-10um STP","37980","Philadelphia-Camden-Wilmington, PA-NJ-DE-MD","34","New Jersey","007","Camden","39.923042","-75.097617"
"10/15/2007","AQS","340070003","2","16","ug/m3 SC","15","CAMDEN LAB","1","100.0000","81102","PM10 Total 0-10um STP","37980","Philadelphia-Camden-Wilmington, PA-NJ-DE-MD","34","New Jersey","007","Camden","39.923042","-75.097617"
"10/21/2007","AQS","340070003","2","16","ug/m3 SC","15","CAMDEN LAB","1","100.0000","81102","PM10 Total 0-10um STP","37980","Philadelphia-Camden-Wilmington, PA-NJ-DE-MD","34","New Jersey","007","Camden","39.923042","-75.097617"
"10/27/2007","AQS","340070003","2","8","ug/m3 SC","7","CAMDEN LAB","1","100.0000","81102","PM10 Total 0-10um STP","37980","Philadelphia-Camden-Wilmington, PA-NJ-DE-MD","34","New Jersey","007","Camden","39.923042","-75.097617"
"11/02/2007","AQS","340070003","2","11","ug/m3 SC","10","CAMDEN LAB","1","100.0000","81102","PM10 Total 0-10um STP","37980","Philadelphia-Camden-Wilmington, PA-NJ-DE-MD","34","New Jersey","007","Camden","39.923042","-75.097617"
"11/08/2007","AQS","340070003","2","14","ug/m3 SC","13","CAMDEN LAB","1","100.0000","81102","PM10 Total 0-10um STP","37980","Philadelphia-Camden-Wilmington, PA-NJ-DE-MD","34","New Jersey","007","Camden","39.923042","-75.097617"
"11/14/2007","AQS","340070003","2","22","ug/m3 SC","20","CAMDEN LAB","1","100.0000","81102","PM10 Total 0-10um STP","37980","Philadelphia-Camden-Wilmington, PA-NJ-DE-MD","34","New Jersey","007","Camden","39.923042","-75.097617"
"11/20/2007","AQS","340070003","2","14","ug/m3 SC","13","CAMDEN LAB","1","100.0000","81102","PM10 Total 0-10um STP","37980","Philadelphia-Camden-Wilmington, PA-NJ-DE-MD","34","New Jersey","007","Camden","39.923042","-75.097617"
"11/26/2007","AQS","340070003","2","12","ug/m3 SC","11","CAMDEN LAB","1","100.0000","81102","PM10 Total 0-10um STP","37980","Philadelphia-Camden-Wilmington, PA-NJ-DE-MD","34","New Jersey","007","Camden","39.923042","-75.097617"
"12/02/2007","AQS","340070003","2","6","ug/m3 SC","6","CAMDEN LAB","1","100.0000","81102","PM10 Total 0-10um STP","37980","Philadelphia-Camden-Wilmington, PA-NJ-DE-MD","34","New Jersey","007","Camden","39.923042","-75.097617"
"12/08/2007","AQS","340070003","2","42","ug/m3 SC","39","CAMDEN LAB","1","100.0000","81102","PM10 Total 0-10um STP","37980","Philadelphia-Camden-Wilmington, PA-NJ-DE-MD","34","New Jersey","007","Camden","39.923042","-75.097617"
"12/14/2007","AQS","340070003","2","16","ug/m3 SC","15","CAMDEN LAB","1","100.0000","81102","PM10 Total 0-10um STP","37980","Philadelphia-Camden-Wilmington, PA-NJ-DE-MD","34","New Jersey","007","Camden","39.923042","-75.097617"
"12/26/2007","AQS","340070003","2","31","ug/m3 SC","29","CAMDEN LAB","1","100.0000","81102","PM10 Total 0-10um STP","37980","Philadelphia-Camden-Wilmington, PA-NJ-DE-MD","34","New Jersey","007","Camden","39.923042","-75.097617"
"01/06/2007","AQS","340070009","1","13","ug/m3 SC","12","Camden RRF","1","100.0000","81102","PM10 Total 0-10um STP","37980","Philadelphia-Camden-Wilmington, PA-NJ-DE-MD","34","New Jersey","007","Camden","39.912431","-75.116864"
"01/12/2007","AQS","340070009","1","20","ug/m3 SC","19","Camden RRF","1","100.0000","81102","PM10 Total 0-10um STP","37980","Philadelphia-Camden-Wilmington, PA-NJ-DE-MD","34","New Jersey","007","Camden","39.912431","-75.116864"
"01/18/2007","AQS","340070009","1","52","ug/m3 SC","48","Camden RRF","1","100.0000","81102","PM10 Total 0-10um STP","37980","Philadelphia-Camden-Wilmington, PA-NJ-DE-MD","34","New Jersey","007","Camden","39.912431","-75.116864"
"01/24/2007","AQS","340070009","1","94","ug/m3 SC","70","Camden RRF","1","100.0000","81102","PM10 Total 0-10um STP","37980","Philadelphia-Camden-Wilmington, PA-NJ-DE-MD","34","New Jersey","007","Camden","39.912431","-75.116864"
"01/30/2007","AQS","340070009","1","30","ug/m3 SC","28","Camden RRF","1","100.0000","81102","PM10 Total 0-10um STP","37980","Philadelphia-Camden-Wilmington, PA-NJ-DE-MD","34","New Jersey","007","Camden","39.912431","-75.116864"
"02/05/2007","AQS","340070009","1","59","ug/m3 SC","53","Camden RRF","1","100.0000","81102","PM10 Total 0-10um STP","37980","Philadelphia-Camden-Wilmington, PA-NJ-DE-MD","34","New Jersey","007","Camden","39.912431","-75.116864"
"02/17/2007","AQS","340070009","1","27","ug/m3 SC","25","Camden RRF","1","100.0000","81102","PM10 Total 0-10um STP","37980","Philadelphia-Camden-Wilmington, PA-NJ-DE-MD","34","New Jersey","007","Camden","39.912431","-75.116864"
"02/23/2007","AQS","340070009","1","40","ug/m3 SC","37","Camden RRF","1","100.0000","81102","PM10 Total 0-10um STP","37980","Philadelphia-Camden-Wilmington, PA-NJ-DE-MD","34","New Jersey","007","Camden","39.912431","-75.116864"
"03/01/2007","AQS","340070009","1","57","ug/m3 SC","52","Camden RRF","1","100.0000","81102","PM10 Total 0-10um STP","37980","Philadelphia-Camden-Wilmington, PA-NJ-DE-MD","34","New Jersey","007","Camden","39.912431","-75.116864"
"03/07/2007","AQS","340070009","1","23","ug/m3 SC","21","Camden RRF","1","100.0000","81102","PM10 Total 0-10um STP","37980","Philadelphia-Camden-Wilmington, PA-NJ-DE-MD","34","New Jersey","007","Camden","39.912431","-75.116864"
"03/19/2007","AQS","340070009","1","28","ug/m3 SC","26","Camden RRF","1","100.0000","81102","PM10 Total 0-10um STP","37980","Philadelphia-Camden-Wilmington, PA-NJ-DE-MD","34","New Jersey","007","Camden","39.912431","-75.116864"
"03/25/2007","AQS","340070009","1","22","ug/m3 SC","20","Camden RRF","1","100.0000","81102","PM10 Total 0-10um STP","37980","Philadelphia-Camden-Wilmington, PA-NJ-DE-MD","34","New Jersey","007","Camden","39.912431","-75.116864"
"03/31/2007","AQS","340070009","1","29","ug/m3 SC","27","Camden RRF","1","100.0000","81102","PM10 Total 0-10um STP","37980","Philadelphia-Camden-Wilmington, PA-NJ-DE-MD","34","New Jersey","007","Camden","39.912431","-75.116864"
"04/06/2007","AQS","340070009","1","34","ug/m3 SC","31","Camden RRF","1","100.0000","81102","PM10 Total 0-10um STP","37980","Philadelphia-Camden-Wilmington, PA-NJ-DE-MD","34","New Jersey","007","Camden","39.912431","-75.116864"
"04/12/2007","AQS","340070009","1","25","ug/m3 SC","23","Camden RRF","1","100.0000","81102","PM10 Total 0-10um STP","37980","Philadelphia-Camden-Wilmington, PA-NJ-DE-MD","34","New Jersey","007","Camden","39.912431","-75.116864"
"04/18/2007","AQS","340070009","1","41","ug/m3 SC","38","Camden RRF","1","100.0000","81102","PM10 Total 0-10um STP","37980","Philadelphia-Camden-Wilmington, PA-NJ-DE-MD","34","New Jersey","007","Camden","39.912431","-75.116864"
"04/24/2007","AQS","340070009","1","71","ug/m3 SC","59","Camden RRF","1","100.0000","81102","PM10 Total 0-10um STP","37980","Philadelphia-Camden-Wilmington, PA-NJ-DE-MD","34","New Jersey","007","Camden","39.912431","-75.116864"
"04/30/2007","AQS","340070009","1","65","ug/m3 SC","56","Camden RRF","1","100.0000","81102","PM10 Total 0-10um STP","37980","Philadelphia-Camden-Wilmington, PA-NJ-DE-MD","34","New Jersey","007","Camden","39.912431","-75.116864"
"05/06/2007","AQS","340070009","1","41","ug/m3 SC","38","Camden RRF","1","100.0000","81102","PM10 Total 0-10um STP","37980","Philadelphia-Camden-Wilmington, PA-NJ-DE-MD","34","New Jersey","007","Camden","39.912431","-75.116864"
"05/12/2007","AQS","340070009","1","38","ug/m3 SC","35","Camden RRF","1","100.0000","81102","PM10 Total 0-10um STP","37980","Philadelphia-Camden-Wilmington, PA-NJ-DE-MD","34","New Jersey","007","Camden","39.912431","-75.116864"
"05/18/2007","AQS","340070009","1","33","ug/m3 SC","31","Camden RRF","1","100.0000","81102","PM10 Total 0-10um STP","37980","Philadelphia-Camden-Wilmington, PA-NJ-DE-MD","34","New Jersey","007","Camden","39.912431","-75.116864"
"05/24/2007","AQS","340070009","1","38","ug/m3 SC","35","Camden RRF","1","100.0000","81102","PM10 Total 0-10um STP","37980","Philadelphia-Camden-Wilmington, PA-NJ-DE-MD","34","New Jersey","007","Camden","39.912431","-75.116864"
"05/30/2007","AQS","340070009","1","41","ug/m3 SC","38","Camden RRF","1","100.0000","81102","PM10 Total 0-10um STP","37980","Philadelphia-Camden-Wilmington, PA-NJ-DE-MD","34","New Jersey","007","Camden","39.912431","-75.116864"
"06/05/2007","AQS","340070009","1","42","ug/m3 SC","39","Camden RRF","1","100.0000","81102","PM10 Total 0-10um STP","37980","Philadelphia-Camden-Wilmington, PA-NJ-DE-MD","34","New Jersey","007","Camden","39.912431","-75.116864"
"06/11/2007","AQS","340070009","1","42","ug/m3 SC","39","Camden RRF","1","100.0000","81102","PM10 Total 0-10um STP","37980","Philadelphia-Camden-Wilmington, PA-NJ-DE-MD","34","New Jersey","007","Camden","39.912431","-75.116864"
"06/17/2007","AQS","340070009","1","38","ug/m3 SC","35","Camden RRF","1","100.0000","81102","PM10 Total 0-10um STP","37980","Philadelphia-Camden-Wilmington, PA-NJ-DE-MD","34","New Jersey","007","Camden","39.912431","-75.116864"
"06/23/2007","AQS","340070009","1","28","ug/m3 SC","26","Camden RRF","1","100.0000","81102","PM10 Total 0-10um STP","37980","Philadelphia-Camden-Wilmington, PA-NJ-DE-MD","34","New Jersey","007","Camden","39.912431","-75.116864"
"06/29/2007","AQS","340070009","1","35","ug/m3 SC","32","Camden RRF","1","100.0000","81102","PM10 Total 0-10um STP","37980","Philadelphia-Camden-Wilmington, PA-NJ-DE-MD","34","New Jersey","007","Camden","39.912431","-75.116864"
"07/05/2007","AQS","340070009","1","35","ug/m3 SC","32","Camden RRF","1","100.0000","81102","PM10 Total 0-10um STP","37980","Philadelphia-Camden-Wilmington, PA-NJ-DE-MD","34","New Jersey","007","Camden","39.912431","-75.116864"
"07/23/2007","AQS","340070009","1","24","ug/m3 SC","22","Camden RRF","1","100.0000","81102","PM10 Total 0-10um STP","37980","Philadelphia-Camden-Wilmington, PA-NJ-DE-MD","34","New Jersey","007","Camden","39.912431","-75.116864"
"07/29/2007","AQS","340070009","1","36","ug/m3 SC","33","Camden RRF","1","100.0000","81102","PM10 Total 0-10um STP","37980","Philadelphia-Camden-Wilmington, PA-NJ-DE-MD","34","New Jersey","007","Camden","39.912431","-75.116864"
"08/04/2007","AQS","340070009","1","51","ug/m3 SC","47","Camden RRF","1","100.0000","81102","PM10 Total 0-10um STP","37980","Philadelphia-Camden-Wilmington, PA-NJ-DE-MD","34","New Jersey","007","Camden","39.912431","-75.116864"
"08/10/2007","AQS","340070009","1","28","ug/m3 SC","26","Camden RRF","1","100.0000","81102","PM10 Total 0-10um STP","37980","Philadelphia-Camden-Wilmington, PA-NJ-DE-MD","34","New Jersey","007","Camden","39.912431","-75.116864"
"08/16/2007","AQS","340070009","1","48","ug/m3 SC","44","Camden RRF","1","100.0000","81102","PM10 Total 0-10um STP","37980","Philadelphia-Camden-Wilmington, PA-NJ-DE-MD","34","New Jersey","007","Camden","39.912431","-75.116864"
"08/22/2007","AQS","340070009","1","15","ug/m3 SC","14","Camden RRF","1","100.0000","81102","PM10 Total 0-10um STP","37980","Philadelphia-Camden-Wilmington, PA-NJ-DE-MD","34","New Jersey","007","Camden","39.912431","-75.116864"
"08/28/2007","AQS","340070009","1","44","ug/m3 SC","41","Camden RRF","1","100.0000","81102","PM10 Total 0-10um STP","37980","Philadelphia-Camden-Wilmington, PA-NJ-DE-MD","34","New Jersey","007","Camden","39.912431","-75.116864"
"09/03/2007","AQS","340070009","1","31","ug/m3 SC","29","Camden RRF","1","100.0000","81102","PM10 Total 0-10um STP","37980","Philadelphia-Camden-Wilmington, PA-NJ-DE-MD","34","New Jersey","007","Camden","39.912431","-75.116864"
"09/09/2007","AQS","340070009","1","15","ug/m3 SC","14","Camden RRF","1","100.0000","81102","PM10 Total 0-10um STP","37980","Philadelphia-Camden-Wilmington, PA-NJ-DE-MD","34","New Jersey","007","Camden","39.912431","-75.116864"
"09/15/2007","AQS","340070009","1","15","ug/m3 SC","14","Camden RRF","1","100.0000","81102","PM10 Total 0-10um STP","37980","Philadelphia-Camden-Wilmington, PA-NJ-DE-MD","34","New Jersey","007","Camden","39.912431","-75.116864"
"09/21/2007","AQS","340070009","1","35","ug/m3 SC","32","Camden RRF","1","100.0000","81102","PM10 Total 0-10um STP","37980","Philadelphia-Camden-Wilmington, PA-NJ-DE-MD","34","New Jersey","007","Camden","39.912431","-75.116864"
"09/27/2007","AQS","340070009","1","27","ug/m3 SC","25","Camden RRF","1","100.0000","81102","PM10 Total 0-10um STP","37980","Philadelphia-Camden-Wilmington, PA-NJ-DE-MD","34","New Jersey","007","Camden","39.912431","-75.116864"
"10/03/2007","AQS","340070009","1","23","ug/m3 SC","21","Camden RRF","1","100.0000","81102","PM10 Total 0-10um STP","37980","Philadelphia-Camden-Wilmington, PA-NJ-DE-MD","34","New Jersey","007","Camden","39.912431","-75.116864"
"10/09/2007","AQS","340070009","1","52","ug/m3 SC","48","Camden RRF","1","100.0000","81102","PM10 Total 0-10um STP","37980","Philadelphia-Camden-Wilmington, PA-NJ-DE-MD","34","New Jersey","007","Camden","39.912431","-75.116864"
"10/15/2007","AQS","340070009","1","26","ug/m3 SC","24","Camden RRF","1","100.0000","81102","PM10 Total 0-10um STP","37980","Philadelphia-Camden-Wilmington, PA-NJ-DE-MD","34","New Jersey","007","Camden","39.912431","-75.116864"
"10/21/2007","AQS","340070009","1","19","ug/m3 SC","18","Camden RRF","1","100.0000","81102","PM10 Total 0-10um STP","37980","Philadelphia-Camden-Wilmington, PA-NJ-DE-MD","34","New Jersey","007","Camden","39.912431","-75.116864"
"10/27/2007","AQS","340070009","1","10","ug/m3 SC","9","Camden RRF","1","100.0000","81102","PM10 Total 0-10um STP","37980","Philadelphia-Camden-Wilmington, PA-NJ-DE-MD","34","New Jersey","007","Camden","39.912431","-75.116864"
"11/02/2007","AQS","340070009","1","23","ug/m3 SC","21","Camden RRF","1","100.0000","81102","PM10 Total 0-10um STP","37980","Philadelphia-Camden-Wilmington, PA-NJ-DE-MD","34","New Jersey","007","Camden","39.912431","-75.116864"
"11/08/2007","AQS","340070009","1","32","ug/m3 SC","30","Camden RRF","1","100.0000","81102","PM10 Total 0-10um STP","37980","Philadelphia-Camden-Wilmington, PA-NJ-DE-MD","34","New Jersey","007","Camden","39.912431","-75.116864"
"11/14/2007","AQS","340070009","1","27","ug/m3 SC","25","Camden RRF","1","100.0000","81102","PM10 Total 0-10um STP","37980","Philadelphia-Camden-Wilmington, PA-NJ-DE-MD","34","New Jersey","007","Camden","39.912431","-75.116864"
"11/20/2007","AQS","340070009","1","17","ug/m3 SC","16","Camden RRF","1","100.0000","81102","PM10 Total 0-10um STP","37980","Philadelphia-Camden-Wilmington, PA-NJ-DE-MD","34","New Jersey","007","Camden","39.912431","-75.116864"
"12/02/2007","AQS","340070009","1","12","ug/m3 SC","11","Camden RRF","1","100.0000","81102","PM10 Total 0-10um STP","37980","Philadelphia-Camden-Wilmington, PA-NJ-DE-MD","34","New Jersey","007","Camden","39.912431","-75.116864"
"12/08/2007","AQS","340070009","1","26","ug/m3 SC","24","Camden RRF","1","100.0000","81102","PM10 Total 0-10um STP","37980","Philadelphia-Camden-Wilmington, PA-NJ-DE-MD","34","New Jersey","007","Camden","39.912431","-75.116864"
"12/14/2007","AQS","340070009","1","24","ug/m3 SC","22","Camden RRF","1","100.0000","81102","PM10 Total 0-10um STP","37980","Philadelphia-Camden-Wilmington, PA-NJ-DE-MD","34","New Jersey","007","Camden","39.912431","-75.116864"
"12/26/2007","AQS","340070009","1","59","ug/m3 SC","53","Camden RRF","1","100.0000","81102","PM10 Total 0-10um STP","37980","Philadelphia-Camden-Wilmington, PA-NJ-DE-MD","34","New Jersey","007","Camden","39.912431","-75.116864"
"01/06/2007","AQS","340070009","2","10","ug/m3 SC","9","Camden RRF","1","100.0000","81102","PM10 Total 0-10um STP","37980","Philadelphia-Camden-Wilmington, PA-NJ-DE-MD","34","New Jersey","007","Camden","39.912431","-75.116864"
"01/12/2007","AQS","340070009","2","13","ug/m3 SC","12","Camden RRF","1","100.0000","81102","PM10 Total 0-10um STP","37980","Philadelphia-Camden-Wilmington, PA-NJ-DE-MD","34","New Jersey","007","Camden","39.912431","-75.116864"
"01/18/2007","AQS","340070009","2","60","ug/m3 SC","53","Camden RRF","1","100.0000","81102","PM10 Total 0-10um STP","37980","Philadelphia-Camden-Wilmington, PA-NJ-DE-MD","34","New Jersey","007","Camden","39.912431","-75.116864"
"01/24/2007","AQS","340070009","2","51","ug/m3 SC","47","Camden RRF","1","100.0000","81102","PM10 Total 0-10um STP","37980","Philadelphia-Camden-Wilmington, PA-NJ-DE-MD","34","New Jersey","007","Camden","39.912431","-75.116864"
"01/30/2007","AQS","340070009","2","28","ug/m3 SC","26","Camden RRF","1","100.0000","81102","PM10 Total 0-10um STP","37980","Philadelphia-Camden-Wilmington, PA-NJ-DE-MD","34","New Jersey","007","Camden","39.912431","-75.116864"
"02/05/2007","AQS","340070009","2","51","ug/m3 SC","47","Camden RRF","1","100.0000","81102","PM10 Total 0-10um STP","37980","Philadelphia-Camden-Wilmington, PA-NJ-DE-MD","34","New Jersey","007","Camden","39.912431","-75.116864"
"02/17/2007","AQS","340070009","2","23","ug/m3 SC","21","Camden RRF","1","100.0000","81102","PM10 Total 0-10um STP","37980","Philadelphia-Camden-Wilmington, PA-NJ-DE-MD","34","New Jersey","007","Camden","39.912431","-75.116864"
"02/23/2007","AQS","340070009","2","37","ug/m3 SC","34","Camden RRF","1","100.0000","81102","PM10 Total 0-10um STP","37980","Philadelphia-Camden-Wilmington, PA-NJ-DE-MD","34","New Jersey","007","Camden","39.912431","-75.116864"
"03/01/2007","AQS","340070009","2","51","ug/m3 SC","47","Camden RRF","1","100.0000","81102","PM10 Total 0-10um STP","37980","Philadelphia-Camden-Wilmington, PA-NJ-DE-MD","34","New Jersey","007","Camden","39.912431","-75.116864"
"03/07/2007","AQS","340070009","2","29","ug/m3 SC","27","Camden RRF","1","100.0000","81102","PM10 Total 0-10um STP","37980","Philadelphia-Camden-Wilmington, PA-NJ-DE-MD","34","New Jersey","007","Camden","39.912431","-75.116864"
"03/13/2007","AQS","340070009","2","44","ug/m3 SC","41","Camden RRF","1","100.0000","81102","PM10 Total 0-10um STP","37980","Philadelphia-Camden-Wilmington, PA-NJ-DE-MD","34","New Jersey","007","Camden","39.912431","-75.116864"
"03/19/2007","AQS","340070009","2","25","ug/m3 SC","23","Camden RRF","1","100.0000","81102","PM10 Total 0-10um STP","37980","Philadelphia-Camden-Wilmington, PA-NJ-DE-MD","34","New Jersey","007","Camden","39.912431","-75.116864"
"03/25/2007","AQS","340070009","2","22","ug/m3 SC","20","Camden RRF","1","100.0000","81102","PM10 Total 0-10um STP","37980","Philadelphia-Camden-Wilmington, PA-NJ-DE-MD","34","New Jersey","007","Camden","39.912431","-75.116864"
"03/31/2007","AQS","340070009","2","27","ug/m3 SC","25","Camden RRF","1","100.0000","81102","PM10 Total 0-10um STP","37980","Philadelphia-Camden-Wilmington, PA-NJ-DE-MD","34","New Jersey","007","Camden","39.912431","-75.116864"
"04/06/2007","AQS","340070009","2","31","ug/m3 SC","29","Camden RRF","1","100.0000","81102","PM10 Total 0-10um STP","37980","Philadelphia-Camden-Wilmington, PA-NJ-DE-MD","34","New Jersey","007","Camden","39.912431","-75.116864"
"04/12/2007","AQS","340070009","2","22","ug/m3 SC","20","Camden RRF","1","100.0000","81102","PM10 Total 0-10um STP","37980","Philadelphia-Camden-Wilmington, PA-NJ-DE-MD","34","New Jersey","007","Camden","39.912431","-75.116864"
"04/18/2007","AQS","340070009","2","37","ug/m3 SC","34","Camden RRF","1","100.0000","81102","PM10 Total 0-10um STP","37980","Philadelphia-Camden-Wilmington, PA-NJ-DE-MD","34","New Jersey","007","Camden","39.912431","-75.116864"
"04/24/2007","AQS","340070009","2","63","ug/m3 SC","55","Camden RRF","1","100.0000","81102","PM10 Total 0-10um STP","37980","Philadelphia-Camden-Wilmington, PA-NJ-DE-MD","34","New Jersey","007","Camden","39.912431","-75.116864"
"04/30/2007","AQS","340070009","2","60","ug/m3 SC","53","Camden RRF","1","100.0000","81102","PM10 Total 0-10um STP","37980","Philadelphia-Camden-Wilmington, PA-NJ-DE-MD","34","New Jersey","007","Camden","39.912431","-75.116864"
"05/06/2007","AQS","340070009","2","46","ug/m3 SC","43","Camden RRF","1","100.0000","81102","PM10 Total 0-10um STP","37980","Philadelphia-Camden-Wilmington, PA-NJ-DE-MD","34","New Jersey","007","Camden","39.912431","-75.116864"
"05/12/2007","AQS","340070009","2","35","ug/m3 SC","32","Camden RRF","1","100.0000","81102","PM10 Total 0-10um STP","37980","Philadelphia-Camden-Wilmington, PA-NJ-DE-MD","34","New Jersey","007","Camden","39.912431","-75.116864"
"05/18/2007","AQS","340070009","2","29","ug/m3 SC","27","Camden RRF","1","100.0000","81102","PM10 Total 0-10um STP","37980","Philadelphia-Camden-Wilmington, PA-NJ-DE-MD","34","New Jersey","007","Camden","39.912431","-75.116864"
"05/24/2007","AQS","340070009","2","40","ug/m3 SC","37","Camden RRF","1","100.0000","81102","PM10 Total 0-10um STP","37980","Philadelphia-Camden-Wilmington, PA-NJ-DE-MD","34","New Jersey","007","Camden","39.912431","-75.116864"
"05/30/2007","AQS","340070009","2","38","ug/m3 SC","35","Camden RRF","1","100.0000","81102","PM10 Total 0-10um STP","37980","Philadelphia-Camden-Wilmington, PA-NJ-DE-MD","34","New Jersey","007","Camden","39.912431","-75.116864"
"06/05/2007","AQS","340070009","2","42","ug/m3 SC","39","Camden RRF","1","100.0000","81102","PM10 Total 0-10um STP","37980","Philadelphia-Camden-Wilmington, PA-NJ-DE-MD","34","New Jersey","007","Camden","39.912431","-75.116864"
"06/11/2007","AQS","340070009","2","40","ug/m3 SC","37","Camden RRF","1","100.0000","81102","PM10 Total 0-10um STP","37980","Philadelphia-Camden-Wilmington, PA-NJ-DE-MD","34","New Jersey","007","Camden","39.912431","-75.116864"
"06/23/2007","AQS","340070009","2","21","ug/m3 SC","19","Camden RRF","1","100.0000","81102","PM10 Total 0-10um STP","37980","Philadelphia-Camden-Wilmington, PA-NJ-DE-MD","34","New Jersey","007","Camden","39.912431","-75.116864"
"06/29/2007","AQS","340070009","2","28","ug/m3 SC","26","Camden RRF","1","100.0000","81102","PM10 Total 0-10um STP","37980","Philadelphia-Camden-Wilmington, PA-NJ-DE-MD","34","New Jersey","007","Camden","39.912431","-75.116864"
"07/11/2007","AQS","340070009","2","41","ug/m3 SC","38","Camden RRF","1","100.0000","81102","PM10 Total 0-10um STP","37980","Philadelphia-Camden-Wilmington, PA-NJ-DE-MD","34","New Jersey","007","Camden","39.912431","-75.116864"
"07/17/2007","AQS","340070009","2","51","ug/m3 SC","47","Camden RRF","1","100.0000","81102","PM10 Total 0-10um STP","37980","Philadelphia-Camden-Wilmington, PA-NJ-DE-MD","34","New Jersey","007","Camden","39.912431","-75.116864"
"07/23/2007","AQS","340070009","2","21","ug/m3 SC","19","Camden RRF","1","100.0000","81102","PM10 Total 0-10um STP","37980","Philadelphia-Camden-Wilmington, PA-NJ-DE-MD","34","New Jersey","007","Camden","39.912431","-75.116864"
"07/29/2007","AQS","340070009","2","33","ug/m3 SC","31","Camden RRF","1","100.0000","81102","PM10 Total 0-10um STP","37980","Philadelphia-Camden-Wilmington, PA-NJ-DE-MD","34","New Jersey","007","Camden","39.912431","-75.116864"
"08/04/2007","AQS","340070009","2","52","ug/m3 SC","48","Camden RRF","1","100.0000","81102","PM10 Total 0-10um STP","37980","Philadelphia-Camden-Wilmington, PA-NJ-DE-MD","34","New Jersey","007","Camden","39.912431","-75.116864"
"08/10/2007","AQS","340070009","2","27","ug/m3 SC","25","Camden RRF","1","100.0000","81102","PM10 Total 0-10um STP","37980","Philadelphia-Camden-Wilmington, PA-NJ-DE-MD","34","New Jersey","007","Camden","39.912431","-75.116864"
"08/16/2007","AQS","340070009","2","45","ug/m3 SC","42","Camden RRF","1","100.0000","81102","PM10 Total 0-10um STP","37980","Philadelphia-Camden-Wilmington, PA-NJ-DE-MD","34","New Jersey","007","Camden","39.912431","-75.116864"
"08/22/2007","AQS","340070009","2","15","ug/m3 SC","14","Camden RRF","1","100.0000","81102","PM10 Total 0-10um STP","37980","Philadelphia-Camden-Wilmington, PA-NJ-DE-MD","34","New Jersey","007","Camden","39.912431","-75.116864"
"08/28/2007","AQS","340070009","2","64","ug/m3 SC","55","Camden RRF","1","100.0000","81102","PM10 Total 0-10um STP","37980","Philadelphia-Camden-Wilmington, PA-NJ-DE-MD","34","New Jersey","007","Camden","39.912431","-75.116864"
"09/03/2007","AQS","340070009","2","43","ug/m3 SC","40","Camden RRF","1","100.0000","81102","PM10 Total 0-10um STP","37980","Philadelphia-Camden-Wilmington, PA-NJ-DE-MD","34","New Jersey","007","Camden","39.912431","-75.116864"
"09/09/2007","AQS","340070009","2","15","ug/m3 SC","14","Camden RRF","1","100.0000","81102","PM10 Total 0-10um STP","37980","Philadelphia-Camden-Wilmington, PA-NJ-DE-MD","34","New Jersey","007","Camden","39.912431","-75.116864"
"09/15/2007","AQS","340070009","2","15","ug/m3 SC","14","Camden RRF","1","100.0000","81102","PM10 Total 0-10um STP","37980","Philadelphia-Camden-Wilmington, PA-NJ-DE-MD","34","New Jersey","007","Camden","39.912431","-75.116864"
"09/21/2007","AQS","340070009","2","40","ug/m3 SC","37","Camden RRF","1","100.0000","81102","PM10 Total 0-10um STP","37980","Philadelphia-Camden-Wilmington, PA-NJ-DE-MD","34","New Jersey","007","Camden","39.912431","-75.116864"
"09/27/2007","AQS","340070009","2","26","ug/m3 SC","24","Camden RRF","1","100.0000","81102","PM10 Total 0-10um STP","37980","Philadelphia-Camden-Wilmington, PA-NJ-DE-MD","34","New Jersey","007","Camden","39.912431","-75.116864"
"10/03/2007","AQS","340070009","2","22","ug/m3 SC","20","Camden RRF","1","100.0000","81102","PM10 Total 0-10um STP","37980","Philadelphia-Camden-Wilmington, PA-NJ-DE-MD","34","New Jersey","007","Camden","39.912431","-75.116864"
"10/09/2007","AQS","340070009","2","49","ug/m3 SC","45","Camden RRF","1","100.0000","81102","PM10 Total 0-10um STP","37980","Philadelphia-Camden-Wilmington, PA-NJ-DE-MD","34","New Jersey","007","Camden","39.912431","-75.116864"
"10/15/2007","AQS","340070009","2","26","ug/m3 SC","24","Camden RRF","1","100.0000","81102","PM10 Total 0-10um STP","37980","Philadelphia-Camden-Wilmington, PA-NJ-DE-MD","34","New Jersey","007","Camden","39.912431","-75.116864"
"10/21/2007","AQS","340070009","2","19","ug/m3 SC","18","Camden RRF","1","100.0000","81102","PM10 Total 0-10um STP","37980","Philadelphia-Camden-Wilmington, PA-NJ-DE-MD","34","New Jersey","007","Camden","39.912431","-75.116864"
"10/27/2007","AQS","340070009","2","11","ug/m3 SC","10","Camden RRF","1","100.0000","81102","PM10 Total 0-10um STP","37980","Philadelphia-Camden-Wilmington, PA-NJ-DE-MD","34","New Jersey","007","Camden","39.912431","-75.116864"
"11/08/2007","AQS","340070009","2","29","ug/m3 SC","27","Camden RRF","1","100.0000","81102","PM10 Total 0-10um STP","37980","Philadelphia-Camden-Wilmington, PA-NJ-DE-MD","34","New Jersey","007","Camden","39.912431","-75.116864"
"11/14/2007","AQS","340070009","2","24","ug/m3 SC","22","Camden RRF","1","100.0000","81102","PM10 Total 0-10um STP","37980","Philadelphia-Camden-Wilmington, PA-NJ-DE-MD","34","New Jersey","007","Camden","39.912431","-75.116864"
"11/26/2007","AQS","340070009","2","16","ug/m3 SC","15","Camden RRF","1","100.0000","81102","PM10 Total 0-10um STP","37980","Philadelphia-Camden-Wilmington, PA-NJ-DE-MD","34","New Jersey","007","Camden","39.912431","-75.116864"
"12/08/2007","AQS","340070009","2","25","ug/m3 SC","23","Camden RRF","1","100.0000","81102","PM10 Total 0-10um STP","37980","Philadelphia-Camden-Wilmington, PA-NJ-DE-MD","34","New Jersey","007","Camden","39.912431","-75.116864"
"12/14/2007","AQS","340070009","2","24","ug/m3 SC","22","Camden RRF","1","100.0000","81102","PM10 Total 0-10um STP","37980","Philadelphia-Camden-Wilmington, PA-NJ-DE-MD","34","New Jersey","007","Camden","39.912431","-75.116864"
"01/06/2007","AQS","340171003","2","10","ug/m3 SC","9","Jersey City Firehouse","1","100.0000","81102","PM10 Total 0-10um STP","35620","New York-Newark-Jersey City, NY-NJ-PA","34","New Jersey","017","Hudson","40.725413","-74.052293"
"01/12/2007","AQS","340171003","2","24","ug/m3 SC","22","Jersey City Firehouse","1","100.0000","81102","PM10 Total 0-10um STP","35620","New York-Newark-Jersey City, NY-NJ-PA","34","New Jersey","017","Hudson","40.725413","-74.052293"
"01/18/2007","AQS","340171003","2","27","ug/m3 SC","25","Jersey City Firehouse","1","100.0000","81102","PM10 Total 0-10um STP","35620","New York-Newark-Jersey City, NY-NJ-PA","34","New Jersey","017","Hudson","40.725413","-74.052293"
"01/24/2007","AQS","340171003","2","20","ug/m3 SC","19","Jersey City Firehouse","1","100.0000","81102","PM10 Total 0-10um STP","35620","New York-Newark-Jersey City, NY-NJ-PA","34","New Jersey","017","Hudson","40.725413","-74.052293"
"02/05/2007","AQS","340171003","2","18","ug/m3 SC","17","Jersey City Firehouse","1","100.0000","81102","PM10 Total 0-10um STP","35620","New York-Newark-Jersey City, NY-NJ-PA","34","New Jersey","017","Hudson","40.725413","-74.052293"
"02/11/2007","AQS","340171003","2","19","ug/m3 SC","18","Jersey City Firehouse","1","100.0000","81102","PM10 Total 0-10um STP","35620","New York-Newark-Jersey City, NY-NJ-PA","34","New Jersey","017","Hudson","40.725413","-74.052293"
"02/17/2007","AQS","340171003","2","25","ug/m3 SC","23","Jersey City Firehouse","1","100.0000","81102","PM10 Total 0-10um STP","35620","New York-Newark-Jersey City, NY-NJ-PA","34","New Jersey","017","Hudson","40.725413","-74.052293"
"02/23/2007","AQS","340171003","2","17","ug/m3 SC","16","Jersey City Firehouse","1","100.0000","81102","PM10 Total 0-10um STP","35620","New York-Newark-Jersey City, NY-NJ-PA","34","New Jersey","017","Hudson","40.725413","-74.052293"
"03/01/2007","AQS","340171003","2","32","ug/m3 SC","30","Jersey City Firehouse","1","100.0000","81102","PM10 Total 0-10um STP","35620","New York-Newark-Jersey City, NY-NJ-PA","34","New Jersey","017","Hudson","40.725413","-74.052293"
"03/07/2007","AQS","340171003","2","21","ug/m3 SC","19","Jersey City Firehouse","1","100.0000","81102","PM10 Total 0-10um STP","35620","New York-Newark-Jersey City, NY-NJ-PA","34","New Jersey","017","Hudson","40.725413","-74.052293"
"03/13/2007","AQS","340171003","2","44","ug/m3 SC","41","Jersey City Firehouse","1","100.0000","81102","PM10 Total 0-10um STP","35620","New York-Newark-Jersey City, NY-NJ-PA","34","New Jersey","017","Hudson","40.725413","-74.052293"
"03/19/2007","AQS","340171003","2","22","ug/m3 SC","20","Jersey City Firehouse","1","100.0000","81102","PM10 Total 0-10um STP","35620","New York-Newark-Jersey City, NY-NJ-PA","34","New Jersey","017","Hudson","40.725413","-74.052293"
"03/25/2007","AQS","340171003","2","16","ug/m3 SC","15","Jersey City Firehouse","1","100.0000","81102","PM10 Total 0-10um STP","35620","New York-Newark-Jersey City, NY-NJ-PA","34","New Jersey","017","Hudson","40.725413","-74.052293"
"03/31/2007","AQS","340171003","2","19","ug/m3 SC","18","Jersey City Firehouse","1","100.0000","81102","PM10 Total 0-10um STP","35620","New York-Newark-Jersey City, NY-NJ-PA","34","New Jersey","017","Hudson","40.725413","-74.052293"
"04/06/2007","AQS","340171003","2","11","ug/m3 SC","10","Jersey City Firehouse","1","100.0000","81102","PM10 Total 0-10um STP","35620","New York-Newark-Jersey City, NY-NJ-PA","34","New Jersey","017","Hudson","40.725413","-74.052293"
"04/12/2007","AQS","340171003","2","17","ug/m3 SC","16","Jersey City Firehouse","1","100.0000","81102","PM10 Total 0-10um STP","35620","New York-Newark-Jersey City, NY-NJ-PA","34","New Jersey","017","Hudson","40.725413","-74.052293"
"04/18/2007","AQS","340171003","2","10","ug/m3 SC","9","Jersey City Firehouse","1","100.0000","81102","PM10 Total 0-10um STP","35620","New York-Newark-Jersey City, NY-NJ-PA","34","New Jersey","017","Hudson","40.725413","-74.052293"
"04/24/2007","AQS","340171003","2","25","ug/m3 SC","23","Jersey City Firehouse","1","100.0000","81102","PM10 Total 0-10um STP","35620","New York-Newark-Jersey City, NY-NJ-PA","34","New Jersey","017","Hudson","40.725413","-74.052293"
"04/30/2007","AQS","340171003","2","26","ug/m3 SC","24","Jersey City Firehouse","1","100.0000","81102","PM10 Total 0-10um STP","35620","New York-Newark-Jersey City, NY-NJ-PA","34","New Jersey","017","Hudson","40.725413","-74.052293"
"05/06/2007","AQS","340171003","2","23","ug/m3 SC","21","Jersey City Firehouse","1","100.0000","81102","PM10 Total 0-10um STP","35620","New York-Newark-Jersey City, NY-NJ-PA","34","New Jersey","017","Hudson","40.725413","-74.052293"
"05/12/2007","AQS","340171003","2","29","ug/m3 SC","27","Jersey City Firehouse","1","100.0000","81102","PM10 Total 0-10um STP","35620","New York-Newark-Jersey City, NY-NJ-PA","34","New Jersey","017","Hudson","40.725413","-74.052293"
"05/18/2007","AQS","340171003","2","17","ug/m3 SC","16","Jersey City Firehouse","1","100.0000","81102","PM10 Total 0-10um STP","35620","New York-Newark-Jersey City, NY-NJ-PA","34","New Jersey","017","Hudson","40.725413","-74.052293"
"05/24/2007","AQS","340171003","2","40","ug/m3 SC","37","Jersey City Firehouse","1","100.0000","81102","PM10 Total 0-10um STP","35620","New York-Newark-Jersey City, NY-NJ-PA","34","New Jersey","017","Hudson","40.725413","-74.052293"
"05/30/2007","AQS","340171003","2","38","ug/m3 SC","35","Jersey City Firehouse","1","100.0000","81102","PM10 Total 0-10um STP","35620","New York-Newark-Jersey City, NY-NJ-PA","34","New Jersey","017","Hudson","40.725413","-74.052293"
"06/05/2007","AQS","340171003","2","36","ug/m3 SC","33","Jersey City Firehouse","1","100.0000","81102","PM10 Total 0-10um STP","35620","New York-Newark-Jersey City, NY-NJ-PA","34","New Jersey","017","Hudson","40.725413","-74.052293"
"06/11/2007","AQS","340171003","2","29","ug/m3 SC","27","Jersey City Firehouse","1","100.0000","81102","PM10 Total 0-10um STP","35620","New York-Newark-Jersey City, NY-NJ-PA","34","New Jersey","017","Hudson","40.725413","-74.052293"
"06/17/2007","AQS","340171003","2","35","ug/m3 SC","32","Jersey City Firehouse","1","100.0000","81102","PM10 Total 0-10um STP","35620","New York-Newark-Jersey City, NY-NJ-PA","34","New Jersey","017","Hudson","40.725413","-74.052293"
"06/23/2007","AQS","340171003","2","10","ug/m3 SC","9","Jersey City Firehouse","1","100.0000","81102","PM10 Total 0-10um STP","35620","New York-Newark-Jersey City, NY-NJ-PA","34","New Jersey","017","Hudson","40.725413","-74.052293"
"06/29/2007","AQS","340171003","2","25","ug/m3 SC","23","Jersey City Firehouse","1","100.0000","81102","PM10 Total 0-10um STP","35620","New York-Newark-Jersey City, NY-NJ-PA","34","New Jersey","017","Hudson","40.725413","-74.052293"
"07/05/2007","AQS","340171003","2","34","ug/m3 SC","31","Jersey City Firehouse","1","100.0000","81102","PM10 Total 0-10um STP","35620","New York-Newark-Jersey City, NY-NJ-PA","34","New Jersey","017","Hudson","40.725413","-74.052293"
"07/11/2007","AQS","340171003","2","27","ug/m3 SC","25","Jersey City Firehouse","1","100.0000","81102","PM10 Total 0-10um STP","35620","New York-Newark-Jersey City, NY-NJ-PA","34","New Jersey","017","Hudson","40.725413","-74.052293"
"07/17/2007","AQS","340171003","2","15","ug/m3 SC","14","Jersey City Firehouse","1","100.0000","81102","PM10 Total 0-10um STP","35620","New York-Newark-Jersey City, NY-NJ-PA","34","New Jersey","017","Hudson","40.725413","-74.052293"
"07/23/2007","AQS","340171003","2","15","ug/m3 SC","14","Jersey City Firehouse","1","100.0000","81102","PM10 Total 0-10um STP","35620","New York-Newark-Jersey City, NY-NJ-PA","34","New Jersey","017","Hudson","40.725413","-74.052293"
"07/29/2007","AQS","340171003","2","49","ug/m3 SC","45","Jersey City Firehouse","1","100.0000","81102","PM10 Total 0-10um STP","35620","New York-Newark-Jersey City, NY-NJ-PA","34","New Jersey","017","Hudson","40.725413","-74.052293"
"08/04/2007","AQS","340171003","2","38","ug/m3 SC","35","Jersey City Firehouse","1","100.0000","81102","PM10 Total 0-10um STP","35620","New York-Newark-Jersey City, NY-NJ-PA","34","New Jersey","017","Hudson","40.725413","-74.052293"
"08/10/2007","AQS","340171003","2","10","ug/m3 SC","9","Jersey City Firehouse","1","100.0000","81102","PM10 Total 0-10um STP","35620","New York-Newark-Jersey City, NY-NJ-PA","34","New Jersey","017","Hudson","40.725413","-74.052293"
"08/16/2007","AQS","340171003","2","53","ug/m3 SC","49","Jersey City Firehouse","1","100.0000","81102","PM10 Total 0-10um STP","35620","New York-Newark-Jersey City, NY-NJ-PA","34","New Jersey","017","Hudson","40.725413","-74.052293"
"08/22/2007","AQS","340171003","2","18","ug/m3 SC","17","Jersey City Firehouse","1","100.0000","81102","PM10 Total 0-10um STP","35620","New York-Newark-Jersey City, NY-NJ-PA","34","New Jersey","017","Hudson","40.725413","-74.052293"
"08/28/2007","AQS","340171003","2","25","ug/m3 SC","23","Jersey City Firehouse","1","100.0000","81102","PM10 Total 0-10um STP","35620","New York-Newark-Jersey City, NY-NJ-PA","34","New Jersey","017","Hudson","40.725413","-74.052293"
"09/03/2007","AQS","340171003","2","32","ug/m3 SC","30","Jersey City Firehouse","1","100.0000","81102","PM10 Total 0-10um STP","35620","New York-Newark-Jersey City, NY-NJ-PA","34","New Jersey","017","Hudson","40.725413","-74.052293"
"09/18/2007","AQS","340171003","2","9","ug/m3 SC","8","Jersey City Firehouse","1","100.0000","81102","PM10 Total 0-10um STP","35620","New York-Newark-Jersey City, NY-NJ-PA","34","New Jersey","017","Hudson","40.725413","-74.052293"
"09/27/2007","AQS","340171003","2","42","ug/m3 SC","39","Jersey City Firehouse","1","100.0000","81102","PM10 Total 0-10um STP","35620","New York-Newark-Jersey City, NY-NJ-PA","34","New Jersey","017","Hudson","40.725413","-74.052293"
"10/03/2007","AQS","340171003","2","12","ug/m3 SC","11","Jersey City Firehouse","1","100.0000","81102","PM10 Total 0-10um STP","35620","New York-Newark-Jersey City, NY-NJ-PA","34","New Jersey","017","Hudson","40.725413","-74.052293"
"10/09/2007","AQS","340171003","2","26","ug/m3 SC","24","Jersey City Firehouse","1","100.0000","81102","PM10 Total 0-10um STP","35620","New York-Newark-Jersey City, NY-NJ-PA","34","New Jersey","017","Hudson","40.725413","-74.052293"
"10/15/2007","AQS","340171003","2","13","ug/m3 SC","12","Jersey City Firehouse","1","100.0000","81102","PM10 Total 0-10um STP","35620","New York-Newark-Jersey City, NY-NJ-PA","34","New Jersey","017","Hudson","40.725413","-74.052293"
"10/21/2007","AQS","340171003","2","17","ug/m3 SC","16","Jersey City Firehouse","1","100.0000","81102","PM10 Total 0-10um STP","35620","New York-Newark-Jersey City, NY-NJ-PA","34","New Jersey","017","Hudson","40.725413","-74.052293"
"10/27/2007","AQS","340171003","2","12","ug/m3 SC","11","Jersey City Firehouse","1","100.0000","81102","PM10 Total 0-10um STP","35620","New York-Newark-Jersey City, NY-NJ-PA","34","New Jersey","017","Hudson","40.725413","-74.052293"
"11/02/2007","AQS","340171003","2","14","ug/m3 SC","13","Jersey City Firehouse","1","100.0000","81102","PM10 Total 0-10um STP","35620","New York-Newark-Jersey City, NY-NJ-PA","34","New Jersey","017","Hudson","40.725413","-74.052293"
"11/08/2007","AQS","340171003","2","20","ug/m3 SC","19","Jersey City Firehouse","1","100.0000","81102","PM10 Total 0-10um STP","35620","New York-Newark-Jersey City, NY-NJ-PA","34","New Jersey","017","Hudson","40.725413","-74.052293"
"11/14/2007","AQS","340171003","2","34","ug/m3 SC","31","Jersey City Firehouse","1","100.0000","81102","PM10 Total 0-10um STP","35620","New York-Newark-Jersey City, NY-NJ-PA","34","New Jersey","017","Hudson","40.725413","-74.052293"
"11/20/2007","AQS","340171003","2","11","ug/m3 SC","10","Jersey City Firehouse","1","100.0000","81102","PM10 Total 0-10um STP","35620","New York-Newark-Jersey City, NY-NJ-PA","34","New Jersey","017","Hudson","40.725413","-74.052293"
"11/26/2007","AQS","340171003","2","20","ug/m3 SC","19","Jersey City Firehouse","1","100.0000","81102","PM10 Total 0-10um STP","35620","New York-Newark-Jersey City, NY-NJ-PA","34","New Jersey","017","Hudson","40.725413","-74.052293"
"12/02/2007","AQS","340171003","2","14","ug/m3 SC","13","Jersey City Firehouse","1","100.0000","81102","PM10 Total 0-10um STP","35620","New York-Newark-Jersey City, NY-NJ-PA","34","New Jersey","017","Hudson","40.725413","-74.052293"
"12/08/2007","AQS","340171003","2","28","ug/m3 SC","26","Jersey City Firehouse","1","100.0000","81102","PM10 Total 0-10um STP","35620","New York-Newark-Jersey City, NY-NJ-PA","34","New Jersey","017","Hudson","40.725413","-74.052293"
"12/14/2007","AQS","340171003","2","20","ug/m3 SC","19","Jersey City Firehouse","1","100.0000","81102","PM10 Total 0-10um STP","35620","New York-Newark-Jersey City, NY-NJ-PA","34","New Jersey","017","Hudson","40.725413","-74.052293"
"12/20/2007","AQS","340171003","2","21","ug/m3 SC","19","Jersey City Firehouse","1","100.0000","81102","PM10 Total 0-10um STP","35620","New York-Newark-Jersey City, NY-NJ-PA","34","New Jersey","017","Hudson","40.725413","-74.052293"
"12/26/2007","AQS","340171003","2","19","ug/m3 SC","18","Jersey City Firehouse","1","100.0000","81102","PM10 Total 0-10um STP","35620","New York-Newark-Jersey City, NY-NJ-PA","34","New Jersey","017","Hudson","40.725413","-74.052293"
"01/06/2007","AQS","340171003","3","8","ug/m3 SC","7","Jersey City Firehouse","1","100.0000","81102","PM10 Total 0-10um STP","35620","New York-Newark-Jersey City, NY-NJ-PA","34","New Jersey","017","Hudson","40.725413","-74.052293"
"01/12/2007","AQS","340171003","3","25","ug/m3 SC","23","Jersey City Firehouse","1","100.0000","81102","PM10 Total 0-10um STP","35620","New York-Newark-Jersey City, NY-NJ-PA","34","New Jersey","017","Hudson","40.725413","-74.052293"
"01/18/2007","AQS","340171003","3","25","ug/m3 SC","23","Jersey City Firehouse","1","100.0000","81102","PM10 Total 0-10um STP","35620","New York-Newark-Jersey City, NY-NJ-PA","34","New Jersey","017","Hudson","40.725413","-74.052293"
"01/24/2007","AQS","340171003","3","20","ug/m3 SC","19","Jersey City Firehouse","1","100.0000","81102","PM10 Total 0-10um STP","35620","New York-Newark-Jersey City, NY-NJ-PA","34","New Jersey","017","Hudson","40.725413","-74.052293"
"01/30/2007","AQS","340171003","3","20","ug/m3 SC","19","Jersey City Firehouse","1","100.0000","81102","PM10 Total 0-10um STP","35620","New York-Newark-Jersey City, NY-NJ-PA","34","New Jersey","017","Hudson","40.725413","-74.052293"
"02/05/2007","AQS","340171003","3","18","ug/m3 SC","17","Jersey City Firehouse","1","100.0000","81102","PM10 Total 0-10um STP","35620","New York-Newark-Jersey City, NY-NJ-PA","34","New Jersey","017","Hudson","40.725413","-74.052293"
"02/11/2007","AQS","340171003","3","19","ug/m3 SC","18","Jersey City Firehouse","1","100.0000","81102","PM10 Total 0-10um STP","35620","New York-Newark-Jersey City, NY-NJ-PA","34","New Jersey","017","Hudson","40.725413","-74.052293"
"02/17/2007","AQS","340171003","3","28","ug/m3 SC","26","Jersey City Firehouse","1","100.0000","81102","PM10 Total 0-10um STP","35620","New York-Newark-Jersey City, NY-NJ-PA","34","New Jersey","017","Hudson","40.725413","-74.052293"
"02/23/2007","AQS","340171003","3","14","ug/m3 SC","13","Jersey City Firehouse","1","100.0000","81102","PM10 Total 0-10um STP","35620","New York-Newark-Jersey City, NY-NJ-PA","34","New Jersey","017","Hudson","40.725413","-74.052293"
"03/01/2007","AQS","340171003","3","27","ug/m3 SC","25","Jersey City Firehouse","1","100.0000","81102","PM10 Total 0-10um STP","35620","New York-Newark-Jersey City, NY-NJ-PA","34","New Jersey","017","Hudson","40.725413","-74.052293"
"03/13/2007","AQS","340171003","3","42","ug/m3 SC","39","Jersey City Firehouse","1","100.0000","81102","PM10 Total 0-10um STP","35620","New York-Newark-Jersey City, NY-NJ-PA","34","New Jersey","017","Hudson","40.725413","-74.052293"
"03/19/2007","AQS","340171003","3","21","ug/m3 SC","19","Jersey City Firehouse","1","100.0000","81102","PM10 Total 0-10um STP","35620","New York-Newark-Jersey City, NY-NJ-PA","34","New Jersey","017","Hudson","40.725413","-74.052293"
"03/25/2007","AQS","340171003","3","17","ug/m3 SC","16","Jersey City Firehouse","1","100.0000","81102","PM10 Total 0-10um STP","35620","New York-Newark-Jersey City, NY-NJ-PA","34","New Jersey","017","Hudson","40.725413","-74.052293"
"03/31/2007","AQS","340171003","3","17","ug/m3 SC","16","Jersey City Firehouse","1","100.0000","81102","PM10 Total 0-10um STP","35620","New York-Newark-Jersey City, NY-NJ-PA","34","New Jersey","017","Hudson","40.725413","-74.052293"
"04/06/2007","AQS","340171003","3","21","ug/m3 SC","19","Jersey City Firehouse","1","100.0000","81102","PM10 Total 0-10um STP","35620","New York-Newark-Jersey City, NY-NJ-PA","34","New Jersey","017","Hudson","40.725413","-74.052293"
"04/12/2007","AQS","340171003","3","16","ug/m3 SC","15","Jersey City Firehouse","1","100.0000","81102","PM10 Total 0-10um STP","35620","New York-Newark-Jersey City, NY-NJ-PA","34","New Jersey","017","Hudson","40.725413","-74.052293"
"04/18/2007","AQS","340171003","3","10","ug/m3 SC","9","Jersey City Firehouse","1","100.0000","81102","PM10 Total 0-10um STP","35620","New York-Newark-Jersey City, NY-NJ-PA","34","New Jersey","017","Hudson","40.725413","-74.052293"
"04/24/2007","AQS","340171003","3","25","ug/m3 SC","23","Jersey City Firehouse","1","100.0000","81102","PM10 Total 0-10um STP","35620","New York-Newark-Jersey City, NY-NJ-PA","34","New Jersey","017","Hudson","40.725413","-74.052293"
"04/30/2007","AQS","340171003","3","19","ug/m3 SC","18","Jersey City Firehouse","1","100.0000","81102","PM10 Total 0-10um STP","35620","New York-Newark-Jersey City, NY-NJ-PA","34","New Jersey","017","Hudson","40.725413","-74.052293"
"05/06/2007","AQS","340171003","3","23","ug/m3 SC","21","Jersey City Firehouse","1","100.0000","81102","PM10 Total 0-10um STP","35620","New York-Newark-Jersey City, NY-NJ-PA","34","New Jersey","017","Hudson","40.725413","-74.052293"
"05/12/2007","AQS","340171003","3","58","ug/m3 SC","52","Jersey City Firehouse","1","100.0000","81102","PM10 Total 0-10um STP","35620","New York-Newark-Jersey City, NY-NJ-PA","34","New Jersey","017","Hudson","40.725413","-74.052293"
"05/18/2007","AQS","340171003","3","17","ug/m3 SC","16","Jersey City Firehouse","1","100.0000","81102","PM10 Total 0-10um STP","35620","New York-Newark-Jersey City, NY-NJ-PA","34","New Jersey","017","Hudson","40.725413","-74.052293"
"05/24/2007","AQS","340171003","3","41","ug/m3 SC","38","Jersey City Firehouse","1","100.0000","81102","PM10 Total 0-10um STP","35620","New York-Newark-Jersey City, NY-NJ-PA","34","New Jersey","017","Hudson","40.725413","-74.052293"
"05/30/2007","AQS","340171003","3","40","ug/m3 SC","37","Jersey City Firehouse","1","100.0000","81102","PM10 Total 0-10um STP","35620","New York-Newark-Jersey City, NY-NJ-PA","34","New Jersey","017","Hudson","40.725413","-74.052293"
"06/05/2007","AQS","340171003","3","38","ug/m3 SC","35","Jersey City Firehouse","1","100.0000","81102","PM10 Total 0-10um STP","35620","New York-Newark-Jersey City, NY-NJ-PA","34","New Jersey","017","Hudson","40.725413","-74.052293"
"06/11/2007","AQS","340171003","3","29","ug/m3 SC","27","Jersey City Firehouse","1","100.0000","81102","PM10 Total 0-10um STP","35620","New York-Newark-Jersey City, NY-NJ-PA","34","New Jersey","017","Hudson","40.725413","-74.052293"
"06/17/2007","AQS","340171003","3","34","ug/m3 SC","31","Jersey City Firehouse","1","100.0000","81102","PM10 Total 0-10um STP","35620","New York-Newark-Jersey City, NY-NJ-PA","34","New Jersey","017","Hudson","40.725413","-74.052293"
"06/23/2007","AQS","340171003","3","10","ug/m3 SC","9","Jersey City Firehouse","1","100.0000","81102","PM10 Total 0-10um STP","35620","New York-Newark-Jersey City, NY-NJ-PA","34","New Jersey","017","Hudson","40.725413","-74.052293"
"06/29/2007","AQS","340171003","3","26","ug/m3 SC","24","Jersey City Firehouse","1","100.0000","81102","PM10 Total 0-10um STP","35620","New York-Newark-Jersey City, NY-NJ-PA","34","New Jersey","017","Hudson","40.725413","-74.052293"
"07/05/2007","AQS","340171003","3","34","ug/m3 SC","31","Jersey City Firehouse","1","100.0000","81102","PM10 Total 0-10um STP","35620","New York-Newark-Jersey City, NY-NJ-PA","34","New Jersey","017","Hudson","40.725413","-74.052293"
"07/11/2007","AQS","340171003","3","28","ug/m3 SC","26","Jersey City Firehouse","1","100.0000","81102","PM10 Total 0-10um STP","35620","New York-Newark-Jersey City, NY-NJ-PA","34","New Jersey","017","Hudson","40.725413","-74.052293"
"07/17/2007","AQS","340171003","3","46","ug/m3 SC","43","Jersey City Firehouse","1","100.0000","81102","PM10 Total 0-10um STP","35620","New York-Newark-Jersey City, NY-NJ-PA","34","New Jersey","017","Hudson","40.725413","-74.052293"
"07/29/2007","AQS","340171003","3","44","ug/m3 SC","41","Jersey City Firehouse","1","100.0000","81102","PM10 Total 0-10um STP","35620","New York-Newark-Jersey City, NY-NJ-PA","34","New Jersey","017","Hudson","40.725413","-74.052293"
"08/04/2007","AQS","340171003","3","38","ug/m3 SC","35","Jersey City Firehouse","1","100.0000","81102","PM10 Total 0-10um STP","35620","New York-Newark-Jersey City, NY-NJ-PA","34","New Jersey","017","Hudson","40.725413","-74.052293"
"08/10/2007","AQS","340171003","3","10","ug/m3 SC","9","Jersey City Firehouse","1","100.0000","81102","PM10 Total 0-10um STP","35620","New York-Newark-Jersey City, NY-NJ-PA","34","New Jersey","017","Hudson","40.725413","-74.052293"
"08/16/2007","AQS","340171003","3","48","ug/m3 SC","44","Jersey City Firehouse","1","100.0000","81102","PM10 Total 0-10um STP","35620","New York-Newark-Jersey City, NY-NJ-PA","34","New Jersey","017","Hudson","40.725413","-74.052293"
"08/22/2007","AQS","340171003","3","18","ug/m3 SC","17","Jersey City Firehouse","1","100.0000","81102","PM10 Total 0-10um STP","35620","New York-Newark-Jersey City, NY-NJ-PA","34","New Jersey","017","Hudson","40.725413","-74.052293"
"08/28/2007","AQS","340171003","3","25","ug/m3 SC","23","Jersey City Firehouse","1","100.0000","81102","PM10 Total 0-10um STP","35620","New York-Newark-Jersey City, NY-NJ-PA","34","New Jersey","017","Hudson","40.725413","-74.052293"
"09/03/2007","AQS","340171003","3","19","ug/m3 SC","18","Jersey City Firehouse","1","100.0000","81102","PM10 Total 0-10um STP","35620","New York-Newark-Jersey City, NY-NJ-PA","34","New Jersey","017","Hudson","40.725413","-74.052293"
"10/03/2007","AQS","340171003","3","14","ug/m3 SC","13","Jersey City Firehouse","1","100.0000","81102","PM10 Total 0-10um STP","35620","New York-Newark-Jersey City, NY-NJ-PA","34","New Jersey","017","Hudson","40.725413","-74.052293"
"10/09/2007","AQS","340171003","3","25","ug/m3 SC","23","Jersey City Firehouse","1","100.0000","81102","PM10 Total 0-10um STP","35620","New York-Newark-Jersey City, NY-NJ-PA","34","New Jersey","017","Hudson","40.725413","-74.052293"
"10/15/2007","AQS","340171003","3","14","ug/m3 SC","13","Jersey City Firehouse","1","100.0000","81102","PM10 Total 0-10um STP","35620","New York-Newark-Jersey City, NY-NJ-PA","34","New Jersey","017","Hudson","40.725413","-74.052293"
"10/21/2007","AQS","340171003","3","17","ug/m3 SC","16","Jersey City Firehouse","1","100.0000","81102","PM10 Total 0-10um STP","35620","New York-Newark-Jersey City, NY-NJ-PA","34","New Jersey","017","Hudson","40.725413","-74.052293"
"10/27/2007","AQS","340171003","3","11","ug/m3 SC","10","Jersey City Firehouse","1","100.0000","81102","PM10 Total 0-10um STP","35620","New York-Newark-Jersey City, NY-NJ-PA","34","New Jersey","017","Hudson","40.725413","-74.052293"
"11/02/2007","AQS","340171003","3","13","ug/m3 SC","12","Jersey City Firehouse","1","100.0000","81102","PM10 Total 0-10um STP","35620","New York-Newark-Jersey City, NY-NJ-PA","34","New Jersey","017","Hudson","40.725413","-74.052293"
"11/08/2007","AQS","340171003","3","20","ug/m3 SC","19","Jersey City Firehouse","1","100.0000","81102","PM10 Total 0-10um STP","35620","New York-Newark-Jersey City, NY-NJ-PA","34","New Jersey","017","Hudson","40.725413","-74.052293"
"11/14/2007","AQS","340171003","3","33","ug/m3 SC","31","Jersey City Firehouse","1","100.0000","81102","PM10 Total 0-10um STP","35620","New York-Newark-Jersey City, NY-NJ-PA","34","New Jersey","017","Hudson","40.725413","-74.052293"
"11/20/2007","AQS","340171003","3","11","ug/m3 SC","10","Jersey City Firehouse","1","100.0000","81102","PM10 Total 0-10um STP","35620","New York-Newark-Jersey City, NY-NJ-PA","34","New Jersey","017","Hudson","40.725413","-74.052293"
"11/26/2007","AQS","340171003","3","16","ug/m3 SC","15","Jersey City Firehouse","1","100.0000","81102","PM10 Total 0-10um STP","35620","New York-Newark-Jersey City, NY-NJ-PA","34","New Jersey","017","Hudson","40.725413","-74.052293"
"12/02/2007","AQS","340171003","3","15","ug/m3 SC","14","Jersey City Firehouse","1","100.0000","81102","PM10 Total 0-10um STP","35620","New York-Newark-Jersey City, NY-NJ-PA","34","New Jersey","017","Hudson","40.725413","-74.052293"
"12/08/2007","AQS","340171003","3","25","ug/m3 SC","23","Jersey City Firehouse","1","100.0000","81102","PM10 Total 0-10um STP","35620","New York-Newark-Jersey City, NY-NJ-PA","34","New Jersey","017","Hudson","40.725413","-74.052293"
"12/14/2007","AQS","340171003","3","20","ug/m3 SC","19","Jersey City Firehouse","1","100.0000","81102","PM10 Total 0-10um STP","35620","New York-Newark-Jersey City, NY-NJ-PA","34","New Jersey","017","Hudson","40.725413","-74.052293"
"12/20/2007","AQS","340171003","3","21","ug/m3 SC","19","Jersey City Firehouse","1","100.0000","81102","PM10 Total 0-10um STP","35620","New York-Newark-Jersey City, NY-NJ-PA","34","New Jersey","017","Hudson","40.725413","-74.052293"
"12/26/2007","AQS","340171003","3","19","ug/m3 SC","18","Jersey City Firehouse","1","100.0000","81102","PM10 Total 0-10um STP","35620","New York-Newark-Jersey City, NY-NJ-PA","34","New Jersey","017","Hudson","40.725413","-74.052293"
"01/06/2007","AQS","340210008","2","9","ug/m3 SC","8","Trenton","1","100.0000","81102","PM10 Total 0-10um STP","45940","Trenton, NJ","34","New Jersey","021","Mercer","40.222411","-74.763167"
"01/12/2007","AQS","340210008","2","47","ug/m3 SC","44","Trenton","1","100.0000","81102","PM10 Total 0-10um STP","45940","Trenton, NJ","34","New Jersey","021","Mercer","40.222411","-74.763167"
"01/24/2007","AQS","340210008","2","18","ug/m3 SC","17","Trenton","1","100.0000","81102","PM10 Total 0-10um STP","45940","Trenton, NJ","34","New Jersey","021","Mercer","40.222411","-74.763167"
"01/30/2007","AQS","340210008","2","19","ug/m3 SC","18","Trenton","1","100.0000","81102","PM10 Total 0-10um STP","45940","Trenton, NJ","34","New Jersey","021","Mercer","40.222411","-74.763167"
"02/05/2007","AQS","340210008","2","13","ug/m3 SC","12","Trenton","1","100.0000","81102","PM10 Total 0-10um STP","45940","Trenton, NJ","34","New Jersey","021","Mercer","40.222411","-74.763167"
"02/11/2007","AQS","340210008","2","22","ug/m3 SC","20","Trenton","1","100.0000","81102","PM10 Total 0-10um STP","45940","Trenton, NJ","34","New Jersey","021","Mercer","40.222411","-74.763167"
"02/17/2007","AQS","340210008","2","19","ug/m3 SC","18","Trenton","1","100.0000","81102","PM10 Total 0-10um STP","45940","Trenton, NJ","34","New Jersey","021","Mercer","40.222411","-74.763167"
"02/23/2007","AQS","340210008","2","7","ug/m3 SC","6","Trenton","1","100.0000","81102","PM10 Total 0-10um STP","45940","Trenton, NJ","34","New Jersey","021","Mercer","40.222411","-74.763167"
"03/01/2007","AQS","340210008","2","21","ug/m3 SC","19","Trenton","1","100.0000","81102","PM10 Total 0-10um STP","45940","Trenton, NJ","34","New Jersey","021","Mercer","40.222411","-74.763167"
"03/07/2007","AQS","340210008","2","16","ug/m3 SC","15","Trenton","1","100.0000","81102","PM10 Total 0-10um STP","45940","Trenton, NJ","34","New Jersey","021","Mercer","40.222411","-74.763167"
"03/13/2007","AQS","340210008","2","32","ug/m3 SC","30","Trenton","1","100.0000","81102","PM10 Total 0-10um STP","45940","Trenton, NJ","34","New Jersey","021","Mercer","40.222411","-74.763167"
"03/19/2007","AQS","340210008","2","16","ug/m3 SC","15","Trenton","1","100.0000","81102","PM10 Total 0-10um STP","45940","Trenton, NJ","34","New Jersey","021","Mercer","40.222411","-74.763167"
"03/25/2007","AQS","340210008","2","15","ug/m3 SC","14","Trenton","1","100.0000","81102","PM10 Total 0-10um STP","45940","Trenton, NJ","34","New Jersey","021","Mercer","40.222411","-74.763167"
"03/31/2007","AQS","340210008","2","14","ug/m3 SC","13","Trenton","1","100.0000","81102","PM10 Total 0-10um STP","45940","Trenton, NJ","34","New Jersey","021","Mercer","40.222411","-74.763167"
"04/06/2007","AQS","340210008","2","11","ug/m3 SC","10","Trenton","1","100.0000","81102","PM10 Total 0-10um STP","45940","Trenton, NJ","34","New Jersey","021","Mercer","40.222411","-74.763167"
"04/12/2007","AQS","340210008","2","12","ug/m3 SC","11","Trenton","1","100.0000","81102","PM10 Total 0-10um STP","45940","Trenton, NJ","34","New Jersey","021","Mercer","40.222411","-74.763167"
"04/18/2007","AQS","340210008","2","10","ug/m3 SC","9","Trenton","1","100.0000","81102","PM10 Total 0-10um STP","45940","Trenton, NJ","34","New Jersey","021","Mercer","40.222411","-74.763167"
"04/24/2007","AQS","340210008","2","32","ug/m3 SC","30","Trenton","1","100.0000","81102","PM10 Total 0-10um STP","45940","Trenton, NJ","34","New Jersey","021","Mercer","40.222411","-74.763167"
"04/30/2007","AQS","340210008","2","28","ug/m3 SC","26","Trenton","1","100.0000","81102","PM10 Total 0-10um STP","45940","Trenton, NJ","34","New Jersey","021","Mercer","40.222411","-74.763167"
"05/06/2007","AQS","340210008","2","9","ug/m3 SC","8","Trenton","1","100.0000","81102","PM10 Total 0-10um STP","45940","Trenton, NJ","34","New Jersey","021","Mercer","40.222411","-74.763167"
"05/12/2007","AQS","340210008","2","30","ug/m3 SC","28","Trenton","1","100.0000","81102","PM10 Total 0-10um STP","45940","Trenton, NJ","34","New Jersey","021","Mercer","40.222411","-74.763167"
"05/18/2007","AQS","340210008","2","18","ug/m3 SC","17","Trenton","1","100.0000","81102","PM10 Total 0-10um STP","45940","Trenton, NJ","34","New Jersey","021","Mercer","40.222411","-74.763167"
"05/24/2007","AQS","340210008","2","36","ug/m3 SC","33","Trenton","1","100.0000","81102","PM10 Total 0-10um STP","45940","Trenton, NJ","34","New Jersey","021","Mercer","40.222411","-74.763167"
"05/30/2007","AQS","340210008","2","29","ug/m3 SC","27","Trenton","1","100.0000","81102","PM10 Total 0-10um STP","45940","Trenton, NJ","34","New Jersey","021","Mercer","40.222411","-74.763167"
"06/05/2007","AQS","340210008","2","27","ug/m3 SC","25","Trenton","1","100.0000","81102","PM10 Total 0-10um STP","45940","Trenton, NJ","34","New Jersey","021","Mercer","40.222411","-74.763167"
"06/17/2007","AQS","340210008","2","35","ug/m3 SC","32","Trenton","1","100.0000","81102","PM10 Total 0-10um STP","45940","Trenton, NJ","34","New Jersey","021","Mercer","40.222411","-74.763167"
"06/23/2007","AQS","340210008","2","16","ug/m3 SC","15","Trenton","1","100.0000","81102","PM10 Total 0-10um STP","45940","Trenton, NJ","34","New Jersey","021","Mercer","40.222411","-74.763167"
"06/29/2007","AQS","340210008","2","26","ug/m3 SC","24","Trenton","1","100.0000","81102","PM10 Total 0-10um STP","45940","Trenton, NJ","34","New Jersey","021","Mercer","40.222411","-74.763167"
"07/05/2007","AQS","340210008","2","34","ug/m3 SC","31","Trenton","1","100.0000","81102","PM10 Total 0-10um STP","45940","Trenton, NJ","34","New Jersey","021","Mercer","40.222411","-74.763167"
"07/11/2007","AQS","340210008","2","40","ug/m3 SC","37","Trenton","1","100.0000","81102","PM10 Total 0-10um STP","45940","Trenton, NJ","34","New Jersey","021","Mercer","40.222411","-74.763167"
"07/17/2007","AQS","340210008","2","45","ug/m3 SC","42","Trenton","1","100.0000","81102","PM10 Total 0-10um STP","45940","Trenton, NJ","34","New Jersey","021","Mercer","40.222411","-74.763167"
"07/23/2007","AQS","340210008","2","11","ug/m3 SC","10","Trenton","1","100.0000","81102","PM10 Total 0-10um STP","45940","Trenton, NJ","34","New Jersey","021","Mercer","40.222411","-74.763167"
"07/29/2007","AQS","340210008","2","29","ug/m3 SC","27","Trenton","1","100.0000","81102","PM10 Total 0-10um STP","45940","Trenton, NJ","34","New Jersey","021","Mercer","40.222411","-74.763167"
"08/04/2007","AQS","340210008","2","48","ug/m3 SC","44","Trenton","1","100.0000","81102","PM10 Total 0-10um STP","45940","Trenton, NJ","34","New Jersey","021","Mercer","40.222411","-74.763167"
"08/10/2007","AQS","340210008","2","17","ug/m3 SC","16","Trenton","1","100.0000","81102","PM10 Total 0-10um STP","45940","Trenton, NJ","34","New Jersey","021","Mercer","40.222411","-74.763167"
"08/16/2007","AQS","340210008","2","53","ug/m3 SC","49","Trenton","1","100.0000","81102","PM10 Total 0-10um STP","45940","Trenton, NJ","34","New Jersey","021","Mercer","40.222411","-74.763167"
"08/22/2007","AQS","340210008","2","11","ug/m3 SC","10","Trenton","1","100.0000","81102","PM10 Total 0-10um STP","45940","Trenton, NJ","34","New Jersey","021","Mercer","40.222411","-74.763167"
"08/28/2007","AQS","340210008","2","21","ug/m3 SC","19","Trenton","1","100.0000","81102","PM10 Total 0-10um STP","45940","Trenton, NJ","34","New Jersey","021","Mercer","40.222411","-74.763167"
"09/03/2007","AQS","340210008","2","28","ug/m3 SC","26","Trenton","1","100.0000","81102","PM10 Total 0-10um STP","45940","Trenton, NJ","34","New Jersey","021","Mercer","40.222411","-74.763167"
"09/09/2007","AQS","340210008","2","18","ug/m3 SC","17","Trenton","1","100.0000","81102","PM10 Total 0-10um STP","45940","Trenton, NJ","34","New Jersey","021","Mercer","40.222411","-74.763167"
"09/15/2007","AQS","340210008","2","11","ug/m3 SC","10","Trenton","1","100.0000","81102","PM10 Total 0-10um STP","45940","Trenton, NJ","34","New Jersey","021","Mercer","40.222411","-74.763167"
"09/21/2007","AQS","340210008","2","35","ug/m3 SC","32","Trenton","1","100.0000","81102","PM10 Total 0-10um STP","45940","Trenton, NJ","34","New Jersey","021","Mercer","40.222411","-74.763167"
"09/27/2007","AQS","340210008","2","29","ug/m3 SC","27","Trenton","1","100.0000","81102","PM10 Total 0-10um STP","45940","Trenton, NJ","34","New Jersey","021","Mercer","40.222411","-74.763167"
"10/03/2007","AQS","340210008","2","19","ug/m3 SC","18","Trenton","1","100.0000","81102","PM10 Total 0-10um STP","45940","Trenton, NJ","34","New Jersey","021","Mercer","40.222411","-74.763167"
"10/09/2007","AQS","340210008","2","37","ug/m3 SC","34","Trenton","1","100.0000","81102","PM10 Total 0-10um STP","45940","Trenton, NJ","34","New Jersey","021","Mercer","40.222411","-74.763167"
"10/15/2007","AQS","340210008","2","30","ug/m3 SC","28","Trenton","1","100.0000","81102","PM10 Total 0-10um STP","45940","Trenton, NJ","34","New Jersey","021","Mercer","40.222411","-74.763167"
"10/21/2007","AQS","340210008","2","15","ug/m3 SC","14","Trenton","1","100.0000","81102","PM10 Total 0-10um STP","45940","Trenton, NJ","34","New Jersey","021","Mercer","40.222411","-74.763167"
"10/27/2007","AQS","340210008","2","8","ug/m3 SC","7","Trenton","1","100.0000","81102","PM10 Total 0-10um STP","45940","Trenton, NJ","34","New Jersey","021","Mercer","40.222411","-74.763167"
"11/02/2007","AQS","340210008","2","12","ug/m3 SC","11","Trenton","1","100.0000","81102","PM10 Total 0-10um STP","45940","Trenton, NJ","34","New Jersey","021","Mercer","40.222411","-74.763167"
"11/08/2007","AQS","340210008","2","14","ug/m3 SC","13","Trenton","1","100.0000","81102","PM10 Total 0-10um STP","45940","Trenton, NJ","34","New Jersey","021","Mercer","40.222411","-74.763167"
"11/14/2007","AQS","340210008","2","24","ug/m3 SC","22","Trenton","1","100.0000","81102","PM10 Total 0-10um STP","45940","Trenton, NJ","34","New Jersey","021","Mercer","40.222411","-74.763167"
"11/20/2007","AQS","340210008","2","8","ug/m3 SC","7","Trenton","1","100.0000","81102","PM10 Total 0-10um STP","45940","Trenton, NJ","34","New Jersey","021","Mercer","40.222411","-74.763167"
"11/26/2007","AQS","340210008","2","13","ug/m3 SC","12","Trenton","1","100.0000","81102","PM10 Total 0-10um STP","45940","Trenton, NJ","34","New Jersey","021","Mercer","40.222411","-74.763167"
"12/02/2007","AQS","340210008","2","8","ug/m3 SC","7","Trenton","1","100.0000","81102","PM10 Total 0-10um STP","45940","Trenton, NJ","34","New Jersey","021","Mercer","40.222411","-74.763167"
"12/08/2007","AQS","340210008","2","17","ug/m3 SC","16","Trenton","1","100.0000","81102","PM10 Total 0-10um STP","45940","Trenton, NJ","34","New Jersey","021","Mercer","40.222411","-74.763167"
"12/14/2007","AQS","340210008","2","11","ug/m3 SC","10","Trenton","1","100.0000","81102","PM10 Total 0-10um STP","45940","Trenton, NJ","34","New Jersey","021","Mercer","40.222411","-74.763167"
"12/20/2007","AQS","340210008","2","16","ug/m3 SC","15","Trenton","1","100.0000","81102","PM10 Total 0-10um STP","45940","Trenton, NJ","34","New Jersey","021","Mercer","40.222411","-74.763167"
"12/26/2007","AQS","340210008","2","17","ug/m3 SC","16","Trenton","1","100.0000","81102","PM10 Total 0-10um STP","45940","Trenton, NJ","34","New Jersey","021","Mercer","40.222411","-74.763167"
