"Date","Source","Site ID","POC","Daily Max 8-hour Ozone Concentration","UNITS","DAILY_AQI_VALUE","Site Name","DAILY_OBS_COUNT","PERCENT_COMPLETE","AQS_PARAMETER_CODE","AQS_PARAMETER_DESC","CBSA_CODE","CBSA_NAME","STATE_CODE","STATE","COUNTY_CODE","COUNTY","SITE_LATITUDE","SITE_LONGITUDE"
"01/02/2007","AQS","340010005","1","0.025","ppm","23","NACOTE CREEK RESEARCH STATION","17","100.0000","44201","Ozone","12100","Atlantic City-Hammonton, NJ","34","New Jersey","001","Atlantic","39.5302560855943","-74.4602810895547"
"01/03/2007","AQS","340010005","1","0.018","ppm","17","NACOTE CREEK RESEARCH STATION","17","100.0000","44201","Ozone","12100","Atlantic City-Hammonton, NJ","34","New Jersey","001","Atlantic","39.5302560855943","-74.4602810895547"
"01/04/2007","AQS","340010005","1","0.025","ppm","23","NACOTE CREEK RESEARCH STATION","17","100.0000","44201","Ozone","12100","Atlantic City-Hammonton, NJ","34","New Jersey","001","Atlantic","39.5302560855943","-74.4602810895547"
"01/05/2007","AQS","340010005","1","0.021","ppm","19","NACOTE CREEK RESEARCH STATION","17","100.0000","44201","Ozone","12100","Atlantic City-Hammonton, NJ","34","New Jersey","001","Atlantic","39.5302560855943","-74.4602810895547"
"01/06/2007","AQS","340010005","1","0.026","ppm","24","NACOTE CREEK RESEARCH STATION","17","100.0000","44201","Ozone","12100","Atlantic City-Hammonton, NJ","34","New Jersey","001","Atlantic","39.5302560855943","-74.4602810895547"
"01/07/2007","AQS","340010005","1","0.033","ppm","31","NACOTE CREEK RESEARCH STATION","17","100.0000","44201","Ozone","12100","Atlantic City-Hammonton, NJ","34","New Jersey","001","Atlantic","39.5302560855943","-74.4602810895547"
"01/08/2007","AQS","340010005","1","0.025","ppm","23","NACOTE CREEK RESEARCH STATION","17","100.0000","44201","Ozone","12100","Atlantic City-Hammonton, NJ","34","New Jersey","001","Atlantic","39.5302560855943","-74.4602810895547"
"01/09/2007","AQS","340010005","1","0.028","ppm","26","NACOTE CREEK RESEARCH STATION","17","100.0000","44201","Ozone","12100","Atlantic City-Hammonton, NJ","34","New Jersey","001","Atlantic","39.5302560855943","-74.4602810895547"
"01/10/2007","AQS","340010005","1","0.028","ppm","26","NACOTE CREEK RESEARCH STATION","17","100.0000","44201","Ozone","12100","Atlantic City-Hammonton, NJ","34","New Jersey","001","Atlantic","39.5302560855943","-74.4602810895547"
"01/11/2007","AQS","340010005","1","0.026","ppm","24","NACOTE CREEK RESEARCH STATION","17","100.0000","44201","Ozone","12100","Atlantic City-Hammonton, NJ","34","New Jersey","001","Atlantic","39.5302560855943","-74.4602810895547"
"01/12/2007","AQS","340010005","1","0.023","ppm","21","NACOTE CREEK RESEARCH STATION","17","100.0000","44201","Ozone","12100","Atlantic City-Hammonton, NJ","34","New Jersey","001","Atlantic","39.5302560855943","-74.4602810895547"
"01/13/2007","AQS","340010005","1","0.021","ppm","19","NACOTE CREEK RESEARCH STATION","17","100.0000","44201","Ozone","12100","Atlantic City-Hammonton, NJ","34","New Jersey","001","Atlantic","39.5302560855943","-74.4602810895547"
"01/14/2007","AQS","340010005","1","0.009","ppm","8","NACOTE CREEK RESEARCH STATION","17","100.0000","44201","Ozone","12100","Atlantic City-Hammonton, NJ","34","New Jersey","001","Atlantic","39.5302560855943","-74.4602810895547"
"01/15/2007","AQS","340010005","1","0.026","ppm","24","NACOTE CREEK RESEARCH STATION","17","100.0000","44201","Ozone","12100","Atlantic City-Hammonton, NJ","34","New Jersey","001","Atlantic","39.5302560855943","-74.4602810895547"
"01/16/2007","AQS","340010005","1","0.026","ppm","24","NACOTE CREEK RESEARCH STATION","17","100.0000","44201","Ozone","12100","Atlantic City-Hammonton, NJ","34","New Jersey","001","Atlantic","39.5302560855943","-74.4602810895547"
"01/17/2007","AQS","340010005","1","0.029","ppm","27","NACOTE CREEK RESEARCH STATION","17","100.0000","44201","Ozone","12100","Atlantic City-Hammonton, NJ","34","New Jersey","001","Atlantic","39.5302560855943","-74.4602810895547"
"01/18/2007","AQS","340010005","1","0.022","ppm","20","NACOTE CREEK RESEARCH STATION","17","100.0000","44201","Ozone","12100","Atlantic City-Hammonton, NJ","34","New Jersey","001","Atlantic","39.5302560855943","-74.4602810895547"
"01/19/2007","AQS","340010005","1","0.022","ppm","20","NACOTE CREEK RESEARCH STATION","17","100.0000","44201","Ozone","12100","Atlantic City-Hammonton, NJ","34","New Jersey","001","Atlantic","39.5302560855943","-74.4602810895547"
"01/20/2007","AQS","340010005","1","0.029","ppm","27","NACOTE CREEK RESEARCH STATION","17","100.0000","44201","Ozone","12100","Atlantic City-Hammonton, NJ","34","New Jersey","001","Atlantic","39.5302560855943","-74.4602810895547"
"01/21/2007","AQS","340010005","1","0.031","ppm","29","NACOTE CREEK RESEARCH STATION","17","100.0000","44201","Ozone","12100","Atlantic City-Hammonton, NJ","34","New Jersey","001","Atlantic","39.5302560855943","-74.4602810895547"
"01/22/2007","AQS","340010005","1","0.02","ppm","19","NACOTE CREEK RESEARCH STATION","17","100.0000","44201","Ozone","12100","Atlantic City-Hammonton, NJ","34","New Jersey","001","Atlantic","39.5302560855943","-74.4602810895547"
"01/23/2007","AQS","340010005","1","0.022","ppm","20","NACOTE CREEK RESEARCH STATION","17","100.0000","44201","Ozone","12100","Atlantic City-Hammonton, NJ","34","New Jersey","001","Atlantic","39.5302560855943","-74.4602810895547"
"01/24/2007","AQS","340010005","1","0.021","ppm","19","NACOTE CREEK RESEARCH STATION","17","100.0000","44201","Ozone","12100","Atlantic City-Hammonton, NJ","34","New Jersey","001","Atlantic","39.5302560855943","-74.4602810895547"
"01/25/2007","AQS","340010005","1","0.03","ppm","28","NACOTE CREEK RESEARCH STATION","17","100.0000","44201","Ozone","12100","Atlantic City-Hammonton, NJ","34","New Jersey","001","Atlantic","39.5302560855943","-74.4602810895547"
"01/26/2007","AQS","340010005","1","0.031","ppm","29","NACOTE CREEK RESEARCH STATION","17","100.0000","44201","Ozone","12100","Atlantic City-Hammonton, NJ","34","New Jersey","001","Atlantic","39.5302560855943","-74.4602810895547"
"01/27/2007","AQS","340010005","1","0.031","ppm","29","NACOTE CREEK RESEARCH STATION","17","100.0000","44201","Ozone","12100","Atlantic City-Hammonton, NJ","34","New Jersey","001","Atlantic","39.5302560855943","-74.4602810895547"
"01/28/2007","AQS","340010005","1","0.023","ppm","21","NACOTE CREEK RESEARCH STATION","17","100.0000","44201","Ozone","12100","Atlantic City-Hammonton, NJ","34","New Jersey","001","Atlantic","39.5302560855943","-74.4602810895547"
"01/29/2007","AQS","340010005","1","0.03","ppm","28","NACOTE CREEK RESEARCH STATION","17","100.0000","44201","Ozone","12100","Atlantic City-Hammonton, NJ","34","New Jersey","001","Atlantic","39.5302560855943","-74.4602810895547"
"01/30/2007","AQS","340010005","1","0.03","ppm","28","NACOTE CREEK RESEARCH STATION","17","100.0000","44201","Ozone","12100","Atlantic City-Hammonton, NJ","34","New Jersey","001","Atlantic","39.5302560855943","-74.4602810895547"
"01/31/2007","AQS","340010005","1","0.025","ppm","23","NACOTE CREEK RESEARCH STATION","17","100.0000","44201","Ozone","12100","Atlantic City-Hammonton, NJ","34","New Jersey","001","Atlantic","39.5302560855943","-74.4602810895547"
"02/01/2007","AQS","340010005","1","0.023","ppm","21","NACOTE CREEK RESEARCH STATION","17","100.0000","44201","Ozone","12100","Atlantic City-Hammonton, NJ","34","New Jersey","001","Atlantic","39.5302560855943","-74.4602810895547"
"02/02/2007","AQS","340010005","1","0.016","ppm","15","NACOTE CREEK RESEARCH STATION","17","100.0000","44201","Ozone","12100","Atlantic City-Hammonton, NJ","34","New Jersey","001","Atlantic","39.5302560855943","-74.4602810895547"
"02/03/2007","AQS","340010005","1","0.032","ppm","30","NACOTE CREEK RESEARCH STATION","17","100.0000","44201","Ozone","12100","Atlantic City-Hammonton, NJ","34","New Jersey","001","Atlantic","39.5302560855943","-74.4602810895547"
"02/04/2007","AQS","340010005","1","0.031","ppm","29","NACOTE CREEK RESEARCH STATION","17","100.0000","44201","Ozone","12100","Atlantic City-Hammonton, NJ","34","New Jersey","001","Atlantic","39.5302560855943","-74.4602810895547"
"02/05/2007","AQS","340010005","1","0.028","ppm","26","NACOTE CREEK RESEARCH STATION","17","100.0000","44201","Ozone","12100","Atlantic City-Hammonton, NJ","34","New Jersey","001","Atlantic","39.5302560855943","-74.4602810895547"
"02/06/2007","AQS","340010005","1","0.024","ppm","22","NACOTE CREEK RESEARCH STATION","17","100.0000","44201","Ozone","12100","Atlantic City-Hammonton, NJ","34","New Jersey","001","Atlantic","39.5302560855943","-74.4602810895547"
"02/07/2007","AQS","340010005","1","0.027","ppm","25","NACOTE CREEK RESEARCH STATION","17","100.0000","44201","Ozone","12100","Atlantic City-Hammonton, NJ","34","New Jersey","001","Atlantic","39.5302560855943","-74.4602810895547"
"02/08/2007","AQS","340010005","1","0.03","ppm","28","NACOTE CREEK RESEARCH STATION","17","100.0000","44201","Ozone","12100","Atlantic City-Hammonton, NJ","34","New Jersey","001","Atlantic","39.5302560855943","-74.4602810895547"
"02/09/2007","AQS","340010005","1","0.028","ppm","26","NACOTE CREEK RESEARCH STATION","17","100.0000","44201","Ozone","12100","Atlantic City-Hammonton, NJ","34","New Jersey","001","Atlantic","39.5302560855943","-74.4602810895547"
"02/10/2007","AQS","340010005","1","0.03","ppm","28","NACOTE CREEK RESEARCH STATION","17","100.0000","44201","Ozone","12100","Atlantic City-Hammonton, NJ","34","New Jersey","001","Atlantic","39.5302560855943","-74.4602810895547"
"02/11/2007","AQS","340010005","1","0.034","ppm","31","NACOTE CREEK RESEARCH STATION","17","100.0000","44201","Ozone","12100","Atlantic City-Hammonton, NJ","34","New Jersey","001","Atlantic","39.5302560855943","-74.4602810895547"
"02/12/2007","AQS","340010005","1","0.028","ppm","26","NACOTE CREEK RESEARCH STATION","17","100.0000","44201","Ozone","12100","Atlantic City-Hammonton, NJ","34","New Jersey","001","Atlantic","39.5302560855943","-74.4602810895547"
"02/13/2007","AQS","340010005","1","0.036","ppm","33","NACOTE CREEK RESEARCH STATION","17","100.0000","44201","Ozone","12100","Atlantic City-Hammonton, NJ","34","New Jersey","001","Atlantic","39.5302560855943","-74.4602810895547"
"02/14/2007","AQS","340010005","1","0.032","ppm","30","NACOTE CREEK RESEARCH STATION","17","100.0000","44201","Ozone","12100","Atlantic City-Hammonton, NJ","34","New Jersey","001","Atlantic","39.5302560855943","-74.4602810895547"
"02/15/2007","AQS","340010005","1","0.034","ppm","31","NACOTE CREEK RESEARCH STATION","17","100.0000","44201","Ozone","12100","Atlantic City-Hammonton, NJ","34","New Jersey","001","Atlantic","39.5302560855943","-74.4602810895547"
"02/16/2007","AQS","340010005","1","0.032","ppm","30","NACOTE CREEK RESEARCH STATION","17","100.0000","44201","Ozone","12100","Atlantic City-Hammonton, NJ","34","New Jersey","001","Atlantic","39.5302560855943","-74.4602810895547"
"02/17/2007","AQS","340010005","1","0.035","ppm","32","NACOTE CREEK RESEARCH STATION","17","100.0000","44201","Ozone","12100","Atlantic City-Hammonton, NJ","34","New Jersey","001","Atlantic","39.5302560855943","-74.4602810895547"
"02/18/2007","AQS","340010005","1","0.037","ppm","34","NACOTE CREEK RESEARCH STATION","17","100.0000","44201","Ozone","12100","Atlantic City-Hammonton, NJ","34","New Jersey","001","Atlantic","39.5302560855943","-74.4602810895547"
"02/19/2007","AQS","340010005","1","0.037","ppm","34","NACOTE CREEK RESEARCH STATION","17","100.0000","44201","Ozone","12100","Atlantic City-Hammonton, NJ","34","New Jersey","001","Atlantic","39.5302560855943","-74.4602810895547"
"02/20/2007","AQS","340010005","1","0.035","ppm","32","NACOTE CREEK RESEARCH STATION","17","100.0000","44201","Ozone","12100","Atlantic City-Hammonton, NJ","34","New Jersey","001","Atlantic","39.5302560855943","-74.4602810895547"
"02/21/2007","AQS","340010005","1","0.034","ppm","31","NACOTE CREEK RESEARCH STATION","17","100.0000","44201","Ozone","12100","Atlantic City-Hammonton, NJ","34","New Jersey","001","Atlantic","39.5302560855943","-74.4602810895547"
"02/22/2007","AQS","340010005","1","0.027","ppm","25","NACOTE CREEK RESEARCH STATION","17","100.0000","44201","Ozone","12100","Atlantic City-Hammonton, NJ","34","New Jersey","001","Atlantic","39.5302560855943","-74.4602810895547"
"02/23/2007","AQS","340010005","1","0.037","ppm","34","NACOTE CREEK RESEARCH STATION","17","100.0000","44201","Ozone","12100","Atlantic City-Hammonton, NJ","34","New Jersey","001","Atlantic","39.5302560855943","-74.4602810895547"
"02/24/2007","AQS","340010005","1","0.036","ppm","33","NACOTE CREEK RESEARCH STATION","17","100.0000","44201","Ozone","12100","Atlantic City-Hammonton, NJ","34","New Jersey","001","Atlantic","39.5302560855943","-74.4602810895547"
"02/25/2007","AQS","340010005","1","0.032","ppm","30","NACOTE CREEK RESEARCH STATION","17","100.0000","44201","Ozone","12100","Atlantic City-Hammonton, NJ","34","New Jersey","001","Atlantic","39.5302560855943","-74.4602810895547"
"02/26/2007","AQS","340010005","1","0.02","ppm","19","NACOTE CREEK RESEARCH STATION","17","100.0000","44201","Ozone","12100","Atlantic City-Hammonton, NJ","34","New Jersey","001","Atlantic","39.5302560855943","-74.4602810895547"
"02/27/2007","AQS","340010005","1","0.02","ppm","19","NACOTE CREEK RESEARCH STATION","17","100.0000","44201","Ozone","12100","Atlantic City-Hammonton, NJ","34","New Jersey","001","Atlantic","39.5302560855943","-74.4602810895547"
"02/28/2007","AQS","340010005","1","0.025","ppm","23","NACOTE CREEK RESEARCH STATION","17","100.0000","44201","Ozone","12100","Atlantic City-Hammonton, NJ","34","New Jersey","001","Atlantic","39.5302560855943","-74.4602810895547"
"03/01/2007","AQS","340010005","1","0.05","ppm","46","NACOTE CREEK RESEARCH STATION","17","100.0000","44201","Ozone","12100","Atlantic City-Hammonton, NJ","34","New Jersey","001","Atlantic","39.5302560855943","-74.4602810895547"
"03/02/2007","AQS","340010005","1","0.042","ppm","39","NACOTE CREEK RESEARCH STATION","17","100.0000","44201","Ozone","12100","Atlantic City-Hammonton, NJ","34","New Jersey","001","Atlantic","39.5302560855943","-74.4602810895547"
"03/03/2007","AQS","340010005","1","0.043","ppm","40","NACOTE CREEK RESEARCH STATION","17","100.0000","44201","Ozone","12100","Atlantic City-Hammonton, NJ","34","New Jersey","001","Atlantic","39.5302560855943","-74.4602810895547"
"03/04/2007","AQS","340010005","1","0.034","ppm","31","NACOTE CREEK RESEARCH STATION","17","100.0000","44201","Ozone","12100","Atlantic City-Hammonton, NJ","34","New Jersey","001","Atlantic","39.5302560855943","-74.4602810895547"
"03/05/2007","AQS","340010005","1","0.039","ppm","36","NACOTE CREEK RESEARCH STATION","17","100.0000","44201","Ozone","12100","Atlantic City-Hammonton, NJ","34","New Jersey","001","Atlantic","39.5302560855943","-74.4602810895547"
"03/06/2007","AQS","340010005","1","0.037","ppm","34","NACOTE CREEK RESEARCH STATION","17","100.0000","44201","Ozone","12100","Atlantic City-Hammonton, NJ","34","New Jersey","001","Atlantic","39.5302560855943","-74.4602810895547"
"03/07/2007","AQS","340010005","1","0.033","ppm","31","NACOTE CREEK RESEARCH STATION","17","100.0000","44201","Ozone","12100","Atlantic City-Hammonton, NJ","34","New Jersey","001","Atlantic","39.5302560855943","-74.4602810895547"
"03/08/2007","AQS","340010005","1","0.038","ppm","35","NACOTE CREEK RESEARCH STATION","17","100.0000","44201","Ozone","12100","Atlantic City-Hammonton, NJ","34","New Jersey","001","Atlantic","39.5302560855943","-74.4602810895547"
"03/09/2007","AQS","340010005","1","0.042","ppm","39","NACOTE CREEK RESEARCH STATION","17","100.0000","44201","Ozone","12100","Atlantic City-Hammonton, NJ","34","New Jersey","001","Atlantic","39.5302560855943","-74.4602810895547"
"03/10/2007","AQS","340010005","1","0.047","ppm","44","NACOTE CREEK RESEARCH STATION","17","100.0000","44201","Ozone","12100","Atlantic City-Hammonton, NJ","34","New Jersey","001","Atlantic","39.5302560855943","-74.4602810895547"
"03/11/2007","AQS","340010005","1","0.047","ppm","44","NACOTE CREEK RESEARCH STATION","17","100.0000","44201","Ozone","12100","Atlantic City-Hammonton, NJ","34","New Jersey","001","Atlantic","39.5302560855943","-74.4602810895547"
"03/12/2007","AQS","340010005","1","0.037","ppm","34","NACOTE CREEK RESEARCH STATION","17","100.0000","44201","Ozone","12100","Atlantic City-Hammonton, NJ","34","New Jersey","001","Atlantic","39.5302560855943","-74.4602810895547"
"03/13/2007","AQS","340010005","1","0.05","ppm","46","NACOTE CREEK RESEARCH STATION","17","100.0000","44201","Ozone","12100","Atlantic City-Hammonton, NJ","34","New Jersey","001","Atlantic","39.5302560855943","-74.4602810895547"
"03/14/2007","AQS","340010005","1","0.057","ppm","58","NACOTE CREEK RESEARCH STATION","17","100.0000","44201","Ozone","12100","Atlantic City-Hammonton, NJ","34","New Jersey","001","Atlantic","39.5302560855943","-74.4602810895547"
"03/15/2007","AQS","340010005","1","0.043","ppm","40","NACOTE CREEK RESEARCH STATION","17","100.0000","44201","Ozone","12100","Atlantic City-Hammonton, NJ","34","New Jersey","001","Atlantic","39.5302560855943","-74.4602810895547"
"03/16/2007","AQS","340010005","1","0.034","ppm","31","NACOTE CREEK RESEARCH STATION","17","100.0000","44201","Ozone","12100","Atlantic City-Hammonton, NJ","34","New Jersey","001","Atlantic","39.5302560855943","-74.4602810895547"
"03/17/2007","AQS","340010005","1","0.037","ppm","34","NACOTE CREEK RESEARCH STATION","17","100.0000","44201","Ozone","12100","Atlantic City-Hammonton, NJ","34","New Jersey","001","Atlantic","39.5302560855943","-74.4602810895547"
"03/18/2007","AQS","340010005","1","0.042","ppm","39","NACOTE CREEK RESEARCH STATION","17","100.0000","44201","Ozone","12100","Atlantic City-Hammonton, NJ","34","New Jersey","001","Atlantic","39.5302560855943","-74.4602810895547"
"03/19/2007","AQS","340010005","1","0.05","ppm","46","NACOTE CREEK RESEARCH STATION","17","100.0000","44201","Ozone","12100","Atlantic City-Hammonton, NJ","34","New Jersey","001","Atlantic","39.5302560855943","-74.4602810895547"
"03/20/2007","AQS","340010005","1","0.045","ppm","42","NACOTE CREEK RESEARCH STATION","17","100.0000","44201","Ozone","12100","Atlantic City-Hammonton, NJ","34","New Jersey","001","Atlantic","39.5302560855943","-74.4602810895547"
"03/21/2007","AQS","340010005","1","0.045","ppm","42","NACOTE CREEK RESEARCH STATION","17","100.0000","44201","Ozone","12100","Atlantic City-Hammonton, NJ","34","New Jersey","001","Atlantic","39.5302560855943","-74.4602810895547"
"03/22/2007","AQS","340010005","1","0.048","ppm","44","NACOTE CREEK RESEARCH STATION","17","100.0000","44201","Ozone","12100","Atlantic City-Hammonton, NJ","34","New Jersey","001","Atlantic","39.5302560855943","-74.4602810895547"
"03/23/2007","AQS","340010005","1","0.034","ppm","31","NACOTE CREEK RESEARCH STATION","17","100.0000","44201","Ozone","12100","Atlantic City-Hammonton, NJ","34","New Jersey","001","Atlantic","39.5302560855943","-74.4602810895547"
"03/24/2007","AQS","340010005","1","0.036","ppm","33","NACOTE CREEK RESEARCH STATION","17","100.0000","44201","Ozone","12100","Atlantic City-Hammonton, NJ","34","New Jersey","001","Atlantic","39.5302560855943","-74.4602810895547"
"03/25/2007","AQS","340010005","1","0.037","ppm","34","NACOTE CREEK RESEARCH STATION","17","100.0000","44201","Ozone","12100","Atlantic City-Hammonton, NJ","34","New Jersey","001","Atlantic","39.5302560855943","-74.4602810895547"
"03/26/2007","AQS","340010005","1","0.039","ppm","36","NACOTE CREEK RESEARCH STATION","17","100.0000","44201","Ozone","12100","Atlantic City-Hammonton, NJ","34","New Jersey","001","Atlantic","39.5302560855943","-74.4602810895547"
"03/27/2007","AQS","340010005","1","0.052","ppm","48","NACOTE CREEK RESEARCH STATION","17","100.0000","44201","Ozone","12100","Atlantic City-Hammonton, NJ","34","New Jersey","001","Atlantic","39.5302560855943","-74.4602810895547"
"03/28/2007","AQS","340010005","1","0.035","ppm","32","NACOTE CREEK RESEARCH STATION","17","100.0000","44201","Ozone","12100","Atlantic City-Hammonton, NJ","34","New Jersey","001","Atlantic","39.5302560855943","-74.4602810895547"
"03/29/2007","AQS","340010005","1","0.044","ppm","41","NACOTE CREEK RESEARCH STATION","17","100.0000","44201","Ozone","12100","Atlantic City-Hammonton, NJ","34","New Jersey","001","Atlantic","39.5302560855943","-74.4602810895547"
"03/30/2007","AQS","340010005","1","0.043","ppm","40","NACOTE CREEK RESEARCH STATION","17","100.0000","44201","Ozone","12100","Atlantic City-Hammonton, NJ","34","New Jersey","001","Atlantic","39.5302560855943","-74.4602810895547"
"03/31/2007","AQS","340010005","1","0.044","ppm","41","NACOTE CREEK RESEARCH STATION","17","100.0000","44201","Ozone","12100","Atlantic City-Hammonton, NJ","34","New Jersey","001","Atlantic","39.5302560855943","-74.4602810895547"
"04/01/2007","AQS","340010005","1","0.043","ppm","40","NACOTE CREEK RESEARCH STATION","17","100.0000","44201","Ozone","12100","Atlantic City-Hammonton, NJ","34","New Jersey","001","Atlantic","39.5302560855943","-74.4602810895547"
"04/02/2007","AQS","340010005","1","0.041","ppm","38","NACOTE CREEK RESEARCH STATION","17","100.0000","44201","Ozone","12100","Atlantic City-Hammonton, NJ","34","New Jersey","001","Atlantic","39.5302560855943","-74.4602810895547"
"04/03/2007","AQS","340010005","1","0.042","ppm","39","NACOTE CREEK RESEARCH STATION","17","100.0000","44201","Ozone","12100","Atlantic City-Hammonton, NJ","34","New Jersey","001","Atlantic","39.5302560855943","-74.4602810895547"
"04/04/2007","AQS","340010005","1","0.039","ppm","36","NACOTE CREEK RESEARCH STATION","17","100.0000","44201","Ozone","12100","Atlantic City-Hammonton, NJ","34","New Jersey","001","Atlantic","39.5302560855943","-74.4602810895547"
"04/05/2007","AQS","340010005","1","0.03","ppm","28","NACOTE CREEK RESEARCH STATION","17","100.0000","44201","Ozone","12100","Atlantic City-Hammonton, NJ","34","New Jersey","001","Atlantic","39.5302560855943","-74.4602810895547"
"04/06/2007","AQS","340010005","1","0.035","ppm","32","NACOTE CREEK RESEARCH STATION","17","100.0000","44201","Ozone","12100","Atlantic City-Hammonton, NJ","34","New Jersey","001","Atlantic","39.5302560855943","-74.4602810895547"
"04/07/2007","AQS","340010005","1","0.038","ppm","35","NACOTE CREEK RESEARCH STATION","17","100.0000","44201","Ozone","12100","Atlantic City-Hammonton, NJ","34","New Jersey","001","Atlantic","39.5302560855943","-74.4602810895547"
"04/08/2007","AQS","340010005","1","0.03","ppm","28","NACOTE CREEK RESEARCH STATION","17","100.0000","44201","Ozone","12100","Atlantic City-Hammonton, NJ","34","New Jersey","001","Atlantic","39.5302560855943","-74.4602810895547"
"04/09/2007","AQS","340010005","1","0.036","ppm","33","NACOTE CREEK RESEARCH STATION","17","100.0000","44201","Ozone","12100","Atlantic City-Hammonton, NJ","34","New Jersey","001","Atlantic","39.5302560855943","-74.4602810895547"
"04/10/2007","AQS","340010005","1","0.042","ppm","39","NACOTE CREEK RESEARCH STATION","17","100.0000","44201","Ozone","12100","Atlantic City-Hammonton, NJ","34","New Jersey","001","Atlantic","39.5302560855943","-74.4602810895547"
"04/11/2007","AQS","340010005","1","0.048","ppm","44","NACOTE CREEK RESEARCH STATION","17","100.0000","44201","Ozone","12100","Atlantic City-Hammonton, NJ","34","New Jersey","001","Atlantic","39.5302560855943","-74.4602810895547"
"04/12/2007","AQS","340010005","1","0.046","ppm","43","NACOTE CREEK RESEARCH STATION","17","100.0000","44201","Ozone","12100","Atlantic City-Hammonton, NJ","34","New Jersey","001","Atlantic","39.5302560855943","-74.4602810895547"
"04/13/2007","AQS","340010005","1","0.04","ppm","37","NACOTE CREEK RESEARCH STATION","17","100.0000","44201","Ozone","12100","Atlantic City-Hammonton, NJ","34","New Jersey","001","Atlantic","39.5302560855943","-74.4602810895547"
"04/14/2007","AQS","340010005","1","0.05","ppm","46","NACOTE CREEK RESEARCH STATION","17","100.0000","44201","Ozone","12100","Atlantic City-Hammonton, NJ","34","New Jersey","001","Atlantic","39.5302560855943","-74.4602810895547"
"04/15/2007","AQS","340010005","1","0.054","ppm","50","NACOTE CREEK RESEARCH STATION","17","100.0000","44201","Ozone","12100","Atlantic City-Hammonton, NJ","34","New Jersey","001","Atlantic","39.5302560855943","-74.4602810895547"
"04/16/2007","AQS","340010005","1","0.034","ppm","31","NACOTE CREEK RESEARCH STATION","17","100.0000","44201","Ozone","12100","Atlantic City-Hammonton, NJ","34","New Jersey","001","Atlantic","39.5302560855943","-74.4602810895547"
"04/17/2007","AQS","340010005","1","0.038","ppm","35","NACOTE CREEK RESEARCH STATION","17","100.0000","44201","Ozone","12100","Atlantic City-Hammonton, NJ","34","New Jersey","001","Atlantic","39.5302560855943","-74.4602810895547"
"04/18/2007","AQS","340010005","1","0.031","ppm","29","NACOTE CREEK RESEARCH STATION","17","100.0000","44201","Ozone","12100","Atlantic City-Hammonton, NJ","34","New Jersey","001","Atlantic","39.5302560855943","-74.4602810895547"
"04/19/2007","AQS","340010005","1","0.037","ppm","34","NACOTE CREEK RESEARCH STATION","17","100.0000","44201","Ozone","12100","Atlantic City-Hammonton, NJ","34","New Jersey","001","Atlantic","39.5302560855943","-74.4602810895547"
"04/20/2007","AQS","340010005","1","0.043","ppm","40","NACOTE CREEK RESEARCH STATION","17","100.0000","44201","Ozone","12100","Atlantic City-Hammonton, NJ","34","New Jersey","001","Atlantic","39.5302560855943","-74.4602810895547"
"04/24/2007","AQS","340010005","1","0.066","ppm","87","NACOTE CREEK RESEARCH STATION","17","100.0000","44201","Ozone","12100","Atlantic City-Hammonton, NJ","34","New Jersey","001","Atlantic","39.5302560855943","-74.4602810895547"
"04/25/2007","AQS","340010005","1","0.05","ppm","46","NACOTE CREEK RESEARCH STATION","17","100.0000","44201","Ozone","12100","Atlantic City-Hammonton, NJ","34","New Jersey","001","Atlantic","39.5302560855943","-74.4602810895547"
"04/26/2007","AQS","340010005","1","0.046","ppm","43","NACOTE CREEK RESEARCH STATION","17","100.0000","44201","Ozone","12100","Atlantic City-Hammonton, NJ","34","New Jersey","001","Atlantic","39.5302560855943","-74.4602810895547"
"04/27/2007","AQS","340010005","1","0.026","ppm","24","NACOTE CREEK RESEARCH STATION","17","100.0000","44201","Ozone","12100","Atlantic City-Hammonton, NJ","34","New Jersey","001","Atlantic","39.5302560855943","-74.4602810895547"
"04/28/2007","AQS","340010005","1","0.039","ppm","36","NACOTE CREEK RESEARCH STATION","17","100.0000","44201","Ozone","12100","Atlantic City-Hammonton, NJ","34","New Jersey","001","Atlantic","39.5302560855943","-74.4602810895547"
"04/29/2007","AQS","340010005","1","0.048","ppm","44","NACOTE CREEK RESEARCH STATION","17","100.0000","44201","Ozone","12100","Atlantic City-Hammonton, NJ","34","New Jersey","001","Atlantic","39.5302560855943","-74.4602810895547"
"04/30/2007","AQS","340010005","1","0.065","ppm","84","NACOTE CREEK RESEARCH STATION","17","100.0000","44201","Ozone","12100","Atlantic City-Hammonton, NJ","34","New Jersey","001","Atlantic","39.5302560855943","-74.4602810895547"
"05/01/2007","AQS","340010005","1","0.05","ppm","46","NACOTE CREEK RESEARCH STATION","17","100.0000","44201","Ozone","12100","Atlantic City-Hammonton, NJ","34","New Jersey","001","Atlantic","39.5302560855943","-74.4602810895547"
"05/02/2007","AQS","340010005","1","0.042","ppm","39","NACOTE CREEK RESEARCH STATION","17","100.0000","44201","Ozone","12100","Atlantic City-Hammonton, NJ","34","New Jersey","001","Atlantic","39.5302560855943","-74.4602810895547"
"05/03/2007","AQS","340010005","1","0.048","ppm","44","NACOTE CREEK RESEARCH STATION","17","100.0000","44201","Ozone","12100","Atlantic City-Hammonton, NJ","34","New Jersey","001","Atlantic","39.5302560855943","-74.4602810895547"
"05/04/2007","AQS","340010005","1","0.044","ppm","41","NACOTE CREEK RESEARCH STATION","17","100.0000","44201","Ozone","12100","Atlantic City-Hammonton, NJ","34","New Jersey","001","Atlantic","39.5302560855943","-74.4602810895547"
"05/05/2007","AQS","340010005","1","0.069","ppm","97","NACOTE CREEK RESEARCH STATION","17","100.0000","44201","Ozone","12100","Atlantic City-Hammonton, NJ","34","New Jersey","001","Atlantic","39.5302560855943","-74.4602810895547"
"05/06/2007","AQS","340010005","1","0.039","ppm","36","NACOTE CREEK RESEARCH STATION","17","100.0000","44201","Ozone","12100","Atlantic City-Hammonton, NJ","34","New Jersey","001","Atlantic","39.5302560855943","-74.4602810895547"
"05/07/2007","AQS","340010005","1","0.037","ppm","34","NACOTE CREEK RESEARCH STATION","17","100.0000","44201","Ozone","12100","Atlantic City-Hammonton, NJ","34","New Jersey","001","Atlantic","39.5302560855943","-74.4602810895547"
"05/08/2007","AQS","340010005","1","0.037","ppm","34","NACOTE CREEK RESEARCH STATION","17","100.0000","44201","Ozone","12100","Atlantic City-Hammonton, NJ","34","New Jersey","001","Atlantic","39.5302560855943","-74.4602810895547"
"05/09/2007","AQS","340010005","1","0.029","ppm","27","NACOTE CREEK RESEARCH STATION","17","100.0000","44201","Ozone","12100","Atlantic City-Hammonton, NJ","34","New Jersey","001","Atlantic","39.5302560855943","-74.4602810895547"
"05/10/2007","AQS","340010005","1","0.031","ppm","29","NACOTE CREEK RESEARCH STATION","17","100.0000","44201","Ozone","12100","Atlantic City-Hammonton, NJ","34","New Jersey","001","Atlantic","39.5302560855943","-74.4602810895547"
"05/11/2007","AQS","340010005","1","0.042","ppm","39","NACOTE CREEK RESEARCH STATION","17","100.0000","44201","Ozone","12100","Atlantic City-Hammonton, NJ","34","New Jersey","001","Atlantic","39.5302560855943","-74.4602810895547"
"05/12/2007","AQS","340010005","1","0.035","ppm","32","NACOTE CREEK RESEARCH STATION","17","100.0000","44201","Ozone","12100","Atlantic City-Hammonton, NJ","34","New Jersey","001","Atlantic","39.5302560855943","-74.4602810895547"
"05/13/2007","AQS","340010005","1","0.05","ppm","46","NACOTE CREEK RESEARCH STATION","17","100.0000","44201","Ozone","12100","Atlantic City-Hammonton, NJ","34","New Jersey","001","Atlantic","39.5302560855943","-74.4602810895547"
"05/14/2007","AQS","340010005","1","0.054","ppm","50","NACOTE CREEK RESEARCH STATION","17","100.0000","44201","Ozone","12100","Atlantic City-Hammonton, NJ","34","New Jersey","001","Atlantic","39.5302560855943","-74.4602810895547"
"05/15/2007","AQS","340010005","1","0.069","ppm","97","NACOTE CREEK RESEARCH STATION","17","100.0000","44201","Ozone","12100","Atlantic City-Hammonton, NJ","34","New Jersey","001","Atlantic","39.5302560855943","-74.4602810895547"
"05/16/2007","AQS","340010005","1","0.067","ppm","90","NACOTE CREEK RESEARCH STATION","17","100.0000","44201","Ozone","12100","Atlantic City-Hammonton, NJ","34","New Jersey","001","Atlantic","39.5302560855943","-74.4602810895547"
"05/17/2007","AQS","340010005","1","0.038","ppm","35","NACOTE CREEK RESEARCH STATION","17","100.0000","44201","Ozone","12100","Atlantic City-Hammonton, NJ","34","New Jersey","001","Atlantic","39.5302560855943","-74.4602810895547"
"05/18/2007","AQS","340010005","1","0.025","ppm","23","NACOTE CREEK RESEARCH STATION","17","100.0000","44201","Ozone","12100","Atlantic City-Hammonton, NJ","34","New Jersey","001","Atlantic","39.5302560855943","-74.4602810895547"
"05/19/2007","AQS","340010005","1","0.046","ppm","43","NACOTE CREEK RESEARCH STATION","17","100.0000","44201","Ozone","12100","Atlantic City-Hammonton, NJ","34","New Jersey","001","Atlantic","39.5302560855943","-74.4602810895547"
"05/20/2007","AQS","340010005","1","0.06","ppm","67","NACOTE CREEK RESEARCH STATION","17","100.0000","44201","Ozone","12100","Atlantic City-Hammonton, NJ","34","New Jersey","001","Atlantic","39.5302560855943","-74.4602810895547"
"05/21/2007","AQS","340010005","1","0.046","ppm","43","NACOTE CREEK RESEARCH STATION","17","100.0000","44201","Ozone","12100","Atlantic City-Hammonton, NJ","34","New Jersey","001","Atlantic","39.5302560855943","-74.4602810895547"
"05/22/2007","AQS","340010005","1","0.054","ppm","50","NACOTE CREEK RESEARCH STATION","17","100.0000","44201","Ozone","12100","Atlantic City-Hammonton, NJ","34","New Jersey","001","Atlantic","39.5302560855943","-74.4602810895547"
"05/23/2007","AQS","340010005","1","0.056","ppm","54","NACOTE CREEK RESEARCH STATION","17","100.0000","44201","Ozone","12100","Atlantic City-Hammonton, NJ","34","New Jersey","001","Atlantic","39.5302560855943","-74.4602810895547"
"05/24/2007","AQS","340010005","1","0.062","ppm","74","NACOTE CREEK RESEARCH STATION","17","100.0000","44201","Ozone","12100","Atlantic City-Hammonton, NJ","34","New Jersey","001","Atlantic","39.5302560855943","-74.4602810895547"
"05/25/2007","AQS","340010005","1","0.068","ppm","93","NACOTE CREEK RESEARCH STATION","17","100.0000","44201","Ozone","12100","Atlantic City-Hammonton, NJ","34","New Jersey","001","Atlantic","39.5302560855943","-74.4602810895547"
"05/26/2007","AQS","340010005","1","0.077","ppm","122","NACOTE CREEK RESEARCH STATION","17","100.0000","44201","Ozone","12100","Atlantic City-Hammonton, NJ","34","New Jersey","001","Atlantic","39.5302560855943","-74.4602810895547"
"05/27/2007","AQS","340010005","1","0.069","ppm","97","NACOTE CREEK RESEARCH STATION","17","100.0000","44201","Ozone","12100","Atlantic City-Hammonton, NJ","34","New Jersey","001","Atlantic","39.5302560855943","-74.4602810895547"
"05/28/2007","AQS","340010005","1","0.061","ppm","71","NACOTE CREEK RESEARCH STATION","17","100.0000","44201","Ozone","12100","Atlantic City-Hammonton, NJ","34","New Jersey","001","Atlantic","39.5302560855943","-74.4602810895547"
"05/29/2007","AQS","340010005","1","0.056","ppm","54","NACOTE CREEK RESEARCH STATION","17","100.0000","44201","Ozone","12100","Atlantic City-Hammonton, NJ","34","New Jersey","001","Atlantic","39.5302560855943","-74.4602810895547"
"05/30/2007","AQS","340010005","1","0.064","ppm","80","NACOTE CREEK RESEARCH STATION","17","100.0000","44201","Ozone","12100","Atlantic City-Hammonton, NJ","34","New Jersey","001","Atlantic","39.5302560855943","-74.4602810895547"
"05/31/2007","AQS","340010005","1","0.078","ppm","126","NACOTE CREEK RESEARCH STATION","17","100.0000","44201","Ozone","12100","Atlantic City-Hammonton, NJ","34","New Jersey","001","Atlantic","39.5302560855943","-74.4602810895547"
"06/01/2007","AQS","340010005","1","0.059","ppm","64","NACOTE CREEK RESEARCH STATION","17","100.0000","44201","Ozone","12100","Atlantic City-Hammonton, NJ","34","New Jersey","001","Atlantic","39.5302560855943","-74.4602810895547"
"06/02/2007","AQS","340010005","1","0.052","ppm","48","NACOTE CREEK RESEARCH STATION","17","100.0000","44201","Ozone","12100","Atlantic City-Hammonton, NJ","34","New Jersey","001","Atlantic","39.5302560855943","-74.4602810895547"
"06/03/2007","AQS","340010005","1","0.033","ppm","31","NACOTE CREEK RESEARCH STATION","17","100.0000","44201","Ozone","12100","Atlantic City-Hammonton, NJ","34","New Jersey","001","Atlantic","39.5302560855943","-74.4602810895547"
"06/04/2007","AQS","340010005","1","0.039","ppm","36","NACOTE CREEK RESEARCH STATION","17","100.0000","44201","Ozone","12100","Atlantic City-Hammonton, NJ","34","New Jersey","001","Atlantic","39.5302560855943","-74.4602810895547"
"06/05/2007","AQS","340010005","1","0.061","ppm","71","NACOTE CREEK RESEARCH STATION","17","100.0000","44201","Ozone","12100","Atlantic City-Hammonton, NJ","34","New Jersey","001","Atlantic","39.5302560855943","-74.4602810895547"
"06/06/2007","AQS","340010005","1","0.042","ppm","39","NACOTE CREEK RESEARCH STATION","17","100.0000","44201","Ozone","12100","Atlantic City-Hammonton, NJ","34","New Jersey","001","Atlantic","39.5302560855943","-74.4602810895547"
"06/07/2007","AQS","340010005","1","0.065","ppm","84","NACOTE CREEK RESEARCH STATION","17","100.0000","44201","Ozone","12100","Atlantic City-Hammonton, NJ","34","New Jersey","001","Atlantic","39.5302560855943","-74.4602810895547"
"06/08/2007","AQS","340010005","1","0.068","ppm","93","NACOTE CREEK RESEARCH STATION","17","100.0000","44201","Ozone","12100","Atlantic City-Hammonton, NJ","34","New Jersey","001","Atlantic","39.5302560855943","-74.4602810895547"
"06/09/2007","AQS","340010005","1","0.049","ppm","45","NACOTE CREEK RESEARCH STATION","17","100.0000","44201","Ozone","12100","Atlantic City-Hammonton, NJ","34","New Jersey","001","Atlantic","39.5302560855943","-74.4602810895547"
"06/10/2007","AQS","340010005","1","0.046","ppm","43","NACOTE CREEK RESEARCH STATION","17","100.0000","44201","Ozone","12100","Atlantic City-Hammonton, NJ","34","New Jersey","001","Atlantic","39.5302560855943","-74.4602810895547"
"06/11/2007","AQS","340010005","1","0.057","ppm","58","NACOTE CREEK RESEARCH STATION","17","100.0000","44201","Ozone","12100","Atlantic City-Hammonton, NJ","34","New Jersey","001","Atlantic","39.5302560855943","-74.4602810895547"
"06/12/2007","AQS","340010005","1","0.041","ppm","38","NACOTE CREEK RESEARCH STATION","17","100.0000","44201","Ozone","12100","Atlantic City-Hammonton, NJ","34","New Jersey","001","Atlantic","39.5302560855943","-74.4602810895547"
"06/13/2007","AQS","340010005","1","0.029","ppm","27","NACOTE CREEK RESEARCH STATION","17","100.0000","44201","Ozone","12100","Atlantic City-Hammonton, NJ","34","New Jersey","001","Atlantic","39.5302560855943","-74.4602810895547"
"06/14/2007","AQS","340010005","1","0.026","ppm","24","NACOTE CREEK RESEARCH STATION","17","100.0000","44201","Ozone","12100","Atlantic City-Hammonton, NJ","34","New Jersey","001","Atlantic","39.5302560855943","-74.4602810895547"
"06/15/2007","AQS","340010005","1","0.039","ppm","36","NACOTE CREEK RESEARCH STATION","17","100.0000","44201","Ozone","12100","Atlantic City-Hammonton, NJ","34","New Jersey","001","Atlantic","39.5302560855943","-74.4602810895547"
"06/16/2007","AQS","340010005","1","0.062","ppm","74","NACOTE CREEK RESEARCH STATION","17","100.0000","44201","Ozone","12100","Atlantic City-Hammonton, NJ","34","New Jersey","001","Atlantic","39.5302560855943","-74.4602810895547"
"06/17/2007","AQS","340010005","1","0.07","ppm","100","NACOTE CREEK RESEARCH STATION","17","100.0000","44201","Ozone","12100","Atlantic City-Hammonton, NJ","34","New Jersey","001","Atlantic","39.5302560855943","-74.4602810895547"
"06/18/2007","AQS","340010005","1","0.049","ppm","45","NACOTE CREEK RESEARCH STATION","17","100.0000","44201","Ozone","12100","Atlantic City-Hammonton, NJ","34","New Jersey","001","Atlantic","39.5302560855943","-74.4602810895547"
"06/19/2007","AQS","340010005","1","0.056","ppm","54","NACOTE CREEK RESEARCH STATION","17","100.0000","44201","Ozone","12100","Atlantic City-Hammonton, NJ","34","New Jersey","001","Atlantic","39.5302560855943","-74.4602810895547"
"06/20/2007","AQS","340010005","1","0.042","ppm","39","NACOTE CREEK RESEARCH STATION","17","100.0000","44201","Ozone","12100","Atlantic City-Hammonton, NJ","34","New Jersey","001","Atlantic","39.5302560855943","-74.4602810895547"
"06/21/2007","AQS","340010005","1","0.066","ppm","87","NACOTE CREEK RESEARCH STATION","17","100.0000","44201","Ozone","12100","Atlantic City-Hammonton, NJ","34","New Jersey","001","Atlantic","39.5302560855943","-74.4602810895547"
"06/22/2007","AQS","340010005","1","0.044","ppm","41","NACOTE CREEK RESEARCH STATION","17","100.0000","44201","Ozone","12100","Atlantic City-Hammonton, NJ","34","New Jersey","001","Atlantic","39.5302560855943","-74.4602810895547"
"06/23/2007","AQS","340010005","1","0.054","ppm","50","NACOTE CREEK RESEARCH STATION","17","100.0000","44201","Ozone","12100","Atlantic City-Hammonton, NJ","34","New Jersey","001","Atlantic","39.5302560855943","-74.4602810895547"
"06/24/2007","AQS","340010005","1","0.05","ppm","46","NACOTE CREEK RESEARCH STATION","17","100.0000","44201","Ozone","12100","Atlantic City-Hammonton, NJ","34","New Jersey","001","Atlantic","39.5302560855943","-74.4602810895547"
"06/25/2007","AQS","340010005","1","0.051","ppm","47","NACOTE CREEK RESEARCH STATION","17","100.0000","44201","Ozone","12100","Atlantic City-Hammonton, NJ","34","New Jersey","001","Atlantic","39.5302560855943","-74.4602810895547"
"06/26/2007","AQS","340010005","1","0.067","ppm","90","NACOTE CREEK RESEARCH STATION","17","100.0000","44201","Ozone","12100","Atlantic City-Hammonton, NJ","34","New Jersey","001","Atlantic","39.5302560855943","-74.4602810895547"
"06/27/2007","AQS","340010005","1","0.059","ppm","64","NACOTE CREEK RESEARCH STATION","17","100.0000","44201","Ozone","12100","Atlantic City-Hammonton, NJ","34","New Jersey","001","Atlantic","39.5302560855943","-74.4602810895547"
"06/28/2007","AQS","340010005","1","0.072","ppm","105","NACOTE CREEK RESEARCH STATION","17","100.0000","44201","Ozone","12100","Atlantic City-Hammonton, NJ","34","New Jersey","001","Atlantic","39.5302560855943","-74.4602810895547"
"06/29/2007","AQS","340010005","1","0.026","ppm","24","NACOTE CREEK RESEARCH STATION","17","100.0000","44201","Ozone","12100","Atlantic City-Hammonton, NJ","34","New Jersey","001","Atlantic","39.5302560855943","-74.4602810895547"
"06/30/2007","AQS","340010005","1","0.042","ppm","39","NACOTE CREEK RESEARCH STATION","17","100.0000","44201","Ozone","12100","Atlantic City-Hammonton, NJ","34","New Jersey","001","Atlantic","39.5302560855943","-74.4602810895547"
"07/01/2007","AQS","340010005","1","0.046","ppm","43","NACOTE CREEK RESEARCH STATION","17","100.0000","44201","Ozone","12100","Atlantic City-Hammonton, NJ","34","New Jersey","001","Atlantic","39.5302560855943","-74.4602810895547"
"07/02/2007","AQS","340010005","1","0.041","ppm","38","NACOTE CREEK RESEARCH STATION","17","100.0000","44201","Ozone","12100","Atlantic City-Hammonton, NJ","34","New Jersey","001","Atlantic","39.5302560855943","-74.4602810895547"
"07/03/2007","AQS","340010005","1","0.053","ppm","49","NACOTE CREEK RESEARCH STATION","17","100.0000","44201","Ozone","12100","Atlantic City-Hammonton, NJ","34","New Jersey","001","Atlantic","39.5302560855943","-74.4602810895547"
"07/04/2007","AQS","340010005","1","0.041","ppm","38","NACOTE CREEK RESEARCH STATION","17","100.0000","44201","Ozone","12100","Atlantic City-Hammonton, NJ","34","New Jersey","001","Atlantic","39.5302560855943","-74.4602810895547"
"07/05/2007","AQS","340010005","1","0.045","ppm","42","NACOTE CREEK RESEARCH STATION","17","100.0000","44201","Ozone","12100","Atlantic City-Hammonton, NJ","34","New Jersey","001","Atlantic","39.5302560855943","-74.4602810895547"
"07/06/2007","AQS","340010005","1","0.064","ppm","80","NACOTE CREEK RESEARCH STATION","17","100.0000","44201","Ozone","12100","Atlantic City-Hammonton, NJ","34","New Jersey","001","Atlantic","39.5302560855943","-74.4602810895547"
"07/07/2007","AQS","340010005","1","0.058","ppm","61","NACOTE CREEK RESEARCH STATION","17","100.0000","44201","Ozone","12100","Atlantic City-Hammonton, NJ","34","New Jersey","001","Atlantic","39.5302560855943","-74.4602810895547"
"07/08/2007","AQS","340010005","1","0.075","ppm","115","NACOTE CREEK RESEARCH STATION","17","100.0000","44201","Ozone","12100","Atlantic City-Hammonton, NJ","34","New Jersey","001","Atlantic","39.5302560855943","-74.4602810895547"
"07/09/2007","AQS","340010005","1","0.071","ppm","101","NACOTE CREEK RESEARCH STATION","17","100.0000","44201","Ozone","12100","Atlantic City-Hammonton, NJ","34","New Jersey","001","Atlantic","39.5302560855943","-74.4602810895547"
"07/10/2007","AQS","340010005","1","0.041","ppm","38","NACOTE CREEK RESEARCH STATION","17","100.0000","44201","Ozone","12100","Atlantic City-Hammonton, NJ","34","New Jersey","001","Atlantic","39.5302560855943","-74.4602810895547"
"07/11/2007","AQS","340010005","1","0.051","ppm","47","NACOTE CREEK RESEARCH STATION","17","100.0000","44201","Ozone","12100","Atlantic City-Hammonton, NJ","34","New Jersey","001","Atlantic","39.5302560855943","-74.4602810895547"
"07/12/2007","AQS","340010005","1","0.061","ppm","71","NACOTE CREEK RESEARCH STATION","17","100.0000","44201","Ozone","12100","Atlantic City-Hammonton, NJ","34","New Jersey","001","Atlantic","39.5302560855943","-74.4602810895547"
"07/16/2007","AQS","340010005","1","0.044","ppm","41","NACOTE CREEK RESEARCH STATION","13","76.0000","44201","Ozone","12100","Atlantic City-Hammonton, NJ","34","New Jersey","001","Atlantic","39.5302560855943","-74.4602810895547"
"07/17/2007","AQS","340010005","1","0.065","ppm","84","NACOTE CREEK RESEARCH STATION","17","100.0000","44201","Ozone","12100","Atlantic City-Hammonton, NJ","34","New Jersey","001","Atlantic","39.5302560855943","-74.4602810895547"
"07/18/2007","AQS","340010005","1","0.055","ppm","51","NACOTE CREEK RESEARCH STATION","17","100.0000","44201","Ozone","12100","Atlantic City-Hammonton, NJ","34","New Jersey","001","Atlantic","39.5302560855943","-74.4602810895547"
"07/23/2007","AQS","340010005","1","0.028","ppm","26","NACOTE CREEK RESEARCH STATION","17","100.0000","44201","Ozone","12100","Atlantic City-Hammonton, NJ","34","New Jersey","001","Atlantic","39.5302560855943","-74.4602810895547"
"07/24/2007","AQS","340010005","1","0.054","ppm","50","NACOTE CREEK RESEARCH STATION","17","100.0000","44201","Ozone","12100","Atlantic City-Hammonton, NJ","34","New Jersey","001","Atlantic","39.5302560855943","-74.4602810895547"
"07/25/2007","AQS","340010005","1","0.034","ppm","31","NACOTE CREEK RESEARCH STATION","17","100.0000","44201","Ozone","12100","Atlantic City-Hammonton, NJ","34","New Jersey","001","Atlantic","39.5302560855943","-74.4602810895547"
"07/26/2007","AQS","340010005","1","0.025","ppm","23","NACOTE CREEK RESEARCH STATION","17","100.0000","44201","Ozone","12100","Atlantic City-Hammonton, NJ","34","New Jersey","001","Atlantic","39.5302560855943","-74.4602810895547"
"07/27/2007","AQS","340010005","1","0.02","ppm","19","NACOTE CREEK RESEARCH STATION","17","100.0000","44201","Ozone","12100","Atlantic City-Hammonton, NJ","34","New Jersey","001","Atlantic","39.5302560855943","-74.4602810895547"
"07/28/2007","AQS","340010005","1","0.061","ppm","71","NACOTE CREEK RESEARCH STATION","17","100.0000","44201","Ozone","12100","Atlantic City-Hammonton, NJ","34","New Jersey","001","Atlantic","39.5302560855943","-74.4602810895547"
"08/03/2007","AQS","340010005","1","0.049","ppm","45","NACOTE CREEK RESEARCH STATION","15","88.0000","44201","Ozone","12100","Atlantic City-Hammonton, NJ","34","New Jersey","001","Atlantic","39.5302560855943","-74.4602810895547"
"08/04/2007","AQS","340010005","1","0.056","ppm","54","NACOTE CREEK RESEARCH STATION","17","100.0000","44201","Ozone","12100","Atlantic City-Hammonton, NJ","34","New Jersey","001","Atlantic","39.5302560855943","-74.4602810895547"
"08/05/2007","AQS","340010005","1","0.038","ppm","35","NACOTE CREEK RESEARCH STATION","17","100.0000","44201","Ozone","12100","Atlantic City-Hammonton, NJ","34","New Jersey","001","Atlantic","39.5302560855943","-74.4602810895547"
"08/06/2007","AQS","340010005","1","0.046","ppm","43","NACOTE CREEK RESEARCH STATION","17","100.0000","44201","Ozone","12100","Atlantic City-Hammonton, NJ","34","New Jersey","001","Atlantic","39.5302560855943","-74.4602810895547"
"08/07/2007","AQS","340010005","1","0.071","ppm","101","NACOTE CREEK RESEARCH STATION","17","100.0000","44201","Ozone","12100","Atlantic City-Hammonton, NJ","34","New Jersey","001","Atlantic","39.5302560855943","-74.4602810895547"
"08/08/2007","AQS","340010005","1","0.071","ppm","101","NACOTE CREEK RESEARCH STATION","17","100.0000","44201","Ozone","12100","Atlantic City-Hammonton, NJ","34","New Jersey","001","Atlantic","39.5302560855943","-74.4602810895547"
"08/09/2007","AQS","340010005","1","0.043","ppm","40","NACOTE CREEK RESEARCH STATION","17","100.0000","44201","Ozone","12100","Atlantic City-Hammonton, NJ","34","New Jersey","001","Atlantic","39.5302560855943","-74.4602810895547"
"08/10/2007","AQS","340010005","1","0.039","ppm","36","NACOTE CREEK RESEARCH STATION","17","100.0000","44201","Ozone","12100","Atlantic City-Hammonton, NJ","34","New Jersey","001","Atlantic","39.5302560855943","-74.4602810895547"
"08/11/2007","AQS","340010005","1","0.045","ppm","42","NACOTE CREEK RESEARCH STATION","17","100.0000","44201","Ozone","12100","Atlantic City-Hammonton, NJ","34","New Jersey","001","Atlantic","39.5302560855943","-74.4602810895547"
"08/12/2007","AQS","340010005","1","0.056","ppm","54","NACOTE CREEK RESEARCH STATION","17","100.0000","44201","Ozone","12100","Atlantic City-Hammonton, NJ","34","New Jersey","001","Atlantic","39.5302560855943","-74.4602810895547"
"08/13/2007","AQS","340010005","1","0.071","ppm","101","NACOTE CREEK RESEARCH STATION","17","100.0000","44201","Ozone","12100","Atlantic City-Hammonton, NJ","34","New Jersey","001","Atlantic","39.5302560855943","-74.4602810895547"
"08/14/2007","AQS","340010005","1","0.044","ppm","41","NACOTE CREEK RESEARCH STATION","17","100.0000","44201","Ozone","12100","Atlantic City-Hammonton, NJ","34","New Jersey","001","Atlantic","39.5302560855943","-74.4602810895547"
"08/15/2007","AQS","340010005","1","0.056","ppm","54","NACOTE CREEK RESEARCH STATION","17","100.0000","44201","Ozone","12100","Atlantic City-Hammonton, NJ","34","New Jersey","001","Atlantic","39.5302560855943","-74.4602810895547"
"08/16/2007","AQS","340010005","1","0.053","ppm","49","NACOTE CREEK RESEARCH STATION","17","100.0000","44201","Ozone","12100","Atlantic City-Hammonton, NJ","34","New Jersey","001","Atlantic","39.5302560855943","-74.4602810895547"
"08/17/2007","AQS","340010005","1","0.069","ppm","97","NACOTE CREEK RESEARCH STATION","17","100.0000","44201","Ozone","12100","Atlantic City-Hammonton, NJ","34","New Jersey","001","Atlantic","39.5302560855943","-74.4602810895547"
"08/18/2007","AQS","340010005","1","0.034","ppm","31","NACOTE CREEK RESEARCH STATION","17","100.0000","44201","Ozone","12100","Atlantic City-Hammonton, NJ","34","New Jersey","001","Atlantic","39.5302560855943","-74.4602810895547"
"08/19/2007","AQS","340010005","1","0.035","ppm","32","NACOTE CREEK RESEARCH STATION","17","100.0000","44201","Ozone","12100","Atlantic City-Hammonton, NJ","34","New Jersey","001","Atlantic","39.5302560855943","-74.4602810895547"
"08/20/2007","AQS","340010005","1","0.032","ppm","30","NACOTE CREEK RESEARCH STATION","17","100.0000","44201","Ozone","12100","Atlantic City-Hammonton, NJ","34","New Jersey","001","Atlantic","39.5302560855943","-74.4602810895547"
"08/21/2007","AQS","340010005","1","0.023","ppm","21","NACOTE CREEK RESEARCH STATION","14","82.0000","44201","Ozone","12100","Atlantic City-Hammonton, NJ","34","New Jersey","001","Atlantic","39.5302560855943","-74.4602810895547"
"08/22/2007","AQS","340010005","1","0.016","ppm","15","NACOTE CREEK RESEARCH STATION","17","100.0000","44201","Ozone","12100","Atlantic City-Hammonton, NJ","34","New Jersey","001","Atlantic","39.5302560855943","-74.4602810895547"
"08/23/2007","AQS","340010005","1","0.018","ppm","17","NACOTE CREEK RESEARCH STATION","17","100.0000","44201","Ozone","12100","Atlantic City-Hammonton, NJ","34","New Jersey","001","Atlantic","39.5302560855943","-74.4602810895547"
"08/24/2007","AQS","340010005","1","0.038","ppm","35","NACOTE CREEK RESEARCH STATION","17","100.0000","44201","Ozone","12100","Atlantic City-Hammonton, NJ","34","New Jersey","001","Atlantic","39.5302560855943","-74.4602810895547"
"08/25/2007","AQS","340010005","1","0.061","ppm","71","NACOTE CREEK RESEARCH STATION","17","100.0000","44201","Ozone","12100","Atlantic City-Hammonton, NJ","34","New Jersey","001","Atlantic","39.5302560855943","-74.4602810895547"
"08/26/2007","AQS","340010005","1","0.044","ppm","41","NACOTE CREEK RESEARCH STATION","17","100.0000","44201","Ozone","12100","Atlantic City-Hammonton, NJ","34","New Jersey","001","Atlantic","39.5302560855943","-74.4602810895547"
"08/27/2007","AQS","340010005","1","0.035","ppm","32","NACOTE CREEK RESEARCH STATION","17","100.0000","44201","Ozone","12100","Atlantic City-Hammonton, NJ","34","New Jersey","001","Atlantic","39.5302560855943","-74.4602810895547"
"08/28/2007","AQS","340010005","1","0.034","ppm","31","NACOTE CREEK RESEARCH STATION","17","100.0000","44201","Ozone","12100","Atlantic City-Hammonton, NJ","34","New Jersey","001","Atlantic","39.5302560855943","-74.4602810895547"
"08/29/2007","AQS","340010005","1","0.035","ppm","32","NACOTE CREEK RESEARCH STATION","17","100.0000","44201","Ozone","12100","Atlantic City-Hammonton, NJ","34","New Jersey","001","Atlantic","39.5302560855943","-74.4602810895547"
"08/30/2007","AQS","340010005","1","0.064","ppm","80","NACOTE CREEK RESEARCH STATION","17","100.0000","44201","Ozone","12100","Atlantic City-Hammonton, NJ","34","New Jersey","001","Atlantic","39.5302560855943","-74.4602810895547"
"08/31/2007","AQS","340010005","1","0.062","ppm","74","NACOTE CREEK RESEARCH STATION","17","100.0000","44201","Ozone","12100","Atlantic City-Hammonton, NJ","34","New Jersey","001","Atlantic","39.5302560855943","-74.4602810895547"
"09/01/2007","AQS","340010005","1","0.045","ppm","42","NACOTE CREEK RESEARCH STATION","17","100.0000","44201","Ozone","12100","Atlantic City-Hammonton, NJ","34","New Jersey","001","Atlantic","39.5302560855943","-74.4602810895547"
"09/02/2007","AQS","340010005","1","0.038","ppm","35","NACOTE CREEK RESEARCH STATION","17","100.0000","44201","Ozone","12100","Atlantic City-Hammonton, NJ","34","New Jersey","001","Atlantic","39.5302560855943","-74.4602810895547"
"09/03/2007","AQS","340010005","1","0.055","ppm","51","NACOTE CREEK RESEARCH STATION","17","100.0000","44201","Ozone","12100","Atlantic City-Hammonton, NJ","34","New Jersey","001","Atlantic","39.5302560855943","-74.4602810895547"
"09/04/2007","AQS","340010005","1","0.064","ppm","80","NACOTE CREEK RESEARCH STATION","17","100.0000","44201","Ozone","12100","Atlantic City-Hammonton, NJ","34","New Jersey","001","Atlantic","39.5302560855943","-74.4602810895547"
"09/05/2007","AQS","340010005","1","0.045","ppm","42","NACOTE CREEK RESEARCH STATION","17","100.0000","44201","Ozone","12100","Atlantic City-Hammonton, NJ","34","New Jersey","001","Atlantic","39.5302560855943","-74.4602810895547"
"09/06/2007","AQS","340010005","1","0.051","ppm","47","NACOTE CREEK RESEARCH STATION","17","100.0000","44201","Ozone","12100","Atlantic City-Hammonton, NJ","34","New Jersey","001","Atlantic","39.5302560855943","-74.4602810895547"
"09/07/2007","AQS","340010005","1","0.041","ppm","38","NACOTE CREEK RESEARCH STATION","17","100.0000","44201","Ozone","12100","Atlantic City-Hammonton, NJ","34","New Jersey","001","Atlantic","39.5302560855943","-74.4602810895547"
"09/08/2007","AQS","340010005","1","0.039","ppm","36","NACOTE CREEK RESEARCH STATION","17","100.0000","44201","Ozone","12100","Atlantic City-Hammonton, NJ","34","New Jersey","001","Atlantic","39.5302560855943","-74.4602810895547"
"09/09/2007","AQS","340010005","1","0.028","ppm","26","NACOTE CREEK RESEARCH STATION","17","100.0000","44201","Ozone","12100","Atlantic City-Hammonton, NJ","34","New Jersey","001","Atlantic","39.5302560855943","-74.4602810895547"
"09/10/2007","AQS","340010005","1","0.035","ppm","32","NACOTE CREEK RESEARCH STATION","17","100.0000","44201","Ozone","12100","Atlantic City-Hammonton, NJ","34","New Jersey","001","Atlantic","39.5302560855943","-74.4602810895547"
"09/11/2007","AQS","340010005","1","0.035","ppm","32","NACOTE CREEK RESEARCH STATION","17","100.0000","44201","Ozone","12100","Atlantic City-Hammonton, NJ","34","New Jersey","001","Atlantic","39.5302560855943","-74.4602810895547"
"09/12/2007","AQS","340010005","1","0.047","ppm","44","NACOTE CREEK RESEARCH STATION","17","100.0000","44201","Ozone","12100","Atlantic City-Hammonton, NJ","34","New Jersey","001","Atlantic","39.5302560855943","-74.4602810895547"
"09/13/2007","AQS","340010005","1","0.046","ppm","43","NACOTE CREEK RESEARCH STATION","17","100.0000","44201","Ozone","12100","Atlantic City-Hammonton, NJ","34","New Jersey","001","Atlantic","39.5302560855943","-74.4602810895547"
"09/14/2007","AQS","340010005","1","0.053","ppm","49","NACOTE CREEK RESEARCH STATION","17","100.0000","44201","Ozone","12100","Atlantic City-Hammonton, NJ","34","New Jersey","001","Atlantic","39.5302560855943","-74.4602810895547"
"09/15/2007","AQS","340010005","1","0.033","ppm","31","NACOTE CREEK RESEARCH STATION","17","100.0000","44201","Ozone","12100","Atlantic City-Hammonton, NJ","34","New Jersey","001","Atlantic","39.5302560855943","-74.4602810895547"
"09/16/2007","AQS","340010005","1","0.024","ppm","22","NACOTE CREEK RESEARCH STATION","17","100.0000","44201","Ozone","12100","Atlantic City-Hammonton, NJ","34","New Jersey","001","Atlantic","39.5302560855943","-74.4602810895547"
"09/17/2007","AQS","340010005","1","0.031","ppm","29","NACOTE CREEK RESEARCH STATION","17","100.0000","44201","Ozone","12100","Atlantic City-Hammonton, NJ","34","New Jersey","001","Atlantic","39.5302560855943","-74.4602810895547"
"09/18/2007","AQS","340010005","1","0.035","ppm","32","NACOTE CREEK RESEARCH STATION","17","100.0000","44201","Ozone","12100","Atlantic City-Hammonton, NJ","34","New Jersey","001","Atlantic","39.5302560855943","-74.4602810895547"
"09/19/2007","AQS","340010005","1","0.041","ppm","38","NACOTE CREEK RESEARCH STATION","17","100.0000","44201","Ozone","12100","Atlantic City-Hammonton, NJ","34","New Jersey","001","Atlantic","39.5302560855943","-74.4602810895547"
"09/20/2007","AQS","340010005","1","0.056","ppm","54","NACOTE CREEK RESEARCH STATION","17","100.0000","44201","Ozone","12100","Atlantic City-Hammonton, NJ","34","New Jersey","001","Atlantic","39.5302560855943","-74.4602810895547"
"09/21/2007","AQS","340010005","1","0.06","ppm","67","NACOTE CREEK RESEARCH STATION","17","100.0000","44201","Ozone","12100","Atlantic City-Hammonton, NJ","34","New Jersey","001","Atlantic","39.5302560855943","-74.4602810895547"
"09/22/2007","AQS","340010005","1","0.028","ppm","26","NACOTE CREEK RESEARCH STATION","17","100.0000","44201","Ozone","12100","Atlantic City-Hammonton, NJ","34","New Jersey","001","Atlantic","39.5302560855943","-74.4602810895547"
"09/23/2007","AQS","340010005","1","0.045","ppm","42","NACOTE CREEK RESEARCH STATION","17","100.0000","44201","Ozone","12100","Atlantic City-Hammonton, NJ","34","New Jersey","001","Atlantic","39.5302560855943","-74.4602810895547"
"09/24/2007","AQS","340010005","1","0.039","ppm","36","NACOTE CREEK RESEARCH STATION","17","100.0000","44201","Ozone","12100","Atlantic City-Hammonton, NJ","34","New Jersey","001","Atlantic","39.5302560855943","-74.4602810895547"
"09/25/2007","AQS","340010005","1","0.045","ppm","42","NACOTE CREEK RESEARCH STATION","17","100.0000","44201","Ozone","12100","Atlantic City-Hammonton, NJ","34","New Jersey","001","Atlantic","39.5302560855943","-74.4602810895547"
"09/26/2007","AQS","340010005","1","0.056","ppm","54","NACOTE CREEK RESEARCH STATION","17","100.0000","44201","Ozone","12100","Atlantic City-Hammonton, NJ","34","New Jersey","001","Atlantic","39.5302560855943","-74.4602810895547"
"09/27/2007","AQS","340010005","1","0.02","ppm","19","NACOTE CREEK RESEARCH STATION","17","100.0000","44201","Ozone","12100","Atlantic City-Hammonton, NJ","34","New Jersey","001","Atlantic","39.5302560855943","-74.4602810895547"
"09/28/2007","AQS","340010005","1","0.044","ppm","41","NACOTE CREEK RESEARCH STATION","17","100.0000","44201","Ozone","12100","Atlantic City-Hammonton, NJ","34","New Jersey","001","Atlantic","39.5302560855943","-74.4602810895547"
"09/29/2007","AQS","340010005","1","0.04","ppm","37","NACOTE CREEK RESEARCH STATION","17","100.0000","44201","Ozone","12100","Atlantic City-Hammonton, NJ","34","New Jersey","001","Atlantic","39.5302560855943","-74.4602810895547"
"09/30/2007","AQS","340010005","1","0.04","ppm","37","NACOTE CREEK RESEARCH STATION","17","100.0000","44201","Ozone","12100","Atlantic City-Hammonton, NJ","34","New Jersey","001","Atlantic","39.5302560855943","-74.4602810895547"
"10/01/2007","AQS","340010005","1","0.035","ppm","32","NACOTE CREEK RESEARCH STATION","17","100.0000","44201","Ozone","12100","Atlantic City-Hammonton, NJ","34","New Jersey","001","Atlantic","39.5302560855943","-74.4602810895547"
"10/02/2007","AQS","340010005","1","0.032","ppm","30","NACOTE CREEK RESEARCH STATION","17","100.0000","44201","Ozone","12100","Atlantic City-Hammonton, NJ","34","New Jersey","001","Atlantic","39.5302560855943","-74.4602810895547"
"10/03/2007","AQS","340010005","1","0.034","ppm","31","NACOTE CREEK RESEARCH STATION","17","100.0000","44201","Ozone","12100","Atlantic City-Hammonton, NJ","34","New Jersey","001","Atlantic","39.5302560855943","-74.4602810895547"
"10/04/2007","AQS","340010005","1","0.029","ppm","27","NACOTE CREEK RESEARCH STATION","17","100.0000","44201","Ozone","12100","Atlantic City-Hammonton, NJ","34","New Jersey","001","Atlantic","39.5302560855943","-74.4602810895547"
"10/05/2007","AQS","340010005","1","0.029","ppm","27","NACOTE CREEK RESEARCH STATION","17","100.0000","44201","Ozone","12100","Atlantic City-Hammonton, NJ","34","New Jersey","001","Atlantic","39.5302560855943","-74.4602810895547"
"10/06/2007","AQS","340010005","1","0.027","ppm","25","NACOTE CREEK RESEARCH STATION","17","100.0000","44201","Ozone","12100","Atlantic City-Hammonton, NJ","34","New Jersey","001","Atlantic","39.5302560855943","-74.4602810895547"
"10/07/2007","AQS","340010005","1","0.048","ppm","44","NACOTE CREEK RESEARCH STATION","17","100.0000","44201","Ozone","12100","Atlantic City-Hammonton, NJ","34","New Jersey","001","Atlantic","39.5302560855943","-74.4602810895547"
"10/08/2007","AQS","340010005","1","0.051","ppm","47","NACOTE CREEK RESEARCH STATION","17","100.0000","44201","Ozone","12100","Atlantic City-Hammonton, NJ","34","New Jersey","001","Atlantic","39.5302560855943","-74.4602810895547"
"10/09/2007","AQS","340010005","1","0.03","ppm","28","NACOTE CREEK RESEARCH STATION","17","100.0000","44201","Ozone","12100","Atlantic City-Hammonton, NJ","34","New Jersey","001","Atlantic","39.5302560855943","-74.4602810895547"
"10/10/2007","AQS","340010005","1","0.033","ppm","31","NACOTE CREEK RESEARCH STATION","17","100.0000","44201","Ozone","12100","Atlantic City-Hammonton, NJ","34","New Jersey","001","Atlantic","39.5302560855943","-74.4602810895547"
"10/11/2007","AQS","340010005","1","0.034","ppm","31","NACOTE CREEK RESEARCH STATION","17","100.0000","44201","Ozone","12100","Atlantic City-Hammonton, NJ","34","New Jersey","001","Atlantic","39.5302560855943","-74.4602810895547"
"10/12/2007","AQS","340010005","1","0.025","ppm","23","NACOTE CREEK RESEARCH STATION","17","100.0000","44201","Ozone","12100","Atlantic City-Hammonton, NJ","34","New Jersey","001","Atlantic","39.5302560855943","-74.4602810895547"
"10/13/2007","AQS","340010005","1","0.032","ppm","30","NACOTE CREEK RESEARCH STATION","17","100.0000","44201","Ozone","12100","Atlantic City-Hammonton, NJ","34","New Jersey","001","Atlantic","39.5302560855943","-74.4602810895547"
"10/14/2007","AQS","340010005","1","0.038","ppm","35","NACOTE CREEK RESEARCH STATION","17","100.0000","44201","Ozone","12100","Atlantic City-Hammonton, NJ","34","New Jersey","001","Atlantic","39.5302560855943","-74.4602810895547"
"10/15/2007","AQS","340010005","1","0.037","ppm","34","NACOTE CREEK RESEARCH STATION","17","100.0000","44201","Ozone","12100","Atlantic City-Hammonton, NJ","34","New Jersey","001","Atlantic","39.5302560855943","-74.4602810895547"
"10/16/2007","AQS","340010005","1","0.033","ppm","31","NACOTE CREEK RESEARCH STATION","17","100.0000","44201","Ozone","12100","Atlantic City-Hammonton, NJ","34","New Jersey","001","Atlantic","39.5302560855943","-74.4602810895547"
"10/17/2007","AQS","340010005","1","0.054","ppm","50","NACOTE CREEK RESEARCH STATION","17","100.0000","44201","Ozone","12100","Atlantic City-Hammonton, NJ","34","New Jersey","001","Atlantic","39.5302560855943","-74.4602810895547"
"10/18/2007","AQS","340010005","1","0.039","ppm","36","NACOTE CREEK RESEARCH STATION","17","100.0000","44201","Ozone","12100","Atlantic City-Hammonton, NJ","34","New Jersey","001","Atlantic","39.5302560855943","-74.4602810895547"
"10/19/2007","AQS","340010005","1","0.028","ppm","26","NACOTE CREEK RESEARCH STATION","17","100.0000","44201","Ozone","12100","Atlantic City-Hammonton, NJ","34","New Jersey","001","Atlantic","39.5302560855943","-74.4602810895547"
"10/20/2007","AQS","340010005","1","0.039","ppm","36","NACOTE CREEK RESEARCH STATION","17","100.0000","44201","Ozone","12100","Atlantic City-Hammonton, NJ","34","New Jersey","001","Atlantic","39.5302560855943","-74.4602810895547"
"10/21/2007","AQS","340010005","1","0.051","ppm","47","NACOTE CREEK RESEARCH STATION","17","100.0000","44201","Ozone","12100","Atlantic City-Hammonton, NJ","34","New Jersey","001","Atlantic","39.5302560855943","-74.4602810895547"
"10/22/2007","AQS","340010005","1","0.051","ppm","47","NACOTE CREEK RESEARCH STATION","17","100.0000","44201","Ozone","12100","Atlantic City-Hammonton, NJ","34","New Jersey","001","Atlantic","39.5302560855943","-74.4602810895547"
"10/23/2007","AQS","340010005","1","0.042","ppm","39","NACOTE CREEK RESEARCH STATION","17","100.0000","44201","Ozone","12100","Atlantic City-Hammonton, NJ","34","New Jersey","001","Atlantic","39.5302560855943","-74.4602810895547"
"10/24/2007","AQS","340010005","1","0.029","ppm","27","NACOTE CREEK RESEARCH STATION","17","100.0000","44201","Ozone","12100","Atlantic City-Hammonton, NJ","34","New Jersey","001","Atlantic","39.5302560855943","-74.4602810895547"
"10/25/2007","AQS","340010005","1","0.032","ppm","30","NACOTE CREEK RESEARCH STATION","17","100.0000","44201","Ozone","12100","Atlantic City-Hammonton, NJ","34","New Jersey","001","Atlantic","39.5302560855943","-74.4602810895547"
"10/26/2007","AQS","340010005","1","0.029","ppm","27","NACOTE CREEK RESEARCH STATION","17","100.0000","44201","Ozone","12100","Atlantic City-Hammonton, NJ","34","New Jersey","001","Atlantic","39.5302560855943","-74.4602810895547"
"10/27/2007","AQS","340010005","1","0.029","ppm","27","NACOTE CREEK RESEARCH STATION","17","100.0000","44201","Ozone","12100","Atlantic City-Hammonton, NJ","34","New Jersey","001","Atlantic","39.5302560855943","-74.4602810895547"
"10/28/2007","AQS","340010005","1","0.032","ppm","30","NACOTE CREEK RESEARCH STATION","17","100.0000","44201","Ozone","12100","Atlantic City-Hammonton, NJ","34","New Jersey","001","Atlantic","39.5302560855943","-74.4602810895547"
"10/29/2007","AQS","340010005","1","0.024","ppm","22","NACOTE CREEK RESEARCH STATION","17","100.0000","44201","Ozone","12100","Atlantic City-Hammonton, NJ","34","New Jersey","001","Atlantic","39.5302560855943","-74.4602810895547"
"10/30/2007","AQS","340010005","1","0.03","ppm","28","NACOTE CREEK RESEARCH STATION","17","100.0000","44201","Ozone","12100","Atlantic City-Hammonton, NJ","34","New Jersey","001","Atlantic","39.5302560855943","-74.4602810895547"
"10/31/2007","AQS","340010005","1","0.049","ppm","45","NACOTE CREEK RESEARCH STATION","17","100.0000","44201","Ozone","12100","Atlantic City-Hammonton, NJ","34","New Jersey","001","Atlantic","39.5302560855943","-74.4602810895547"
"11/01/2007","AQS","340010005","1","0.035","ppm","32","NACOTE CREEK RESEARCH STATION","17","100.0000","44201","Ozone","12100","Atlantic City-Hammonton, NJ","34","New Jersey","001","Atlantic","39.5302560855943","-74.4602810895547"
"11/02/2007","AQS","340010005","1","0.035","ppm","32","NACOTE CREEK RESEARCH STATION","17","100.0000","44201","Ozone","12100","Atlantic City-Hammonton, NJ","34","New Jersey","001","Atlantic","39.5302560855943","-74.4602810895547"
"11/03/2007","AQS","340010005","1","0.028","ppm","26","NACOTE CREEK RESEARCH STATION","17","100.0000","44201","Ozone","12100","Atlantic City-Hammonton, NJ","34","New Jersey","001","Atlantic","39.5302560855943","-74.4602810895547"
"11/04/2007","AQS","340010005","1","0.03","ppm","28","NACOTE CREEK RESEARCH STATION","17","100.0000","44201","Ozone","12100","Atlantic City-Hammonton, NJ","34","New Jersey","001","Atlantic","39.5302560855943","-74.4602810895547"
"11/05/2007","AQS","340010005","1","0.045","ppm","42","NACOTE CREEK RESEARCH STATION","17","100.0000","44201","Ozone","12100","Atlantic City-Hammonton, NJ","34","New Jersey","001","Atlantic","39.5302560855943","-74.4602810895547"
"11/06/2007","AQS","340010005","1","0.026","ppm","24","NACOTE CREEK RESEARCH STATION","17","100.0000","44201","Ozone","12100","Atlantic City-Hammonton, NJ","34","New Jersey","001","Atlantic","39.5302560855943","-74.4602810895547"
"11/07/2007","AQS","340010005","1","0.025","ppm","23","NACOTE CREEK RESEARCH STATION","17","100.0000","44201","Ozone","12100","Atlantic City-Hammonton, NJ","34","New Jersey","001","Atlantic","39.5302560855943","-74.4602810895547"
"11/08/2007","AQS","340010005","1","0.029","ppm","27","NACOTE CREEK RESEARCH STATION","17","100.0000","44201","Ozone","12100","Atlantic City-Hammonton, NJ","34","New Jersey","001","Atlantic","39.5302560855943","-74.4602810895547"
"11/09/2007","AQS","340010005","1","0.023","ppm","21","NACOTE CREEK RESEARCH STATION","17","100.0000","44201","Ozone","12100","Atlantic City-Hammonton, NJ","34","New Jersey","001","Atlantic","39.5302560855943","-74.4602810895547"
"11/10/2007","AQS","340010005","1","0.013","ppm","12","NACOTE CREEK RESEARCH STATION","17","100.0000","44201","Ozone","12100","Atlantic City-Hammonton, NJ","34","New Jersey","001","Atlantic","39.5302560855943","-74.4602810895547"
"11/11/2007","AQS","340010005","1","0.028","ppm","26","NACOTE CREEK RESEARCH STATION","17","100.0000","44201","Ozone","12100","Atlantic City-Hammonton, NJ","34","New Jersey","001","Atlantic","39.5302560855943","-74.4602810895547"
"11/12/2007","AQS","340010005","1","0.024","ppm","22","NACOTE CREEK RESEARCH STATION","17","100.0000","44201","Ozone","12100","Atlantic City-Hammonton, NJ","34","New Jersey","001","Atlantic","39.5302560855943","-74.4602810895547"
"11/13/2007","AQS","340010005","1","0.012","ppm","11","NACOTE CREEK RESEARCH STATION","17","100.0000","44201","Ozone","12100","Atlantic City-Hammonton, NJ","34","New Jersey","001","Atlantic","39.5302560855943","-74.4602810895547"
"11/14/2007","AQS","340010005","1","0.045","ppm","42","NACOTE CREEK RESEARCH STATION","17","100.0000","44201","Ozone","12100","Atlantic City-Hammonton, NJ","34","New Jersey","001","Atlantic","39.5302560855943","-74.4602810895547"
"11/15/2007","AQS","340010005","1","0.028","ppm","26","NACOTE CREEK RESEARCH STATION","17","100.0000","44201","Ozone","12100","Atlantic City-Hammonton, NJ","34","New Jersey","001","Atlantic","39.5302560855943","-74.4602810895547"
"11/16/2007","AQS","340010005","1","0.026","ppm","24","NACOTE CREEK RESEARCH STATION","17","100.0000","44201","Ozone","12100","Atlantic City-Hammonton, NJ","34","New Jersey","001","Atlantic","39.5302560855943","-74.4602810895547"
"11/17/2007","AQS","340010005","1","0.024","ppm","22","NACOTE CREEK RESEARCH STATION","17","100.0000","44201","Ozone","12100","Atlantic City-Hammonton, NJ","34","New Jersey","001","Atlantic","39.5302560855943","-74.4602810895547"
"11/18/2007","AQS","340010005","1","0.029","ppm","27","NACOTE CREEK RESEARCH STATION","17","100.0000","44201","Ozone","12100","Atlantic City-Hammonton, NJ","34","New Jersey","001","Atlantic","39.5302560855943","-74.4602810895547"
"11/19/2007","AQS","340010005","1","0.029","ppm","27","NACOTE CREEK RESEARCH STATION","17","100.0000","44201","Ozone","12100","Atlantic City-Hammonton, NJ","34","New Jersey","001","Atlantic","39.5302560855943","-74.4602810895547"
"11/20/2007","AQS","340010005","1","0.028","ppm","26","NACOTE CREEK RESEARCH STATION","17","100.0000","44201","Ozone","12100","Atlantic City-Hammonton, NJ","34","New Jersey","001","Atlantic","39.5302560855943","-74.4602810895547"
"04/01/2007","AQS","340010006","1","0.05","ppm","46","Brigantine","17","100.0000","44201","Ozone","12100","Atlantic City-Hammonton, NJ","34","New Jersey","001","Atlantic","39.464872","-74.448736"
"04/03/2007","AQS","340010006","1","0.049","ppm","45","Brigantine","17","100.0000","44201","Ozone","12100","Atlantic City-Hammonton, NJ","34","New Jersey","001","Atlantic","39.464872","-74.448736"
"04/04/2007","AQS","340010006","1","0.046","ppm","43","Brigantine","17","100.0000","44201","Ozone","12100","Atlantic City-Hammonton, NJ","34","New Jersey","001","Atlantic","39.464872","-74.448736"
"04/05/2007","AQS","340010006","1","0.036","ppm","33","Brigantine","14","82.0000","44201","Ozone","12100","Atlantic City-Hammonton, NJ","34","New Jersey","001","Atlantic","39.464872","-74.448736"
"04/09/2007","AQS","340010006","1","0.039","ppm","36","Brigantine","15","88.0000","44201","Ozone","12100","Atlantic City-Hammonton, NJ","34","New Jersey","001","Atlantic","39.464872","-74.448736"
"04/10/2007","AQS","340010006","1","0.047","ppm","44","Brigantine","17","100.0000","44201","Ozone","12100","Atlantic City-Hammonton, NJ","34","New Jersey","001","Atlantic","39.464872","-74.448736"
"04/11/2007","AQS","340010006","1","0.055","ppm","51","Brigantine","17","100.0000","44201","Ozone","12100","Atlantic City-Hammonton, NJ","34","New Jersey","001","Atlantic","39.464872","-74.448736"
"04/12/2007","AQS","340010006","1","0.051","ppm","47","Brigantine","17","100.0000","44201","Ozone","12100","Atlantic City-Hammonton, NJ","34","New Jersey","001","Atlantic","39.464872","-74.448736"
"04/13/2007","AQS","340010006","1","0.046","ppm","43","Brigantine","17","100.0000","44201","Ozone","12100","Atlantic City-Hammonton, NJ","34","New Jersey","001","Atlantic","39.464872","-74.448736"
"04/14/2007","AQS","340010006","1","0.055","ppm","51","Brigantine","17","100.0000","44201","Ozone","12100","Atlantic City-Hammonton, NJ","34","New Jersey","001","Atlantic","39.464872","-74.448736"
"04/15/2007","AQS","340010006","1","0.06","ppm","67","Brigantine","16","94.0000","44201","Ozone","12100","Atlantic City-Hammonton, NJ","34","New Jersey","001","Atlantic","39.464872","-74.448736"
"04/16/2007","AQS","340010006","1","0.04","ppm","37","Brigantine","17","100.0000","44201","Ozone","12100","Atlantic City-Hammonton, NJ","34","New Jersey","001","Atlantic","39.464872","-74.448736"
"04/17/2007","AQS","340010006","1","0.044","ppm","41","Brigantine","17","100.0000","44201","Ozone","12100","Atlantic City-Hammonton, NJ","34","New Jersey","001","Atlantic","39.464872","-74.448736"
"04/18/2007","AQS","340010006","1","0.041","ppm","38","Brigantine","17","100.0000","44201","Ozone","12100","Atlantic City-Hammonton, NJ","34","New Jersey","001","Atlantic","39.464872","-74.448736"
"04/19/2007","AQS","340010006","1","0.045","ppm","42","Brigantine","14","82.0000","44201","Ozone","12100","Atlantic City-Hammonton, NJ","34","New Jersey","001","Atlantic","39.464872","-74.448736"
"04/20/2007","AQS","340010006","1","0.048","ppm","44","Brigantine","17","100.0000","44201","Ozone","12100","Atlantic City-Hammonton, NJ","34","New Jersey","001","Atlantic","39.464872","-74.448736"
"04/21/2007","AQS","340010006","1","0.055","ppm","51","Brigantine","17","100.0000","44201","Ozone","12100","Atlantic City-Hammonton, NJ","34","New Jersey","001","Atlantic","39.464872","-74.448736"
"04/22/2007","AQS","340010006","1","0.058","ppm","61","Brigantine","17","100.0000","44201","Ozone","12100","Atlantic City-Hammonton, NJ","34","New Jersey","001","Atlantic","39.464872","-74.448736"
"04/23/2007","AQS","340010006","1","0.073","ppm","108","Brigantine","17","100.0000","44201","Ozone","12100","Atlantic City-Hammonton, NJ","34","New Jersey","001","Atlantic","39.464872","-74.448736"
"04/24/2007","AQS","340010006","1","0.074","ppm","112","Brigantine","17","100.0000","44201","Ozone","12100","Atlantic City-Hammonton, NJ","34","New Jersey","001","Atlantic","39.464872","-74.448736"
"04/25/2007","AQS","340010006","1","0.058","ppm","61","Brigantine","17","100.0000","44201","Ozone","12100","Atlantic City-Hammonton, NJ","34","New Jersey","001","Atlantic","39.464872","-74.448736"
"04/26/2007","AQS","340010006","1","0.051","ppm","47","Brigantine","17","100.0000","44201","Ozone","12100","Atlantic City-Hammonton, NJ","34","New Jersey","001","Atlantic","39.464872","-74.448736"
"04/27/2007","AQS","340010006","1","0.033","ppm","31","Brigantine","17","100.0000","44201","Ozone","12100","Atlantic City-Hammonton, NJ","34","New Jersey","001","Atlantic","39.464872","-74.448736"
"04/28/2007","AQS","340010006","1","0.05","ppm","46","Brigantine","17","100.0000","44201","Ozone","12100","Atlantic City-Hammonton, NJ","34","New Jersey","001","Atlantic","39.464872","-74.448736"
"04/29/2007","AQS","340010006","1","0.055","ppm","51","Brigantine","17","100.0000","44201","Ozone","12100","Atlantic City-Hammonton, NJ","34","New Jersey","001","Atlantic","39.464872","-74.448736"
"04/30/2007","AQS","340010006","1","0.071","ppm","101","Brigantine","17","100.0000","44201","Ozone","12100","Atlantic City-Hammonton, NJ","34","New Jersey","001","Atlantic","39.464872","-74.448736"
"05/01/2007","AQS","340010006","1","0.055","ppm","51","Brigantine","17","100.0000","44201","Ozone","12100","Atlantic City-Hammonton, NJ","34","New Jersey","001","Atlantic","39.464872","-74.448736"
"05/02/2007","AQS","340010006","1","0.05","ppm","46","Brigantine","17","100.0000","44201","Ozone","12100","Atlantic City-Hammonton, NJ","34","New Jersey","001","Atlantic","39.464872","-74.448736"
"05/03/2007","AQS","340010006","1","0.051","ppm","47","Brigantine","17","100.0000","44201","Ozone","12100","Atlantic City-Hammonton, NJ","34","New Jersey","001","Atlantic","39.464872","-74.448736"
"05/04/2007","AQS","340010006","1","0.048","ppm","44","Brigantine","17","100.0000","44201","Ozone","12100","Atlantic City-Hammonton, NJ","34","New Jersey","001","Atlantic","39.464872","-74.448736"
"05/05/2007","AQS","340010006","1","0.065","ppm","84","Brigantine","17","100.0000","44201","Ozone","12100","Atlantic City-Hammonton, NJ","34","New Jersey","001","Atlantic","39.464872","-74.448736"
"05/06/2007","AQS","340010006","1","0.044","ppm","41","Brigantine","17","100.0000","44201","Ozone","12100","Atlantic City-Hammonton, NJ","34","New Jersey","001","Atlantic","39.464872","-74.448736"
"05/07/2007","AQS","340010006","1","0.043","ppm","40","Brigantine","17","100.0000","44201","Ozone","12100","Atlantic City-Hammonton, NJ","34","New Jersey","001","Atlantic","39.464872","-74.448736"
"05/08/2007","AQS","340010006","1","0.041","ppm","38","Brigantine","17","100.0000","44201","Ozone","12100","Atlantic City-Hammonton, NJ","34","New Jersey","001","Atlantic","39.464872","-74.448736"
"05/09/2007","AQS","340010006","1","0.035","ppm","32","Brigantine","17","100.0000","44201","Ozone","12100","Atlantic City-Hammonton, NJ","34","New Jersey","001","Atlantic","39.464872","-74.448736"
"05/10/2007","AQS","340010006","1","0.035","ppm","32","Brigantine","17","100.0000","44201","Ozone","12100","Atlantic City-Hammonton, NJ","34","New Jersey","001","Atlantic","39.464872","-74.448736"
"05/11/2007","AQS","340010006","1","0.037","ppm","34","Brigantine","17","100.0000","44201","Ozone","12100","Atlantic City-Hammonton, NJ","34","New Jersey","001","Atlantic","39.464872","-74.448736"
"05/12/2007","AQS","340010006","1","0.036","ppm","33","Brigantine","17","100.0000","44201","Ozone","12100","Atlantic City-Hammonton, NJ","34","New Jersey","001","Atlantic","39.464872","-74.448736"
"05/13/2007","AQS","340010006","1","0.053","ppm","49","Brigantine","17","100.0000","44201","Ozone","12100","Atlantic City-Hammonton, NJ","34","New Jersey","001","Atlantic","39.464872","-74.448736"
"05/14/2007","AQS","340010006","1","0.051","ppm","47","Brigantine","17","100.0000","44201","Ozone","12100","Atlantic City-Hammonton, NJ","34","New Jersey","001","Atlantic","39.464872","-74.448736"
"05/15/2007","AQS","340010006","1","0.06","ppm","67","Brigantine","17","100.0000","44201","Ozone","12100","Atlantic City-Hammonton, NJ","34","New Jersey","001","Atlantic","39.464872","-74.448736"
"05/16/2007","AQS","340010006","1","0.06","ppm","67","Brigantine","17","100.0000","44201","Ozone","12100","Atlantic City-Hammonton, NJ","34","New Jersey","001","Atlantic","39.464872","-74.448736"
"05/17/2007","AQS","340010006","1","0.04","ppm","37","Brigantine","17","100.0000","44201","Ozone","12100","Atlantic City-Hammonton, NJ","34","New Jersey","001","Atlantic","39.464872","-74.448736"
"05/18/2007","AQS","340010006","1","0.027","ppm","25","Brigantine","17","100.0000","44201","Ozone","12100","Atlantic City-Hammonton, NJ","34","New Jersey","001","Atlantic","39.464872","-74.448736"
"05/19/2007","AQS","340010006","1","0.047","ppm","44","Brigantine","17","100.0000","44201","Ozone","12100","Atlantic City-Hammonton, NJ","34","New Jersey","001","Atlantic","39.464872","-74.448736"
"05/20/2007","AQS","340010006","1","0.063","ppm","77","Brigantine","17","100.0000","44201","Ozone","12100","Atlantic City-Hammonton, NJ","34","New Jersey","001","Atlantic","39.464872","-74.448736"
"05/21/2007","AQS","340010006","1","0.048","ppm","44","Brigantine","17","100.0000","44201","Ozone","12100","Atlantic City-Hammonton, NJ","34","New Jersey","001","Atlantic","39.464872","-74.448736"
"05/22/2007","AQS","340010006","1","0.051","ppm","47","Brigantine","17","100.0000","44201","Ozone","12100","Atlantic City-Hammonton, NJ","34","New Jersey","001","Atlantic","39.464872","-74.448736"
"05/23/2007","AQS","340010006","1","0.054","ppm","50","Brigantine","17","100.0000","44201","Ozone","12100","Atlantic City-Hammonton, NJ","34","New Jersey","001","Atlantic","39.464872","-74.448736"
"05/24/2007","AQS","340010006","1","0.057","ppm","58","Brigantine","17","100.0000","44201","Ozone","12100","Atlantic City-Hammonton, NJ","34","New Jersey","001","Atlantic","39.464872","-74.448736"
"05/25/2007","AQS","340010006","1","0.065","ppm","84","Brigantine","17","100.0000","44201","Ozone","12100","Atlantic City-Hammonton, NJ","34","New Jersey","001","Atlantic","39.464872","-74.448736"
"05/26/2007","AQS","340010006","1","0.078","ppm","126","Brigantine","17","100.0000","44201","Ozone","12100","Atlantic City-Hammonton, NJ","34","New Jersey","001","Atlantic","39.464872","-74.448736"
"05/27/2007","AQS","340010006","1","0.065","ppm","84","Brigantine","17","100.0000","44201","Ozone","12100","Atlantic City-Hammonton, NJ","34","New Jersey","001","Atlantic","39.464872","-74.448736"
"05/28/2007","AQS","340010006","1","0.066","ppm","87","Brigantine","17","100.0000","44201","Ozone","12100","Atlantic City-Hammonton, NJ","34","New Jersey","001","Atlantic","39.464872","-74.448736"
"05/29/2007","AQS","340010006","1","0.055","ppm","51","Brigantine","17","100.0000","44201","Ozone","12100","Atlantic City-Hammonton, NJ","34","New Jersey","001","Atlantic","39.464872","-74.448736"
"05/30/2007","AQS","340010006","1","0.066","ppm","87","Brigantine","17","100.0000","44201","Ozone","12100","Atlantic City-Hammonton, NJ","34","New Jersey","001","Atlantic","39.464872","-74.448736"
"05/31/2007","AQS","340010006","1","0.069","ppm","97","Brigantine","17","100.0000","44201","Ozone","12100","Atlantic City-Hammonton, NJ","34","New Jersey","001","Atlantic","39.464872","-74.448736"
"06/01/2007","AQS","340010006","1","0.053","ppm","49","Brigantine","17","100.0000","44201","Ozone","12100","Atlantic City-Hammonton, NJ","34","New Jersey","001","Atlantic","39.464872","-74.448736"
"06/02/2007","AQS","340010006","1","0.046","ppm","43","Brigantine","17","100.0000","44201","Ozone","12100","Atlantic City-Hammonton, NJ","34","New Jersey","001","Atlantic","39.464872","-74.448736"
"06/03/2007","AQS","340010006","1","0.035","ppm","32","Brigantine","17","100.0000","44201","Ozone","12100","Atlantic City-Hammonton, NJ","34","New Jersey","001","Atlantic","39.464872","-74.448736"
"06/04/2007","AQS","340010006","1","0.05","ppm","46","Brigantine","17","100.0000","44201","Ozone","12100","Atlantic City-Hammonton, NJ","34","New Jersey","001","Atlantic","39.464872","-74.448736"
"06/05/2007","AQS","340010006","1","0.062","ppm","74","Brigantine","17","100.0000","44201","Ozone","12100","Atlantic City-Hammonton, NJ","34","New Jersey","001","Atlantic","39.464872","-74.448736"
"06/06/2007","AQS","340010006","1","0.044","ppm","41","Brigantine","17","100.0000","44201","Ozone","12100","Atlantic City-Hammonton, NJ","34","New Jersey","001","Atlantic","39.464872","-74.448736"
"06/07/2007","AQS","340010006","1","0.06","ppm","67","Brigantine","17","100.0000","44201","Ozone","12100","Atlantic City-Hammonton, NJ","34","New Jersey","001","Atlantic","39.464872","-74.448736"
"06/08/2007","AQS","340010006","1","0.061","ppm","71","Brigantine","17","100.0000","44201","Ozone","12100","Atlantic City-Hammonton, NJ","34","New Jersey","001","Atlantic","39.464872","-74.448736"
"06/09/2007","AQS","340010006","1","0.053","ppm","49","Brigantine","17","100.0000","44201","Ozone","12100","Atlantic City-Hammonton, NJ","34","New Jersey","001","Atlantic","39.464872","-74.448736"
"06/10/2007","AQS","340010006","1","0.049","ppm","45","Brigantine","17","100.0000","44201","Ozone","12100","Atlantic City-Hammonton, NJ","34","New Jersey","001","Atlantic","39.464872","-74.448736"
"06/11/2007","AQS","340010006","1","0.058","ppm","61","Brigantine","17","100.0000","44201","Ozone","12100","Atlantic City-Hammonton, NJ","34","New Jersey","001","Atlantic","39.464872","-74.448736"
"06/12/2007","AQS","340010006","1","0.045","ppm","42","Brigantine","17","100.0000","44201","Ozone","12100","Atlantic City-Hammonton, NJ","34","New Jersey","001","Atlantic","39.464872","-74.448736"
"06/13/2007","AQS","340010006","1","0.031","ppm","29","Brigantine","17","100.0000","44201","Ozone","12100","Atlantic City-Hammonton, NJ","34","New Jersey","001","Atlantic","39.464872","-74.448736"
"06/14/2007","AQS","340010006","1","0.03","ppm","28","Brigantine","17","100.0000","44201","Ozone","12100","Atlantic City-Hammonton, NJ","34","New Jersey","001","Atlantic","39.464872","-74.448736"
"06/15/2007","AQS","340010006","1","0.04","ppm","37","Brigantine","17","100.0000","44201","Ozone","12100","Atlantic City-Hammonton, NJ","34","New Jersey","001","Atlantic","39.464872","-74.448736"
"06/16/2007","AQS","340010006","1","0.056","ppm","54","Brigantine","17","100.0000","44201","Ozone","12100","Atlantic City-Hammonton, NJ","34","New Jersey","001","Atlantic","39.464872","-74.448736"
"06/17/2007","AQS","340010006","1","0.07","ppm","100","Brigantine","17","100.0000","44201","Ozone","12100","Atlantic City-Hammonton, NJ","34","New Jersey","001","Atlantic","39.464872","-74.448736"
"06/18/2007","AQS","340010006","1","0.051","ppm","47","Brigantine","17","100.0000","44201","Ozone","12100","Atlantic City-Hammonton, NJ","34","New Jersey","001","Atlantic","39.464872","-74.448736"
"06/19/2007","AQS","340010006","1","0.045","ppm","42","Brigantine","17","100.0000","44201","Ozone","12100","Atlantic City-Hammonton, NJ","34","New Jersey","001","Atlantic","39.464872","-74.448736"
"06/20/2007","AQS","340010006","1","0.045","ppm","42","Brigantine","17","100.0000","44201","Ozone","12100","Atlantic City-Hammonton, NJ","34","New Jersey","001","Atlantic","39.464872","-74.448736"
"06/21/2007","AQS","340010006","1","0.062","ppm","74","Brigantine","17","100.0000","44201","Ozone","12100","Atlantic City-Hammonton, NJ","34","New Jersey","001","Atlantic","39.464872","-74.448736"
"06/22/2007","AQS","340010006","1","0.047","ppm","44","Brigantine","17","100.0000","44201","Ozone","12100","Atlantic City-Hammonton, NJ","34","New Jersey","001","Atlantic","39.464872","-74.448736"
"06/23/2007","AQS","340010006","1","0.055","ppm","51","Brigantine","17","100.0000","44201","Ozone","12100","Atlantic City-Hammonton, NJ","34","New Jersey","001","Atlantic","39.464872","-74.448736"
"06/24/2007","AQS","340010006","1","0.052","ppm","48","Brigantine","17","100.0000","44201","Ozone","12100","Atlantic City-Hammonton, NJ","34","New Jersey","001","Atlantic","39.464872","-74.448736"
"06/25/2007","AQS","340010006","1","0.054","ppm","50","Brigantine","17","100.0000","44201","Ozone","12100","Atlantic City-Hammonton, NJ","34","New Jersey","001","Atlantic","39.464872","-74.448736"
"06/26/2007","AQS","340010006","1","0.063","ppm","77","Brigantine","17","100.0000","44201","Ozone","12100","Atlantic City-Hammonton, NJ","34","New Jersey","001","Atlantic","39.464872","-74.448736"
"06/27/2007","AQS","340010006","1","0.048","ppm","44","Brigantine","17","100.0000","44201","Ozone","12100","Atlantic City-Hammonton, NJ","34","New Jersey","001","Atlantic","39.464872","-74.448736"
"06/28/2007","AQS","340010006","1","0.072","ppm","105","Brigantine","17","100.0000","44201","Ozone","12100","Atlantic City-Hammonton, NJ","34","New Jersey","001","Atlantic","39.464872","-74.448736"
"06/29/2007","AQS","340010006","1","0.036","ppm","33","Brigantine","17","100.0000","44201","Ozone","12100","Atlantic City-Hammonton, NJ","34","New Jersey","001","Atlantic","39.464872","-74.448736"
"06/30/2007","AQS","340010006","1","0.049","ppm","45","Brigantine","17","100.0000","44201","Ozone","12100","Atlantic City-Hammonton, NJ","34","New Jersey","001","Atlantic","39.464872","-74.448736"
"07/01/2007","AQS","340010006","1","0.049","ppm","45","Brigantine","17","100.0000","44201","Ozone","12100","Atlantic City-Hammonton, NJ","34","New Jersey","001","Atlantic","39.464872","-74.448736"
"07/02/2007","AQS","340010006","1","0.041","ppm","38","Brigantine","17","100.0000","44201","Ozone","12100","Atlantic City-Hammonton, NJ","34","New Jersey","001","Atlantic","39.464872","-74.448736"
"07/03/2007","AQS","340010006","1","0.053","ppm","49","Brigantine","17","100.0000","44201","Ozone","12100","Atlantic City-Hammonton, NJ","34","New Jersey","001","Atlantic","39.464872","-74.448736"
"07/04/2007","AQS","340010006","1","0.042","ppm","39","Brigantine","17","100.0000","44201","Ozone","12100","Atlantic City-Hammonton, NJ","34","New Jersey","001","Atlantic","39.464872","-74.448736"
"07/05/2007","AQS","340010006","1","0.038","ppm","35","Brigantine","17","100.0000","44201","Ozone","12100","Atlantic City-Hammonton, NJ","34","New Jersey","001","Atlantic","39.464872","-74.448736"
"07/06/2007","AQS","340010006","1","0.066","ppm","87","Brigantine","17","100.0000","44201","Ozone","12100","Atlantic City-Hammonton, NJ","34","New Jersey","001","Atlantic","39.464872","-74.448736"
"07/07/2007","AQS","340010006","1","0.061","ppm","71","Brigantine","17","100.0000","44201","Ozone","12100","Atlantic City-Hammonton, NJ","34","New Jersey","001","Atlantic","39.464872","-74.448736"
"07/08/2007","AQS","340010006","1","0.068","ppm","93","Brigantine","17","100.0000","44201","Ozone","12100","Atlantic City-Hammonton, NJ","34","New Jersey","001","Atlantic","39.464872","-74.448736"
"07/09/2007","AQS","340010006","1","0.08","ppm","133","Brigantine","17","100.0000","44201","Ozone","12100","Atlantic City-Hammonton, NJ","34","New Jersey","001","Atlantic","39.464872","-74.448736"
"07/10/2007","AQS","340010006","1","0.037","ppm","34","Brigantine","17","100.0000","44201","Ozone","12100","Atlantic City-Hammonton, NJ","34","New Jersey","001","Atlantic","39.464872","-74.448736"
"07/11/2007","AQS","340010006","1","0.052","ppm","48","Brigantine","17","100.0000","44201","Ozone","12100","Atlantic City-Hammonton, NJ","34","New Jersey","001","Atlantic","39.464872","-74.448736"
"07/12/2007","AQS","340010006","1","0.065","ppm","84","Brigantine","17","100.0000","44201","Ozone","12100","Atlantic City-Hammonton, NJ","34","New Jersey","001","Atlantic","39.464872","-74.448736"
"07/13/2007","AQS","340010006","1","0.065","ppm","84","Brigantine","17","100.0000","44201","Ozone","12100","Atlantic City-Hammonton, NJ","34","New Jersey","001","Atlantic","39.464872","-74.448736"
"07/14/2007","AQS","340010006","1","0.065","ppm","84","Brigantine","17","100.0000","44201","Ozone","12100","Atlantic City-Hammonton, NJ","34","New Jersey","001","Atlantic","39.464872","-74.448736"
"07/15/2007","AQS","340010006","1","0.066","ppm","87","Brigantine","17","100.0000","44201","Ozone","12100","Atlantic City-Hammonton, NJ","34","New Jersey","001","Atlantic","39.464872","-74.448736"
"07/16/2007","AQS","340010006","1","0.054","ppm","50","Brigantine","17","100.0000","44201","Ozone","12100","Atlantic City-Hammonton, NJ","34","New Jersey","001","Atlantic","39.464872","-74.448736"
"07/17/2007","AQS","340010006","1","0.068","ppm","93","Brigantine","17","100.0000","44201","Ozone","12100","Atlantic City-Hammonton, NJ","34","New Jersey","001","Atlantic","39.464872","-74.448736"
"07/18/2007","AQS","340010006","1","0.054","ppm","50","Brigantine","17","100.0000","44201","Ozone","12100","Atlantic City-Hammonton, NJ","34","New Jersey","001","Atlantic","39.464872","-74.448736"
"07/19/2007","AQS","340010006","1","0.064","ppm","80","Brigantine","17","100.0000","44201","Ozone","12100","Atlantic City-Hammonton, NJ","34","New Jersey","001","Atlantic","39.464872","-74.448736"
"07/20/2007","AQS","340010006","1","0.06","ppm","67","Brigantine","17","100.0000","44201","Ozone","12100","Atlantic City-Hammonton, NJ","34","New Jersey","001","Atlantic","39.464872","-74.448736"
"07/21/2007","AQS","340010006","1","0.046","ppm","43","Brigantine","17","100.0000","44201","Ozone","12100","Atlantic City-Hammonton, NJ","34","New Jersey","001","Atlantic","39.464872","-74.448736"
"07/22/2007","AQS","340010006","1","0.041","ppm","38","Brigantine","17","100.0000","44201","Ozone","12100","Atlantic City-Hammonton, NJ","34","New Jersey","001","Atlantic","39.464872","-74.448736"
"07/23/2007","AQS","340010006","1","0.033","ppm","31","Brigantine","17","100.0000","44201","Ozone","12100","Atlantic City-Hammonton, NJ","34","New Jersey","001","Atlantic","39.464872","-74.448736"
"07/24/2007","AQS","340010006","1","0.055","ppm","51","Brigantine","17","100.0000","44201","Ozone","12100","Atlantic City-Hammonton, NJ","34","New Jersey","001","Atlantic","39.464872","-74.448736"
"07/25/2007","AQS","340010006","1","0.038","ppm","35","Brigantine","17","100.0000","44201","Ozone","12100","Atlantic City-Hammonton, NJ","34","New Jersey","001","Atlantic","39.464872","-74.448736"
"07/26/2007","AQS","340010006","1","0.028","ppm","26","Brigantine","17","100.0000","44201","Ozone","12100","Atlantic City-Hammonton, NJ","34","New Jersey","001","Atlantic","39.464872","-74.448736"
"07/27/2007","AQS","340010006","1","0.02","ppm","19","Brigantine","17","100.0000","44201","Ozone","12100","Atlantic City-Hammonton, NJ","34","New Jersey","001","Atlantic","39.464872","-74.448736"
"07/28/2007","AQS","340010006","1","0.066","ppm","87","Brigantine","17","100.0000","44201","Ozone","12100","Atlantic City-Hammonton, NJ","34","New Jersey","001","Atlantic","39.464872","-74.448736"
"07/29/2007","AQS","340010006","1","0.052","ppm","48","Brigantine","17","100.0000","44201","Ozone","12100","Atlantic City-Hammonton, NJ","34","New Jersey","001","Atlantic","39.464872","-74.448736"
"07/30/2007","AQS","340010006","1","0.045","ppm","42","Brigantine","17","100.0000","44201","Ozone","12100","Atlantic City-Hammonton, NJ","34","New Jersey","001","Atlantic","39.464872","-74.448736"
"07/31/2007","AQS","340010006","1","0.068","ppm","93","Brigantine","17","100.0000","44201","Ozone","12100","Atlantic City-Hammonton, NJ","34","New Jersey","001","Atlantic","39.464872","-74.448736"
"08/01/2007","AQS","340010006","1","0.083","ppm","143","Brigantine","17","100.0000","44201","Ozone","12100","Atlantic City-Hammonton, NJ","34","New Jersey","001","Atlantic","39.464872","-74.448736"
"08/02/2007","AQS","340010006","1","0.079","ppm","129","Brigantine","17","100.0000","44201","Ozone","12100","Atlantic City-Hammonton, NJ","34","New Jersey","001","Atlantic","39.464872","-74.448736"
"08/03/2007","AQS","340010006","1","0.048","ppm","44","Brigantine","17","100.0000","44201","Ozone","12100","Atlantic City-Hammonton, NJ","34","New Jersey","001","Atlantic","39.464872","-74.448736"
"08/04/2007","AQS","340010006","1","0.062","ppm","74","Brigantine","17","100.0000","44201","Ozone","12100","Atlantic City-Hammonton, NJ","34","New Jersey","001","Atlantic","39.464872","-74.448736"
"08/05/2007","AQS","340010006","1","0.046","ppm","43","Brigantine","17","100.0000","44201","Ozone","12100","Atlantic City-Hammonton, NJ","34","New Jersey","001","Atlantic","39.464872","-74.448736"
"08/06/2007","AQS","340010006","1","0.05","ppm","46","Brigantine","17","100.0000","44201","Ozone","12100","Atlantic City-Hammonton, NJ","34","New Jersey","001","Atlantic","39.464872","-74.448736"
"08/07/2007","AQS","340010006","1","0.078","ppm","126","Brigantine","15","88.0000","44201","Ozone","12100","Atlantic City-Hammonton, NJ","34","New Jersey","001","Atlantic","39.464872","-74.448736"
"08/08/2007","AQS","340010006","1","0.074","ppm","112","Brigantine","16","94.0000","44201","Ozone","12100","Atlantic City-Hammonton, NJ","34","New Jersey","001","Atlantic","39.464872","-74.448736"
"08/09/2007","AQS","340010006","1","0.047","ppm","44","Brigantine","17","100.0000","44201","Ozone","12100","Atlantic City-Hammonton, NJ","34","New Jersey","001","Atlantic","39.464872","-74.448736"
"08/10/2007","AQS","340010006","1","0.05","ppm","46","Brigantine","15","88.0000","44201","Ozone","12100","Atlantic City-Hammonton, NJ","34","New Jersey","001","Atlantic","39.464872","-74.448736"
"08/11/2007","AQS","340010006","1","0.049","ppm","45","Brigantine","17","100.0000","44201","Ozone","12100","Atlantic City-Hammonton, NJ","34","New Jersey","001","Atlantic","39.464872","-74.448736"
"08/12/2007","AQS","340010006","1","0.061","ppm","71","Brigantine","17","100.0000","44201","Ozone","12100","Atlantic City-Hammonton, NJ","34","New Jersey","001","Atlantic","39.464872","-74.448736"
"08/13/2007","AQS","340010006","1","0.076","ppm","119","Brigantine","17","100.0000","44201","Ozone","12100","Atlantic City-Hammonton, NJ","34","New Jersey","001","Atlantic","39.464872","-74.448736"
"08/14/2007","AQS","340010006","1","0.041","ppm","38","Brigantine","17","100.0000","44201","Ozone","12100","Atlantic City-Hammonton, NJ","34","New Jersey","001","Atlantic","39.464872","-74.448736"
"08/15/2007","AQS","340010006","1","0.055","ppm","51","Brigantine","17","100.0000","44201","Ozone","12100","Atlantic City-Hammonton, NJ","34","New Jersey","001","Atlantic","39.464872","-74.448736"
"08/16/2007","AQS","340010006","1","0.056","ppm","54","Brigantine","17","100.0000","44201","Ozone","12100","Atlantic City-Hammonton, NJ","34","New Jersey","001","Atlantic","39.464872","-74.448736"
"08/17/2007","AQS","340010006","1","0.069","ppm","97","Brigantine","17","100.0000","44201","Ozone","12100","Atlantic City-Hammonton, NJ","34","New Jersey","001","Atlantic","39.464872","-74.448736"
"08/18/2007","AQS","340010006","1","0.036","ppm","33","Brigantine","17","100.0000","44201","Ozone","12100","Atlantic City-Hammonton, NJ","34","New Jersey","001","Atlantic","39.464872","-74.448736"
"08/19/2007","AQS","340010006","1","0.04","ppm","37","Brigantine","17","100.0000","44201","Ozone","12100","Atlantic City-Hammonton, NJ","34","New Jersey","001","Atlantic","39.464872","-74.448736"
"08/20/2007","AQS","340010006","1","0.037","ppm","34","Brigantine","17","100.0000","44201","Ozone","12100","Atlantic City-Hammonton, NJ","34","New Jersey","001","Atlantic","39.464872","-74.448736"
"08/21/2007","AQS","340010006","1","0.026","ppm","24","Brigantine","17","100.0000","44201","Ozone","12100","Atlantic City-Hammonton, NJ","34","New Jersey","001","Atlantic","39.464872","-74.448736"
"08/22/2007","AQS","340010006","1","0.021","ppm","19","Brigantine","17","100.0000","44201","Ozone","12100","Atlantic City-Hammonton, NJ","34","New Jersey","001","Atlantic","39.464872","-74.448736"
"08/23/2007","AQS","340010006","1","0.022","ppm","20","Brigantine","17","100.0000","44201","Ozone","12100","Atlantic City-Hammonton, NJ","34","New Jersey","001","Atlantic","39.464872","-74.448736"
"08/24/2007","AQS","340010006","1","0.034","ppm","31","Brigantine","17","100.0000","44201","Ozone","12100","Atlantic City-Hammonton, NJ","34","New Jersey","001","Atlantic","39.464872","-74.448736"
"08/25/2007","AQS","340010006","1","0.048","ppm","44","Brigantine","17","100.0000","44201","Ozone","12100","Atlantic City-Hammonton, NJ","34","New Jersey","001","Atlantic","39.464872","-74.448736"
"08/26/2007","AQS","340010006","1","0.046","ppm","43","Brigantine","17","100.0000","44201","Ozone","12100","Atlantic City-Hammonton, NJ","34","New Jersey","001","Atlantic","39.464872","-74.448736"
"08/27/2007","AQS","340010006","1","0.037","ppm","34","Brigantine","17","100.0000","44201","Ozone","12100","Atlantic City-Hammonton, NJ","34","New Jersey","001","Atlantic","39.464872","-74.448736"
"08/28/2007","AQS","340010006","1","0.031","ppm","29","Brigantine","17","100.0000","44201","Ozone","12100","Atlantic City-Hammonton, NJ","34","New Jersey","001","Atlantic","39.464872","-74.448736"
"08/29/2007","AQS","340010006","1","0.034","ppm","31","Brigantine","17","100.0000","44201","Ozone","12100","Atlantic City-Hammonton, NJ","34","New Jersey","001","Atlantic","39.464872","-74.448736"
"08/30/2007","AQS","340010006","1","0.065","ppm","84","Brigantine","17","100.0000","44201","Ozone","12100","Atlantic City-Hammonton, NJ","34","New Jersey","001","Atlantic","39.464872","-74.448736"
"08/31/2007","AQS","340010006","1","0.066","ppm","87","Brigantine","17","100.0000","44201","Ozone","12100","Atlantic City-Hammonton, NJ","34","New Jersey","001","Atlantic","39.464872","-74.448736"
"09/01/2007","AQS","340010006","1","0.045","ppm","42","Brigantine","17","100.0000","44201","Ozone","12100","Atlantic City-Hammonton, NJ","34","New Jersey","001","Atlantic","39.464872","-74.448736"
"09/02/2007","AQS","340010006","1","0.038","ppm","35","Brigantine","17","100.0000","44201","Ozone","12100","Atlantic City-Hammonton, NJ","34","New Jersey","001","Atlantic","39.464872","-74.448736"
"09/03/2007","AQS","340010006","1","0.055","ppm","51","Brigantine","17","100.0000","44201","Ozone","12100","Atlantic City-Hammonton, NJ","34","New Jersey","001","Atlantic","39.464872","-74.448736"
"09/04/2007","AQS","340010006","1","0.069","ppm","97","Brigantine","17","100.0000","44201","Ozone","12100","Atlantic City-Hammonton, NJ","34","New Jersey","001","Atlantic","39.464872","-74.448736"
"09/05/2007","AQS","340010006","1","0.047","ppm","44","Brigantine","17","100.0000","44201","Ozone","12100","Atlantic City-Hammonton, NJ","34","New Jersey","001","Atlantic","39.464872","-74.448736"
"09/06/2007","AQS","340010006","1","0.042","ppm","39","Brigantine","17","100.0000","44201","Ozone","12100","Atlantic City-Hammonton, NJ","34","New Jersey","001","Atlantic","39.464872","-74.448736"
"09/07/2007","AQS","340010006","1","0.033","ppm","31","Brigantine","17","100.0000","44201","Ozone","12100","Atlantic City-Hammonton, NJ","34","New Jersey","001","Atlantic","39.464872","-74.448736"
"09/08/2007","AQS","340010006","1","0.032","ppm","30","Brigantine","17","100.0000","44201","Ozone","12100","Atlantic City-Hammonton, NJ","34","New Jersey","001","Atlantic","39.464872","-74.448736"
"09/09/2007","AQS","340010006","1","0.025","ppm","23","Brigantine","17","100.0000","44201","Ozone","12100","Atlantic City-Hammonton, NJ","34","New Jersey","001","Atlantic","39.464872","-74.448736"
"09/11/2007","AQS","340010006","1","0.034","ppm","31","Brigantine","14","82.0000","44201","Ozone","12100","Atlantic City-Hammonton, NJ","34","New Jersey","001","Atlantic","39.464872","-74.448736"
"09/12/2007","AQS","340010006","1","0.043","ppm","40","Brigantine","17","100.0000","44201","Ozone","12100","Atlantic City-Hammonton, NJ","34","New Jersey","001","Atlantic","39.464872","-74.448736"
"09/13/2007","AQS","340010006","1","0.039","ppm","36","Brigantine","17","100.0000","44201","Ozone","12100","Atlantic City-Hammonton, NJ","34","New Jersey","001","Atlantic","39.464872","-74.448736"
"09/14/2007","AQS","340010006","1","0.042","ppm","39","Brigantine","17","100.0000","44201","Ozone","12100","Atlantic City-Hammonton, NJ","34","New Jersey","001","Atlantic","39.464872","-74.448736"
"09/15/2007","AQS","340010006","1","0.028","ppm","26","Brigantine","17","100.0000","44201","Ozone","12100","Atlantic City-Hammonton, NJ","34","New Jersey","001","Atlantic","39.464872","-74.448736"
"09/16/2007","AQS","340010006","1","0.022","ppm","20","Brigantine","17","100.0000","44201","Ozone","12100","Atlantic City-Hammonton, NJ","34","New Jersey","001","Atlantic","39.464872","-74.448736"
"09/17/2007","AQS","340010006","1","0.028","ppm","26","Brigantine","17","100.0000","44201","Ozone","12100","Atlantic City-Hammonton, NJ","34","New Jersey","001","Atlantic","39.464872","-74.448736"
"09/18/2007","AQS","340010006","1","0.028","ppm","26","Brigantine","17","100.0000","44201","Ozone","12100","Atlantic City-Hammonton, NJ","34","New Jersey","001","Atlantic","39.464872","-74.448736"
"09/19/2007","AQS","340010006","1","0.034","ppm","31","Brigantine","17","100.0000","44201","Ozone","12100","Atlantic City-Hammonton, NJ","34","New Jersey","001","Atlantic","39.464872","-74.448736"
"09/20/2007","AQS","340010006","1","0.03","ppm","28","Brigantine","17","100.0000","44201","Ozone","12100","Atlantic City-Hammonton, NJ","34","New Jersey","001","Atlantic","39.464872","-74.448736"
"09/21/2007","AQS","340010006","1","0.062","ppm","74","Brigantine","17","100.0000","44201","Ozone","12100","Atlantic City-Hammonton, NJ","34","New Jersey","001","Atlantic","39.464872","-74.448736"
"09/22/2007","AQS","340010006","1","0.026","ppm","24","Brigantine","17","100.0000","44201","Ozone","12100","Atlantic City-Hammonton, NJ","34","New Jersey","001","Atlantic","39.464872","-74.448736"
"09/23/2007","AQS","340010006","1","0.046","ppm","43","Brigantine","17","100.0000","44201","Ozone","12100","Atlantic City-Hammonton, NJ","34","New Jersey","001","Atlantic","39.464872","-74.448736"
"09/24/2007","AQS","340010006","1","0.042","ppm","39","Brigantine","17","100.0000","44201","Ozone","12100","Atlantic City-Hammonton, NJ","34","New Jersey","001","Atlantic","39.464872","-74.448736"
"09/25/2007","AQS","340010006","1","0.044","ppm","41","Brigantine","17","100.0000","44201","Ozone","12100","Atlantic City-Hammonton, NJ","34","New Jersey","001","Atlantic","39.464872","-74.448736"
"09/26/2007","AQS","340010006","1","0.052","ppm","48","Brigantine","17","100.0000","44201","Ozone","12100","Atlantic City-Hammonton, NJ","34","New Jersey","001","Atlantic","39.464872","-74.448736"
"09/27/2007","AQS","340010006","1","0.019","ppm","18","Brigantine","17","100.0000","44201","Ozone","12100","Atlantic City-Hammonton, NJ","34","New Jersey","001","Atlantic","39.464872","-74.448736"
"09/28/2007","AQS","340010006","1","0.047","ppm","44","Brigantine","17","100.0000","44201","Ozone","12100","Atlantic City-Hammonton, NJ","34","New Jersey","001","Atlantic","39.464872","-74.448736"
"09/29/2007","AQS","340010006","1","0.042","ppm","39","Brigantine","17","100.0000","44201","Ozone","12100","Atlantic City-Hammonton, NJ","34","New Jersey","001","Atlantic","39.464872","-74.448736"
"09/30/2007","AQS","340010006","1","0.04","ppm","37","Brigantine","17","100.0000","44201","Ozone","12100","Atlantic City-Hammonton, NJ","34","New Jersey","001","Atlantic","39.464872","-74.448736"
"10/02/2007","AQS","340010006","1","0.034","ppm","31","Brigantine","17","100.0000","44201","Ozone","12100","Atlantic City-Hammonton, NJ","34","New Jersey","001","Atlantic","39.464872","-74.448736"
"10/03/2007","AQS","340010006","1","0.032","ppm","30","Brigantine","17","100.0000","44201","Ozone","12100","Atlantic City-Hammonton, NJ","34","New Jersey","001","Atlantic","39.464872","-74.448736"
"10/04/2007","AQS","340010006","1","0.026","ppm","24","Brigantine","17","100.0000","44201","Ozone","12100","Atlantic City-Hammonton, NJ","34","New Jersey","001","Atlantic","39.464872","-74.448736"
"10/05/2007","AQS","340010006","1","0.027","ppm","25","Brigantine","17","100.0000","44201","Ozone","12100","Atlantic City-Hammonton, NJ","34","New Jersey","001","Atlantic","39.464872","-74.448736"
"10/06/2007","AQS","340010006","1","0.024","ppm","22","Brigantine","17","100.0000","44201","Ozone","12100","Atlantic City-Hammonton, NJ","34","New Jersey","001","Atlantic","39.464872","-74.448736"
"10/07/2007","AQS","340010006","1","0.047","ppm","44","Brigantine","17","100.0000","44201","Ozone","12100","Atlantic City-Hammonton, NJ","34","New Jersey","001","Atlantic","39.464872","-74.448736"
"10/08/2007","AQS","340010006","1","0.049","ppm","45","Brigantine","17","100.0000","44201","Ozone","12100","Atlantic City-Hammonton, NJ","34","New Jersey","001","Atlantic","39.464872","-74.448736"
"10/09/2007","AQS","340010006","1","0.027","ppm","25","Brigantine","17","100.0000","44201","Ozone","12100","Atlantic City-Hammonton, NJ","34","New Jersey","001","Atlantic","39.464872","-74.448736"
"10/10/2007","AQS","340010006","1","0.032","ppm","30","Brigantine","17","100.0000","44201","Ozone","12100","Atlantic City-Hammonton, NJ","34","New Jersey","001","Atlantic","39.464872","-74.448736"
"10/11/2007","AQS","340010006","1","0.03","ppm","28","Brigantine","17","100.0000","44201","Ozone","12100","Atlantic City-Hammonton, NJ","34","New Jersey","001","Atlantic","39.464872","-74.448736"
"10/12/2007","AQS","340010006","1","0.021","ppm","19","Brigantine","17","100.0000","44201","Ozone","12100","Atlantic City-Hammonton, NJ","34","New Jersey","001","Atlantic","39.464872","-74.448736"
"10/13/2007","AQS","340010006","1","0.027","ppm","25","Brigantine","17","100.0000","44201","Ozone","12100","Atlantic City-Hammonton, NJ","34","New Jersey","001","Atlantic","39.464872","-74.448736"
"10/14/2007","AQS","340010006","1","0.033","ppm","31","Brigantine","17","100.0000","44201","Ozone","12100","Atlantic City-Hammonton, NJ","34","New Jersey","001","Atlantic","39.464872","-74.448736"
"10/15/2007","AQS","340010006","1","0.028","ppm","26","Brigantine","17","100.0000","44201","Ozone","12100","Atlantic City-Hammonton, NJ","34","New Jersey","001","Atlantic","39.464872","-74.448736"
"10/16/2007","AQS","340010006","1","0.029","ppm","27","Brigantine","17","100.0000","44201","Ozone","12100","Atlantic City-Hammonton, NJ","34","New Jersey","001","Atlantic","39.464872","-74.448736"
"10/17/2007","AQS","340010006","1","0.045","ppm","42","Brigantine","17","100.0000","44201","Ozone","12100","Atlantic City-Hammonton, NJ","34","New Jersey","001","Atlantic","39.464872","-74.448736"
"10/25/2007","AQS","340010006","1","0.038","ppm","35","Brigantine","15","88.0000","44201","Ozone","12100","Atlantic City-Hammonton, NJ","34","New Jersey","001","Atlantic","39.464872","-74.448736"
"10/26/2007","AQS","340010006","1","0.03","ppm","28","Brigantine","17","100.0000","44201","Ozone","12100","Atlantic City-Hammonton, NJ","34","New Jersey","001","Atlantic","39.464872","-74.448736"
"10/27/2007","AQS","340010006","1","0.027","ppm","25","Brigantine","17","100.0000","44201","Ozone","12100","Atlantic City-Hammonton, NJ","34","New Jersey","001","Atlantic","39.464872","-74.448736"
"10/28/2007","AQS","340010006","1","0.032","ppm","30","Brigantine","17","100.0000","44201","Ozone","12100","Atlantic City-Hammonton, NJ","34","New Jersey","001","Atlantic","39.464872","-74.448736"
"10/29/2007","AQS","340010006","1","0.024","ppm","22","Brigantine","17","100.0000","44201","Ozone","12100","Atlantic City-Hammonton, NJ","34","New Jersey","001","Atlantic","39.464872","-74.448736"
"10/30/2007","AQS","340010006","1","0.032","ppm","30","Brigantine","17","100.0000","44201","Ozone","12100","Atlantic City-Hammonton, NJ","34","New Jersey","001","Atlantic","39.464872","-74.448736"
"10/31/2007","AQS","340010006","1","0.045","ppm","42","Brigantine","17","100.0000","44201","Ozone","12100","Atlantic City-Hammonton, NJ","34","New Jersey","001","Atlantic","39.464872","-74.448736"
"11/01/2007","AQS","340010006","1","0.038","ppm","35","Brigantine","17","100.0000","44201","Ozone","12100","Atlantic City-Hammonton, NJ","34","New Jersey","001","Atlantic","39.464872","-74.448736"
"11/02/2007","AQS","340010006","1","0.035","ppm","32","Brigantine","16","94.0000","44201","Ozone","12100","Atlantic City-Hammonton, NJ","34","New Jersey","001","Atlantic","39.464872","-74.448736"
"11/16/2007","AQS","340010006","1","0.029","ppm","27","Brigantine","16","94.0000","44201","Ozone","12100","Atlantic City-Hammonton, NJ","34","New Jersey","001","Atlantic","39.464872","-74.448736"
"11/17/2007","AQS","340010006","1","0.028","ppm","26","Brigantine","17","100.0000","44201","Ozone","12100","Atlantic City-Hammonton, NJ","34","New Jersey","001","Atlantic","39.464872","-74.448736"
"11/18/2007","AQS","340010006","1","0.039","ppm","36","Brigantine","17","100.0000","44201","Ozone","12100","Atlantic City-Hammonton, NJ","34","New Jersey","001","Atlantic","39.464872","-74.448736"
"11/19/2007","AQS","340010006","1","0.04","ppm","37","Brigantine","17","100.0000","44201","Ozone","12100","Atlantic City-Hammonton, NJ","34","New Jersey","001","Atlantic","39.464872","-74.448736"
"11/21/2007","AQS","340010006","1","0.038","ppm","35","Brigantine","17","100.0000","44201","Ozone","12100","Atlantic City-Hammonton, NJ","34","New Jersey","001","Atlantic","39.464872","-74.448736"
"11/22/2007","AQS","340010006","1","0.037","ppm","34","Brigantine","17","100.0000","44201","Ozone","12100","Atlantic City-Hammonton, NJ","34","New Jersey","001","Atlantic","39.464872","-74.448736"
"11/23/2007","AQS","340010006","1","0.033","ppm","31","Brigantine","17","100.0000","44201","Ozone","12100","Atlantic City-Hammonton, NJ","34","New Jersey","001","Atlantic","39.464872","-74.448736"
"11/24/2007","AQS","340010006","1","0.036","ppm","33","Brigantine","17","100.0000","44201","Ozone","12100","Atlantic City-Hammonton, NJ","34","New Jersey","001","Atlantic","39.464872","-74.448736"
"11/25/2007","AQS","340010006","1","0.029","ppm","27","Brigantine","17","100.0000","44201","Ozone","12100","Atlantic City-Hammonton, NJ","34","New Jersey","001","Atlantic","39.464872","-74.448736"
"11/26/2007","AQS","340010006","1","0.025","ppm","23","Brigantine","17","100.0000","44201","Ozone","12100","Atlantic City-Hammonton, NJ","34","New Jersey","001","Atlantic","39.464872","-74.448736"
"11/27/2007","AQS","340010006","1","0.026","ppm","24","Brigantine","17","100.0000","44201","Ozone","12100","Atlantic City-Hammonton, NJ","34","New Jersey","001","Atlantic","39.464872","-74.448736"
"11/28/2007","AQS","340010006","1","0.028","ppm","26","Brigantine","17","100.0000","44201","Ozone","12100","Atlantic City-Hammonton, NJ","34","New Jersey","001","Atlantic","39.464872","-74.448736"
"11/29/2007","AQS","340010006","1","0.03","ppm","28","Brigantine","17","100.0000","44201","Ozone","12100","Atlantic City-Hammonton, NJ","34","New Jersey","001","Atlantic","39.464872","-74.448736"
"11/30/2007","AQS","340010006","1","0.026","ppm","24","Brigantine","17","100.0000","44201","Ozone","12100","Atlantic City-Hammonton, NJ","34","New Jersey","001","Atlantic","39.464872","-74.448736"
"12/01/2007","AQS","340010006","1","0.035","ppm","32","Brigantine","17","100.0000","44201","Ozone","12100","Atlantic City-Hammonton, NJ","34","New Jersey","001","Atlantic","39.464872","-74.448736"
"12/02/2007","AQS","340010006","1","0.037","ppm","34","Brigantine","17","100.0000","44201","Ozone","12100","Atlantic City-Hammonton, NJ","34","New Jersey","001","Atlantic","39.464872","-74.448736"
"12/03/2007","AQS","340010006","1","0.036","ppm","33","Brigantine","17","100.0000","44201","Ozone","12100","Atlantic City-Hammonton, NJ","34","New Jersey","001","Atlantic","39.464872","-74.448736"
"12/04/2007","AQS","340010006","1","0.036","ppm","33","Brigantine","17","100.0000","44201","Ozone","12100","Atlantic City-Hammonton, NJ","34","New Jersey","001","Atlantic","39.464872","-74.448736"
"12/05/2007","AQS","340010006","1","0.025","ppm","23","Brigantine","17","100.0000","44201","Ozone","12100","Atlantic City-Hammonton, NJ","34","New Jersey","001","Atlantic","39.464872","-74.448736"
"12/06/2007","AQS","340010006","1","0.031","ppm","29","Brigantine","17","100.0000","44201","Ozone","12100","Atlantic City-Hammonton, NJ","34","New Jersey","001","Atlantic","39.464872","-74.448736"
"12/07/2007","AQS","340010006","1","0.029","ppm","27","Brigantine","17","100.0000","44201","Ozone","12100","Atlantic City-Hammonton, NJ","34","New Jersey","001","Atlantic","39.464872","-74.448736"
"12/08/2007","AQS","340010006","1","0.015","ppm","14","Brigantine","17","100.0000","44201","Ozone","12100","Atlantic City-Hammonton, NJ","34","New Jersey","001","Atlantic","39.464872","-74.448736"
"12/09/2007","AQS","340010006","1","0.013","ppm","12","Brigantine","17","100.0000","44201","Ozone","12100","Atlantic City-Hammonton, NJ","34","New Jersey","001","Atlantic","39.464872","-74.448736"
"12/10/2007","AQS","340010006","1","0.001","ppm","1","Brigantine","17","100.0000","44201","Ozone","12100","Atlantic City-Hammonton, NJ","34","New Jersey","001","Atlantic","39.464872","-74.448736"
"12/11/2007","AQS","340010006","1","0.019","ppm","18","Brigantine","17","100.0000","44201","Ozone","12100","Atlantic City-Hammonton, NJ","34","New Jersey","001","Atlantic","39.464872","-74.448736"
"12/12/2007","AQS","340010006","1","0.028","ppm","26","Brigantine","17","100.0000","44201","Ozone","12100","Atlantic City-Hammonton, NJ","34","New Jersey","001","Atlantic","39.464872","-74.448736"
"12/13/2007","AQS","340010006","1","0.038","ppm","35","Brigantine","17","100.0000","44201","Ozone","12100","Atlantic City-Hammonton, NJ","34","New Jersey","001","Atlantic","39.464872","-74.448736"
"12/14/2007","AQS","340010006","1","0.02","ppm","19","Brigantine","17","100.0000","44201","Ozone","12100","Atlantic City-Hammonton, NJ","34","New Jersey","001","Atlantic","39.464872","-74.448736"
"12/15/2007","AQS","340010006","1","0.041","ppm","38","Brigantine","17","100.0000","44201","Ozone","12100","Atlantic City-Hammonton, NJ","34","New Jersey","001","Atlantic","39.464872","-74.448736"
"12/16/2007","AQS","340010006","1","0.035","ppm","32","Brigantine","17","100.0000","44201","Ozone","12100","Atlantic City-Hammonton, NJ","34","New Jersey","001","Atlantic","39.464872","-74.448736"
"12/17/2007","AQS","340010006","1","0.043","ppm","40","Brigantine","17","100.0000","44201","Ozone","12100","Atlantic City-Hammonton, NJ","34","New Jersey","001","Atlantic","39.464872","-74.448736"
"12/18/2007","AQS","340010006","1","0.028","ppm","26","Brigantine","17","100.0000","44201","Ozone","12100","Atlantic City-Hammonton, NJ","34","New Jersey","001","Atlantic","39.464872","-74.448736"
"12/19/2007","AQS","340010006","1","0.031","ppm","29","Brigantine","17","100.0000","44201","Ozone","12100","Atlantic City-Hammonton, NJ","34","New Jersey","001","Atlantic","39.464872","-74.448736"
"12/20/2007","AQS","340010006","1","0.021","ppm","19","Brigantine","17","100.0000","44201","Ozone","12100","Atlantic City-Hammonton, NJ","34","New Jersey","001","Atlantic","39.464872","-74.448736"
"12/21/2007","AQS","340010006","1","0.042","ppm","39","Brigantine","17","100.0000","44201","Ozone","12100","Atlantic City-Hammonton, NJ","34","New Jersey","001","Atlantic","39.464872","-74.448736"
"12/22/2007","AQS","340010006","1","0.042","ppm","39","Brigantine","17","100.0000","44201","Ozone","12100","Atlantic City-Hammonton, NJ","34","New Jersey","001","Atlantic","39.464872","-74.448736"
"12/23/2007","AQS","340010006","1","0.042","ppm","39","Brigantine","17","100.0000","44201","Ozone","12100","Atlantic City-Hammonton, NJ","34","New Jersey","001","Atlantic","39.464872","-74.448736"
"12/24/2007","AQS","340010006","1","0.037","ppm","34","Brigantine","17","100.0000","44201","Ozone","12100","Atlantic City-Hammonton, NJ","34","New Jersey","001","Atlantic","39.464872","-74.448736"
"12/25/2007","AQS","340010006","1","0.024","ppm","22","Brigantine","17","100.0000","44201","Ozone","12100","Atlantic City-Hammonton, NJ","34","New Jersey","001","Atlantic","39.464872","-74.448736"
"12/26/2007","AQS","340010006","1","0.014","ppm","13","Brigantine","17","100.0000","44201","Ozone","12100","Atlantic City-Hammonton, NJ","34","New Jersey","001","Atlantic","39.464872","-74.448736"
"12/27/2007","AQS","340010006","1","0.009","ppm","8","Brigantine","17","100.0000","44201","Ozone","12100","Atlantic City-Hammonton, NJ","34","New Jersey","001","Atlantic","39.464872","-74.448736"
"12/28/2007","AQS","340010006","1","0.036","ppm","33","Brigantine","17","100.0000","44201","Ozone","12100","Atlantic City-Hammonton, NJ","34","New Jersey","001","Atlantic","39.464872","-74.448736"
"12/29/2007","AQS","340010006","1","0.024","ppm","22","Brigantine","17","100.0000","44201","Ozone","12100","Atlantic City-Hammonton, NJ","34","New Jersey","001","Atlantic","39.464872","-74.448736"
"12/30/2007","AQS","340010006","1","0.03","ppm","28","Brigantine","17","100.0000","44201","Ozone","12100","Atlantic City-Hammonton, NJ","34","New Jersey","001","Atlantic","39.464872","-74.448736"
"01/02/2007","AQS","340030005","1","0.031","ppm","29","TEANECK","17","100.0000","44201","Ozone","35620","New York-Newark-Jersey City, NY-NJ-PA","34","New Jersey","003","Bergen","40.89858","-74.0299"
"01/03/2007","AQS","340030005","1","0.007","ppm","6","TEANECK","17","100.0000","44201","Ozone","35620","New York-Newark-Jersey City, NY-NJ-PA","34","New Jersey","003","Bergen","40.89858","-74.0299"
"01/04/2007","AQS","340030005","1","0.006","ppm","6","TEANECK","17","100.0000","44201","Ozone","35620","New York-Newark-Jersey City, NY-NJ-PA","34","New Jersey","003","Bergen","40.89858","-74.0299"
"01/05/2007","AQS","340030005","1","0.003","ppm","3","TEANECK","17","100.0000","44201","Ozone","35620","New York-Newark-Jersey City, NY-NJ-PA","34","New Jersey","003","Bergen","40.89858","-74.0299"
"01/06/2007","AQS","340030005","1","0.026","ppm","24","TEANECK","17","100.0000","44201","Ozone","35620","New York-Newark-Jersey City, NY-NJ-PA","34","New Jersey","003","Bergen","40.89858","-74.0299"
"01/07/2007","AQS","340030005","1","0.031","ppm","29","TEANECK","17","100.0000","44201","Ozone","35620","New York-Newark-Jersey City, NY-NJ-PA","34","New Jersey","003","Bergen","40.89858","-74.0299"
"01/08/2007","AQS","340030005","1","0.023","ppm","21","TEANECK","17","100.0000","44201","Ozone","35620","New York-Newark-Jersey City, NY-NJ-PA","34","New Jersey","003","Bergen","40.89858","-74.0299"
"01/09/2007","AQS","340030005","1","0.026","ppm","24","TEANECK","17","100.0000","44201","Ozone","35620","New York-Newark-Jersey City, NY-NJ-PA","34","New Jersey","003","Bergen","40.89858","-74.0299"
"01/10/2007","AQS","340030005","1","0.029","ppm","27","TEANECK","17","100.0000","44201","Ozone","35620","New York-Newark-Jersey City, NY-NJ-PA","34","New Jersey","003","Bergen","40.89858","-74.0299"
"01/11/2007","AQS","340030005","1","0.011","ppm","10","TEANECK","17","100.0000","44201","Ozone","35620","New York-Newark-Jersey City, NY-NJ-PA","34","New Jersey","003","Bergen","40.89858","-74.0299"
"01/12/2007","AQS","340030005","1","0.007","ppm","6","TEANECK","17","100.0000","44201","Ozone","35620","New York-Newark-Jersey City, NY-NJ-PA","34","New Jersey","003","Bergen","40.89858","-74.0299"
"01/13/2007","AQS","340030005","1","0.005","ppm","5","TEANECK","17","100.0000","44201","Ozone","35620","New York-Newark-Jersey City, NY-NJ-PA","34","New Jersey","003","Bergen","40.89858","-74.0299"
"01/14/2007","AQS","340030005","1","0.003","ppm","3","TEANECK","17","100.0000","44201","Ozone","35620","New York-Newark-Jersey City, NY-NJ-PA","34","New Jersey","003","Bergen","40.89858","-74.0299"
"01/15/2007","AQS","340030005","1","0.007","ppm","6","TEANECK","17","100.0000","44201","Ozone","35620","New York-Newark-Jersey City, NY-NJ-PA","34","New Jersey","003","Bergen","40.89858","-74.0299"
"01/16/2007","AQS","340030005","1","0.031","ppm","29","TEANECK","17","100.0000","44201","Ozone","35620","New York-Newark-Jersey City, NY-NJ-PA","34","New Jersey","003","Bergen","40.89858","-74.0299"
"12/08/2007","AQS","340030006","1","0.01","ppm","9","Leonia","15","88.0000","44201","Ozone","35620","New York-Newark-Jersey City, NY-NJ-PA","34","New Jersey","003","Bergen","40.870436","-73.991994"
"12/09/2007","AQS","340030006","1","0.01","ppm","9","Leonia","17","100.0000","44201","Ozone","35620","New York-Newark-Jersey City, NY-NJ-PA","34","New Jersey","003","Bergen","40.870436","-73.991994"
"12/10/2007","AQS","340030006","1","0.003","ppm","3","Leonia","17","100.0000","44201","Ozone","35620","New York-Newark-Jersey City, NY-NJ-PA","34","New Jersey","003","Bergen","40.870436","-73.991994"
"12/11/2007","AQS","340030006","1","0.009","ppm","8","Leonia","17","100.0000","44201","Ozone","35620","New York-Newark-Jersey City, NY-NJ-PA","34","New Jersey","003","Bergen","40.870436","-73.991994"
"12/12/2007","AQS","340030006","1","0.022","ppm","20","Leonia","17","100.0000","44201","Ozone","35620","New York-Newark-Jersey City, NY-NJ-PA","34","New Jersey","003","Bergen","40.870436","-73.991994"
"12/13/2007","AQS","340030006","1","0.013","ppm","12","Leonia","17","100.0000","44201","Ozone","35620","New York-Newark-Jersey City, NY-NJ-PA","34","New Jersey","003","Bergen","40.870436","-73.991994"
"12/14/2007","AQS","340030006","1","0.021","ppm","19","Leonia","17","100.0000","44201","Ozone","35620","New York-Newark-Jersey City, NY-NJ-PA","34","New Jersey","003","Bergen","40.870436","-73.991994"
"12/15/2007","AQS","340030006","1","0.03","ppm","28","Leonia","17","100.0000","44201","Ozone","35620","New York-Newark-Jersey City, NY-NJ-PA","34","New Jersey","003","Bergen","40.870436","-73.991994"
"12/16/2007","AQS","340030006","1","0.029","ppm","27","Leonia","17","100.0000","44201","Ozone","35620","New York-Newark-Jersey City, NY-NJ-PA","34","New Jersey","003","Bergen","40.870436","-73.991994"
"12/17/2007","AQS","340030006","1","0.036","ppm","33","Leonia","17","100.0000","44201","Ozone","35620","New York-Newark-Jersey City, NY-NJ-PA","34","New Jersey","003","Bergen","40.870436","-73.991994"
"12/18/2007","AQS","340030006","1","0.018","ppm","17","Leonia","17","100.0000","44201","Ozone","35620","New York-Newark-Jersey City, NY-NJ-PA","34","New Jersey","003","Bergen","40.870436","-73.991994"
"12/19/2007","AQS","340030006","1","0.01","ppm","9","Leonia","17","100.0000","44201","Ozone","35620","New York-Newark-Jersey City, NY-NJ-PA","34","New Jersey","003","Bergen","40.870436","-73.991994"
"12/20/2007","AQS","340030006","1","0.016","ppm","15","Leonia","17","100.0000","44201","Ozone","35620","New York-Newark-Jersey City, NY-NJ-PA","34","New Jersey","003","Bergen","40.870436","-73.991994"
"12/21/2007","AQS","340030006","1","0.027","ppm","25","Leonia","17","100.0000","44201","Ozone","35620","New York-Newark-Jersey City, NY-NJ-PA","34","New Jersey","003","Bergen","40.870436","-73.991994"
"12/22/2007","AQS","340030006","1","0.021","ppm","19","Leonia","17","100.0000","44201","Ozone","35620","New York-Newark-Jersey City, NY-NJ-PA","34","New Jersey","003","Bergen","40.870436","-73.991994"
"12/23/2007","AQS","340030006","1","0.031","ppm","29","Leonia","17","100.0000","44201","Ozone","35620","New York-Newark-Jersey City, NY-NJ-PA","34","New Jersey","003","Bergen","40.870436","-73.991994"
"12/24/2007","AQS","340030006","1","0.024","ppm","22","Leonia","17","100.0000","44201","Ozone","35620","New York-Newark-Jersey City, NY-NJ-PA","34","New Jersey","003","Bergen","40.870436","-73.991994"
"12/25/2007","AQS","340030006","1","0.017","ppm","16","Leonia","17","100.0000","44201","Ozone","35620","New York-Newark-Jersey City, NY-NJ-PA","34","New Jersey","003","Bergen","40.870436","-73.991994"
"12/26/2007","AQS","340030006","1","0.005","ppm","5","Leonia","17","100.0000","44201","Ozone","35620","New York-Newark-Jersey City, NY-NJ-PA","34","New Jersey","003","Bergen","40.870436","-73.991994"
"12/27/2007","AQS","340030006","1","0.006","ppm","6","Leonia","17","100.0000","44201","Ozone","35620","New York-Newark-Jersey City, NY-NJ-PA","34","New Jersey","003","Bergen","40.870436","-73.991994"
"12/28/2007","AQS","340030006","1","0.016","ppm","15","Leonia","17","100.0000","44201","Ozone","35620","New York-Newark-Jersey City, NY-NJ-PA","34","New Jersey","003","Bergen","40.870436","-73.991994"
"12/29/2007","AQS","340030006","1","0.016","ppm","15","Leonia","17","100.0000","44201","Ozone","35620","New York-Newark-Jersey City, NY-NJ-PA","34","New Jersey","003","Bergen","40.870436","-73.991994"
"12/30/2007","AQS","340030006","1","0.014","ppm","13","Leonia","17","100.0000","44201","Ozone","35620","New York-Newark-Jersey City, NY-NJ-PA","34","New Jersey","003","Bergen","40.870436","-73.991994"
"01/03/2007","AQS","340070003","1","0.012","ppm","11","CAMDEN LAB","17","100.0000","44201","Ozone","37980","Philadelphia-Camden-Wilmington, PA-NJ-DE-MD","34","New Jersey","007","Camden","39.923042","-75.097617"
"01/04/2007","AQS","340070003","1","0.008","ppm","7","CAMDEN LAB","17","100.0000","44201","Ozone","37980","Philadelphia-Camden-Wilmington, PA-NJ-DE-MD","34","New Jersey","007","Camden","39.923042","-75.097617"
"01/05/2007","AQS","340070003","1","0.016","ppm","15","CAMDEN LAB","17","100.0000","44201","Ozone","37980","Philadelphia-Camden-Wilmington, PA-NJ-DE-MD","34","New Jersey","007","Camden","39.923042","-75.097617"
"01/06/2007","AQS","340070003","1","0.024","ppm","22","CAMDEN LAB","17","100.0000","44201","Ozone","37980","Philadelphia-Camden-Wilmington, PA-NJ-DE-MD","34","New Jersey","007","Camden","39.923042","-75.097617"
"01/07/2007","AQS","340070003","1","0.027","ppm","25","CAMDEN LAB","17","100.0000","44201","Ozone","37980","Philadelphia-Camden-Wilmington, PA-NJ-DE-MD","34","New Jersey","007","Camden","39.923042","-75.097617"
"01/08/2007","AQS","340070003","1","0.02","ppm","19","CAMDEN LAB","17","100.0000","44201","Ozone","37980","Philadelphia-Camden-Wilmington, PA-NJ-DE-MD","34","New Jersey","007","Camden","39.923042","-75.097617"
"01/09/2007","AQS","340070003","1","0.017","ppm","16","CAMDEN LAB","17","100.0000","44201","Ozone","37980","Philadelphia-Camden-Wilmington, PA-NJ-DE-MD","34","New Jersey","007","Camden","39.923042","-75.097617"
"01/10/2007","AQS","340070003","1","0.022","ppm","20","CAMDEN LAB","17","100.0000","44201","Ozone","37980","Philadelphia-Camden-Wilmington, PA-NJ-DE-MD","34","New Jersey","007","Camden","39.923042","-75.097617"
"01/11/2007","AQS","340070003","1","0.015","ppm","14","CAMDEN LAB","17","100.0000","44201","Ozone","37980","Philadelphia-Camden-Wilmington, PA-NJ-DE-MD","34","New Jersey","007","Camden","39.923042","-75.097617"
"01/12/2007","AQS","340070003","1","0.007","ppm","6","CAMDEN LAB","17","100.0000","44201","Ozone","37980","Philadelphia-Camden-Wilmington, PA-NJ-DE-MD","34","New Jersey","007","Camden","39.923042","-75.097617"
"01/13/2007","AQS","340070003","1","0.006","ppm","6","CAMDEN LAB","17","100.0000","44201","Ozone","37980","Philadelphia-Camden-Wilmington, PA-NJ-DE-MD","34","New Jersey","007","Camden","39.923042","-75.097617"
"01/14/2007","AQS","340070003","1","0.002","ppm","2","CAMDEN LAB","17","100.0000","44201","Ozone","37980","Philadelphia-Camden-Wilmington, PA-NJ-DE-MD","34","New Jersey","007","Camden","39.923042","-75.097617"
"01/15/2007","AQS","340070003","1","0.013","ppm","12","CAMDEN LAB","17","100.0000","44201","Ozone","37980","Philadelphia-Camden-Wilmington, PA-NJ-DE-MD","34","New Jersey","007","Camden","39.923042","-75.097617"
"01/16/2007","AQS","340070003","1","0.024","ppm","22","CAMDEN LAB","17","100.0000","44201","Ozone","37980","Philadelphia-Camden-Wilmington, PA-NJ-DE-MD","34","New Jersey","007","Camden","39.923042","-75.097617"
"01/17/2007","AQS","340070003","1","0.025","ppm","23","CAMDEN LAB","17","100.0000","44201","Ozone","37980","Philadelphia-Camden-Wilmington, PA-NJ-DE-MD","34","New Jersey","007","Camden","39.923042","-75.097617"
"01/18/2007","AQS","340070003","1","0.003","ppm","3","CAMDEN LAB","17","100.0000","44201","Ozone","37980","Philadelphia-Camden-Wilmington, PA-NJ-DE-MD","34","New Jersey","007","Camden","39.923042","-75.097617"
"01/19/2007","AQS","340070003","1","0.019","ppm","18","CAMDEN LAB","17","100.0000","44201","Ozone","37980","Philadelphia-Camden-Wilmington, PA-NJ-DE-MD","34","New Jersey","007","Camden","39.923042","-75.097617"
"01/20/2007","AQS","340070003","1","0.026","ppm","24","CAMDEN LAB","17","100.0000","44201","Ozone","37980","Philadelphia-Camden-Wilmington, PA-NJ-DE-MD","34","New Jersey","007","Camden","39.923042","-75.097617"
"01/21/2007","AQS","340070003","1","0.023","ppm","21","CAMDEN LAB","17","100.0000","44201","Ozone","37980","Philadelphia-Camden-Wilmington, PA-NJ-DE-MD","34","New Jersey","007","Camden","39.923042","-75.097617"
"01/22/2007","AQS","340070003","1","0.003","ppm","3","CAMDEN LAB","17","100.0000","44201","Ozone","37980","Philadelphia-Camden-Wilmington, PA-NJ-DE-MD","34","New Jersey","007","Camden","39.923042","-75.097617"
"01/23/2007","AQS","340070003","1","0.017","ppm","16","CAMDEN LAB","17","100.0000","44201","Ozone","37980","Philadelphia-Camden-Wilmington, PA-NJ-DE-MD","34","New Jersey","007","Camden","39.923042","-75.097617"
"01/24/2007","AQS","340070003","1","0.013","ppm","12","CAMDEN LAB","17","100.0000","44201","Ozone","37980","Philadelphia-Camden-Wilmington, PA-NJ-DE-MD","34","New Jersey","007","Camden","39.923042","-75.097617"
"01/25/2007","AQS","340070003","1","0.027","ppm","25","CAMDEN LAB","17","100.0000","44201","Ozone","37980","Philadelphia-Camden-Wilmington, PA-NJ-DE-MD","34","New Jersey","007","Camden","39.923042","-75.097617"
"01/26/2007","AQS","340070003","1","0.027","ppm","25","CAMDEN LAB","17","100.0000","44201","Ozone","37980","Philadelphia-Camden-Wilmington, PA-NJ-DE-MD","34","New Jersey","007","Camden","39.923042","-75.097617"
"01/27/2007","AQS","340070003","1","0.012","ppm","11","CAMDEN LAB","17","100.0000","44201","Ozone","37980","Philadelphia-Camden-Wilmington, PA-NJ-DE-MD","34","New Jersey","007","Camden","39.923042","-75.097617"
"01/28/2007","AQS","340070003","1","0.021","ppm","19","CAMDEN LAB","17","100.0000","44201","Ozone","37980","Philadelphia-Camden-Wilmington, PA-NJ-DE-MD","34","New Jersey","007","Camden","39.923042","-75.097617"
"01/29/2007","AQS","340070003","1","0.026","ppm","24","CAMDEN LAB","17","100.0000","44201","Ozone","37980","Philadelphia-Camden-Wilmington, PA-NJ-DE-MD","34","New Jersey","007","Camden","39.923042","-75.097617"
"01/30/2007","AQS","340070003","1","0.023","ppm","21","CAMDEN LAB","17","100.0000","44201","Ozone","37980","Philadelphia-Camden-Wilmington, PA-NJ-DE-MD","34","New Jersey","007","Camden","39.923042","-75.097617"
"01/31/2007","AQS","340070003","1","0.021","ppm","19","CAMDEN LAB","17","100.0000","44201","Ozone","37980","Philadelphia-Camden-Wilmington, PA-NJ-DE-MD","34","New Jersey","007","Camden","39.923042","-75.097617"
"02/01/2007","AQS","340070003","1","0.019","ppm","18","CAMDEN LAB","17","100.0000","44201","Ozone","37980","Philadelphia-Camden-Wilmington, PA-NJ-DE-MD","34","New Jersey","007","Camden","39.923042","-75.097617"
"02/02/2007","AQS","340070003","1","0.013","ppm","12","CAMDEN LAB","17","100.0000","44201","Ozone","37980","Philadelphia-Camden-Wilmington, PA-NJ-DE-MD","34","New Jersey","007","Camden","39.923042","-75.097617"
"02/03/2007","AQS","340070003","1","0.027","ppm","25","CAMDEN LAB","17","100.0000","44201","Ozone","37980","Philadelphia-Camden-Wilmington, PA-NJ-DE-MD","34","New Jersey","007","Camden","39.923042","-75.097617"
"02/04/2007","AQS","340070003","1","0.028","ppm","26","CAMDEN LAB","17","100.0000","44201","Ozone","37980","Philadelphia-Camden-Wilmington, PA-NJ-DE-MD","34","New Jersey","007","Camden","39.923042","-75.097617"
"02/05/2007","AQS","340070003","1","0.025","ppm","23","CAMDEN LAB","17","100.0000","44201","Ozone","37980","Philadelphia-Camden-Wilmington, PA-NJ-DE-MD","34","New Jersey","007","Camden","39.923042","-75.097617"
"02/06/2007","AQS","340070003","1","0.021","ppm","19","CAMDEN LAB","17","100.0000","44201","Ozone","37980","Philadelphia-Camden-Wilmington, PA-NJ-DE-MD","34","New Jersey","007","Camden","39.923042","-75.097617"
"02/07/2007","AQS","340070003","1","0.024","ppm","22","CAMDEN LAB","17","100.0000","44201","Ozone","37980","Philadelphia-Camden-Wilmington, PA-NJ-DE-MD","34","New Jersey","007","Camden","39.923042","-75.097617"
"02/08/2007","AQS","340070003","1","0.024","ppm","22","CAMDEN LAB","17","100.0000","44201","Ozone","37980","Philadelphia-Camden-Wilmington, PA-NJ-DE-MD","34","New Jersey","007","Camden","39.923042","-75.097617"
"02/09/2007","AQS","340070003","1","0.025","ppm","23","CAMDEN LAB","17","100.0000","44201","Ozone","37980","Philadelphia-Camden-Wilmington, PA-NJ-DE-MD","34","New Jersey","007","Camden","39.923042","-75.097617"
"02/10/2007","AQS","340070003","1","0.027","ppm","25","CAMDEN LAB","17","100.0000","44201","Ozone","37980","Philadelphia-Camden-Wilmington, PA-NJ-DE-MD","34","New Jersey","007","Camden","39.923042","-75.097617"
"02/11/2007","AQS","340070003","1","0.024","ppm","22","CAMDEN LAB","17","100.0000","44201","Ozone","37980","Philadelphia-Camden-Wilmington, PA-NJ-DE-MD","34","New Jersey","007","Camden","39.923042","-75.097617"
"02/12/2007","AQS","340070003","1","0.017","ppm","16","CAMDEN LAB","17","100.0000","44201","Ozone","37980","Philadelphia-Camden-Wilmington, PA-NJ-DE-MD","34","New Jersey","007","Camden","39.923042","-75.097617"
"02/13/2007","AQS","340070003","1","0.021","ppm","19","CAMDEN LAB","17","100.0000","44201","Ozone","37980","Philadelphia-Camden-Wilmington, PA-NJ-DE-MD","34","New Jersey","007","Camden","39.923042","-75.097617"
"02/14/2007","AQS","340070003","1","0.025","ppm","23","CAMDEN LAB","17","100.0000","44201","Ozone","37980","Philadelphia-Camden-Wilmington, PA-NJ-DE-MD","34","New Jersey","007","Camden","39.923042","-75.097617"
"02/15/2007","AQS","340070003","1","0.03","ppm","28","CAMDEN LAB","17","100.0000","44201","Ozone","37980","Philadelphia-Camden-Wilmington, PA-NJ-DE-MD","34","New Jersey","007","Camden","39.923042","-75.097617"
"02/16/2007","AQS","340070003","1","0.028","ppm","26","CAMDEN LAB","17","100.0000","44201","Ozone","37980","Philadelphia-Camden-Wilmington, PA-NJ-DE-MD","34","New Jersey","007","Camden","39.923042","-75.097617"
"02/17/2007","AQS","340070003","1","0.027","ppm","25","CAMDEN LAB","17","100.0000","44201","Ozone","37980","Philadelphia-Camden-Wilmington, PA-NJ-DE-MD","34","New Jersey","007","Camden","39.923042","-75.097617"
"02/18/2007","AQS","340070003","1","0.033","ppm","31","CAMDEN LAB","17","100.0000","44201","Ozone","37980","Philadelphia-Camden-Wilmington, PA-NJ-DE-MD","34","New Jersey","007","Camden","39.923042","-75.097617"
"02/19/2007","AQS","340070003","1","0.033","ppm","31","CAMDEN LAB","17","100.0000","44201","Ozone","37980","Philadelphia-Camden-Wilmington, PA-NJ-DE-MD","34","New Jersey","007","Camden","39.923042","-75.097617"
"02/20/2007","AQS","340070003","1","0.016","ppm","15","CAMDEN LAB","17","100.0000","44201","Ozone","37980","Philadelphia-Camden-Wilmington, PA-NJ-DE-MD","34","New Jersey","007","Camden","39.923042","-75.097617"
"02/21/2007","AQS","340070003","1","0.031","ppm","29","CAMDEN LAB","17","100.0000","44201","Ozone","37980","Philadelphia-Camden-Wilmington, PA-NJ-DE-MD","34","New Jersey","007","Camden","39.923042","-75.097617"
"02/22/2007","AQS","340070003","1","0.025","ppm","23","CAMDEN LAB","17","100.0000","44201","Ozone","37980","Philadelphia-Camden-Wilmington, PA-NJ-DE-MD","34","New Jersey","007","Camden","39.923042","-75.097617"
"02/23/2007","AQS","340070003","1","0.033","ppm","31","CAMDEN LAB","17","100.0000","44201","Ozone","37980","Philadelphia-Camden-Wilmington, PA-NJ-DE-MD","34","New Jersey","007","Camden","39.923042","-75.097617"
"02/24/2007","AQS","340070003","1","0.033","ppm","31","CAMDEN LAB","17","100.0000","44201","Ozone","37980","Philadelphia-Camden-Wilmington, PA-NJ-DE-MD","34","New Jersey","007","Camden","39.923042","-75.097617"
"02/25/2007","AQS","340070003","1","0.021","ppm","19","CAMDEN LAB","17","100.0000","44201","Ozone","37980","Philadelphia-Camden-Wilmington, PA-NJ-DE-MD","34","New Jersey","007","Camden","39.923042","-75.097617"
"02/26/2007","AQS","340070003","1","0.006","ppm","6","CAMDEN LAB","17","100.0000","44201","Ozone","37980","Philadelphia-Camden-Wilmington, PA-NJ-DE-MD","34","New Jersey","007","Camden","39.923042","-75.097617"
"02/27/2007","AQS","340070003","1","0.021","ppm","19","CAMDEN LAB","17","100.0000","44201","Ozone","37980","Philadelphia-Camden-Wilmington, PA-NJ-DE-MD","34","New Jersey","007","Camden","39.923042","-75.097617"
"02/28/2007","AQS","340070003","1","0.02","ppm","19","CAMDEN LAB","17","100.0000","44201","Ozone","37980","Philadelphia-Camden-Wilmington, PA-NJ-DE-MD","34","New Jersey","007","Camden","39.923042","-75.097617"
"03/01/2007","AQS","340070003","1","0.04","ppm","37","CAMDEN LAB","17","100.0000","44201","Ozone","37980","Philadelphia-Camden-Wilmington, PA-NJ-DE-MD","34","New Jersey","007","Camden","39.923042","-75.097617"
"03/02/2007","AQS","340070003","1","0.034","ppm","31","CAMDEN LAB","17","100.0000","44201","Ozone","37980","Philadelphia-Camden-Wilmington, PA-NJ-DE-MD","34","New Jersey","007","Camden","39.923042","-75.097617"
"03/03/2007","AQS","340070003","1","0.032","ppm","30","CAMDEN LAB","17","100.0000","44201","Ozone","37980","Philadelphia-Camden-Wilmington, PA-NJ-DE-MD","34","New Jersey","007","Camden","39.923042","-75.097617"
"03/04/2007","AQS","340070003","1","0.032","ppm","30","CAMDEN LAB","17","100.0000","44201","Ozone","37980","Philadelphia-Camden-Wilmington, PA-NJ-DE-MD","34","New Jersey","007","Camden","39.923042","-75.097617"
"03/05/2007","AQS","340070003","1","0.035","ppm","32","CAMDEN LAB","17","100.0000","44201","Ozone","37980","Philadelphia-Camden-Wilmington, PA-NJ-DE-MD","34","New Jersey","007","Camden","39.923042","-75.097617"
"03/06/2007","AQS","340070003","1","0.034","ppm","31","CAMDEN LAB","17","100.0000","44201","Ozone","37980","Philadelphia-Camden-Wilmington, PA-NJ-DE-MD","34","New Jersey","007","Camden","39.923042","-75.097617"
"03/07/2007","AQS","340070003","1","0.023","ppm","21","CAMDEN LAB","17","100.0000","44201","Ozone","37980","Philadelphia-Camden-Wilmington, PA-NJ-DE-MD","34","New Jersey","007","Camden","39.923042","-75.097617"
"03/08/2007","AQS","340070003","1","0.035","ppm","32","CAMDEN LAB","17","100.0000","44201","Ozone","37980","Philadelphia-Camden-Wilmington, PA-NJ-DE-MD","34","New Jersey","007","Camden","39.923042","-75.097617"
"03/09/2007","AQS","340070003","1","0.033","ppm","31","CAMDEN LAB","17","100.0000","44201","Ozone","37980","Philadelphia-Camden-Wilmington, PA-NJ-DE-MD","34","New Jersey","007","Camden","39.923042","-75.097617"
"03/10/2007","AQS","340070003","1","0.041","ppm","38","CAMDEN LAB","17","100.0000","44201","Ozone","37980","Philadelphia-Camden-Wilmington, PA-NJ-DE-MD","34","New Jersey","007","Camden","39.923042","-75.097617"
"03/11/2007","AQS","340070003","1","0.043","ppm","40","CAMDEN LAB","17","100.0000","44201","Ozone","37980","Philadelphia-Camden-Wilmington, PA-NJ-DE-MD","34","New Jersey","007","Camden","39.923042","-75.097617"
"03/12/2007","AQS","340070003","1","0.027","ppm","25","CAMDEN LAB","17","100.0000","44201","Ozone","37980","Philadelphia-Camden-Wilmington, PA-NJ-DE-MD","34","New Jersey","007","Camden","39.923042","-75.097617"
"03/13/2007","AQS","340070003","1","0.041","ppm","38","CAMDEN LAB","17","100.0000","44201","Ozone","37980","Philadelphia-Camden-Wilmington, PA-NJ-DE-MD","34","New Jersey","007","Camden","39.923042","-75.097617"
"03/14/2007","AQS","340070003","1","0.059","ppm","64","CAMDEN LAB","17","100.0000","44201","Ozone","37980","Philadelphia-Camden-Wilmington, PA-NJ-DE-MD","34","New Jersey","007","Camden","39.923042","-75.097617"
"03/15/2007","AQS","340070003","1","0.033","ppm","31","CAMDEN LAB","17","100.0000","44201","Ozone","37980","Philadelphia-Camden-Wilmington, PA-NJ-DE-MD","34","New Jersey","007","Camden","39.923042","-75.097617"
"03/16/2007","AQS","340070003","1","0.025","ppm","23","CAMDEN LAB","14","82.0000","44201","Ozone","37980","Philadelphia-Camden-Wilmington, PA-NJ-DE-MD","34","New Jersey","007","Camden","39.923042","-75.097617"
"03/17/2007","AQS","340070003","1","0.035","ppm","32","CAMDEN LAB","17","100.0000","44201","Ozone","37980","Philadelphia-Camden-Wilmington, PA-NJ-DE-MD","34","New Jersey","007","Camden","39.923042","-75.097617"
"03/18/2007","AQS","340070003","1","0.04","ppm","37","CAMDEN LAB","17","100.0000","44201","Ozone","37980","Philadelphia-Camden-Wilmington, PA-NJ-DE-MD","34","New Jersey","007","Camden","39.923042","-75.097617"
"03/19/2007","AQS","340070003","1","0.038","ppm","35","CAMDEN LAB","17","100.0000","44201","Ozone","37980","Philadelphia-Camden-Wilmington, PA-NJ-DE-MD","34","New Jersey","007","Camden","39.923042","-75.097617"
"03/20/2007","AQS","340070003","1","0.042","ppm","39","CAMDEN LAB","17","100.0000","44201","Ozone","37980","Philadelphia-Camden-Wilmington, PA-NJ-DE-MD","34","New Jersey","007","Camden","39.923042","-75.097617"
"03/21/2007","AQS","340070003","1","0.04","ppm","37","CAMDEN LAB","17","100.0000","44201","Ozone","37980","Philadelphia-Camden-Wilmington, PA-NJ-DE-MD","34","New Jersey","007","Camden","39.923042","-75.097617"
"03/22/2007","AQS","340070003","1","0.047","ppm","44","CAMDEN LAB","17","100.0000","44201","Ozone","37980","Philadelphia-Camden-Wilmington, PA-NJ-DE-MD","34","New Jersey","007","Camden","39.923042","-75.097617"
"03/23/2007","AQS","340070003","1","0.009","ppm","8","CAMDEN LAB","17","100.0000","44201","Ozone","37980","Philadelphia-Camden-Wilmington, PA-NJ-DE-MD","34","New Jersey","007","Camden","39.923042","-75.097617"
"03/24/2007","AQS","340070003","1","0.036","ppm","33","CAMDEN LAB","17","100.0000","44201","Ozone","37980","Philadelphia-Camden-Wilmington, PA-NJ-DE-MD","34","New Jersey","007","Camden","39.923042","-75.097617"
"03/25/2007","AQS","340070003","1","0.04","ppm","37","CAMDEN LAB","17","100.0000","44201","Ozone","37980","Philadelphia-Camden-Wilmington, PA-NJ-DE-MD","34","New Jersey","007","Camden","39.923042","-75.097617"
"03/26/2007","AQS","340070003","1","0.035","ppm","32","CAMDEN LAB","17","100.0000","44201","Ozone","37980","Philadelphia-Camden-Wilmington, PA-NJ-DE-MD","34","New Jersey","007","Camden","39.923042","-75.097617"
"03/27/2007","AQS","340070003","1","0.043","ppm","40","CAMDEN LAB","17","100.0000","44201","Ozone","37980","Philadelphia-Camden-Wilmington, PA-NJ-DE-MD","34","New Jersey","007","Camden","39.923042","-75.097617"
"03/28/2007","AQS","340070003","1","0.042","ppm","39","CAMDEN LAB","17","100.0000","44201","Ozone","37980","Philadelphia-Camden-Wilmington, PA-NJ-DE-MD","34","New Jersey","007","Camden","39.923042","-75.097617"
"03/30/2007","AQS","340070003","1","0.032","ppm","30","CAMDEN LAB","17","100.0000","44201","Ozone","37980","Philadelphia-Camden-Wilmington, PA-NJ-DE-MD","34","New Jersey","007","Camden","39.923042","-75.097617"
"03/31/2007","AQS","340070003","1","0.041","ppm","38","CAMDEN LAB","17","100.0000","44201","Ozone","37980","Philadelphia-Camden-Wilmington, PA-NJ-DE-MD","34","New Jersey","007","Camden","39.923042","-75.097617"
"04/01/2007","AQS","340070003","1","0.039","ppm","36","CAMDEN LAB","17","100.0000","44201","Ozone","37980","Philadelphia-Camden-Wilmington, PA-NJ-DE-MD","34","New Jersey","007","Camden","39.923042","-75.097617"
"04/02/2007","AQS","340070003","1","0.04","ppm","37","CAMDEN LAB","17","100.0000","44201","Ozone","37980","Philadelphia-Camden-Wilmington, PA-NJ-DE-MD","34","New Jersey","007","Camden","39.923042","-75.097617"
"04/03/2007","AQS","340070003","1","0.04","ppm","37","CAMDEN LAB","17","100.0000","44201","Ozone","37980","Philadelphia-Camden-Wilmington, PA-NJ-DE-MD","34","New Jersey","007","Camden","39.923042","-75.097617"
"04/04/2007","AQS","340070003","1","0.026","ppm","24","CAMDEN LAB","17","100.0000","44201","Ozone","37980","Philadelphia-Camden-Wilmington, PA-NJ-DE-MD","34","New Jersey","007","Camden","39.923042","-75.097617"
"04/05/2007","AQS","340070003","1","0.025","ppm","23","CAMDEN LAB","17","100.0000","44201","Ozone","37980","Philadelphia-Camden-Wilmington, PA-NJ-DE-MD","34","New Jersey","007","Camden","39.923042","-75.097617"
"04/06/2007","AQS","340070003","1","0.03","ppm","28","CAMDEN LAB","17","100.0000","44201","Ozone","37980","Philadelphia-Camden-Wilmington, PA-NJ-DE-MD","34","New Jersey","007","Camden","39.923042","-75.097617"
"04/07/2007","AQS","340070003","1","0.032","ppm","30","CAMDEN LAB","17","100.0000","44201","Ozone","37980","Philadelphia-Camden-Wilmington, PA-NJ-DE-MD","34","New Jersey","007","Camden","39.923042","-75.097617"
"04/08/2007","AQS","340070003","1","0.024","ppm","22","CAMDEN LAB","17","100.0000","44201","Ozone","37980","Philadelphia-Camden-Wilmington, PA-NJ-DE-MD","34","New Jersey","007","Camden","39.923042","-75.097617"
"04/09/2007","AQS","340070003","1","0.031","ppm","29","CAMDEN LAB","17","100.0000","44201","Ozone","37980","Philadelphia-Camden-Wilmington, PA-NJ-DE-MD","34","New Jersey","007","Camden","39.923042","-75.097617"
"04/10/2007","AQS","340070003","1","0.038","ppm","35","CAMDEN LAB","17","100.0000","44201","Ozone","37980","Philadelphia-Camden-Wilmington, PA-NJ-DE-MD","34","New Jersey","007","Camden","39.923042","-75.097617"
"04/11/2007","AQS","340070003","1","0.045","ppm","42","CAMDEN LAB","17","100.0000","44201","Ozone","37980","Philadelphia-Camden-Wilmington, PA-NJ-DE-MD","34","New Jersey","007","Camden","39.923042","-75.097617"
"04/12/2007","AQS","340070003","1","0.028","ppm","26","CAMDEN LAB","17","100.0000","44201","Ozone","37980","Philadelphia-Camden-Wilmington, PA-NJ-DE-MD","34","New Jersey","007","Camden","39.923042","-75.097617"
"04/13/2007","AQS","340070003","1","0.035","ppm","32","CAMDEN LAB","17","100.0000","44201","Ozone","37980","Philadelphia-Camden-Wilmington, PA-NJ-DE-MD","34","New Jersey","007","Camden","39.923042","-75.097617"
"04/14/2007","AQS","340070003","1","0.045","ppm","42","CAMDEN LAB","17","100.0000","44201","Ozone","37980","Philadelphia-Camden-Wilmington, PA-NJ-DE-MD","34","New Jersey","007","Camden","39.923042","-75.097617"
"04/15/2007","AQS","340070003","1","0.036","ppm","33","CAMDEN LAB","17","100.0000","44201","Ozone","37980","Philadelphia-Camden-Wilmington, PA-NJ-DE-MD","34","New Jersey","007","Camden","39.923042","-75.097617"
"04/16/2007","AQS","340070003","1","0.031","ppm","29","CAMDEN LAB","17","100.0000","44201","Ozone","37980","Philadelphia-Camden-Wilmington, PA-NJ-DE-MD","34","New Jersey","007","Camden","39.923042","-75.097617"
"04/17/2007","AQS","340070003","1","0.036","ppm","33","CAMDEN LAB","17","100.0000","44201","Ozone","37980","Philadelphia-Camden-Wilmington, PA-NJ-DE-MD","34","New Jersey","007","Camden","39.923042","-75.097617"
"04/18/2007","AQS","340070003","1","0.031","ppm","29","CAMDEN LAB","17","100.0000","44201","Ozone","37980","Philadelphia-Camden-Wilmington, PA-NJ-DE-MD","34","New Jersey","007","Camden","39.923042","-75.097617"
"04/19/2007","AQS","340070003","1","0.027","ppm","25","CAMDEN LAB","17","100.0000","44201","Ozone","37980","Philadelphia-Camden-Wilmington, PA-NJ-DE-MD","34","New Jersey","007","Camden","39.923042","-75.097617"
"04/20/2007","AQS","340070003","1","0.05","ppm","46","CAMDEN LAB","17","100.0000","44201","Ozone","37980","Philadelphia-Camden-Wilmington, PA-NJ-DE-MD","34","New Jersey","007","Camden","39.923042","-75.097617"
"04/21/2007","AQS","340070003","1","0.054","ppm","50","CAMDEN LAB","17","100.0000","44201","Ozone","37980","Philadelphia-Camden-Wilmington, PA-NJ-DE-MD","34","New Jersey","007","Camden","39.923042","-75.097617"
"04/22/2007","AQS","340070003","1","0.067","ppm","90","CAMDEN LAB","17","100.0000","44201","Ozone","37980","Philadelphia-Camden-Wilmington, PA-NJ-DE-MD","34","New Jersey","007","Camden","39.923042","-75.097617"
"04/23/2007","AQS","340070003","1","0.068","ppm","93","CAMDEN LAB","17","100.0000","44201","Ozone","37980","Philadelphia-Camden-Wilmington, PA-NJ-DE-MD","34","New Jersey","007","Camden","39.923042","-75.097617"
"04/24/2007","AQS","340070003","1","0.055","ppm","51","CAMDEN LAB","17","100.0000","44201","Ozone","37980","Philadelphia-Camden-Wilmington, PA-NJ-DE-MD","34","New Jersey","007","Camden","39.923042","-75.097617"
"04/25/2007","AQS","340070003","1","0.04","ppm","37","CAMDEN LAB","17","100.0000","44201","Ozone","37980","Philadelphia-Camden-Wilmington, PA-NJ-DE-MD","34","New Jersey","007","Camden","39.923042","-75.097617"
"04/26/2007","AQS","340070003","1","0.048","ppm","44","CAMDEN LAB","17","100.0000","44201","Ozone","37980","Philadelphia-Camden-Wilmington, PA-NJ-DE-MD","34","New Jersey","007","Camden","39.923042","-75.097617"
"04/27/2007","AQS","340070003","1","0.004","ppm","4","CAMDEN LAB","17","100.0000","44201","Ozone","37980","Philadelphia-Camden-Wilmington, PA-NJ-DE-MD","34","New Jersey","007","Camden","39.923042","-75.097617"
"04/29/2007","AQS","340070003","1","0.044","ppm","41","CAMDEN LAB","17","100.0000","44201","Ozone","37980","Philadelphia-Camden-Wilmington, PA-NJ-DE-MD","34","New Jersey","007","Camden","39.923042","-75.097617"
"04/30/2007","AQS","340070003","1","0.057","ppm","58","CAMDEN LAB","17","100.0000","44201","Ozone","37980","Philadelphia-Camden-Wilmington, PA-NJ-DE-MD","34","New Jersey","007","Camden","39.923042","-75.097617"
"05/01/2007","AQS","340070003","1","0.049","ppm","45","CAMDEN LAB","17","100.0000","44201","Ozone","37980","Philadelphia-Camden-Wilmington, PA-NJ-DE-MD","34","New Jersey","007","Camden","39.923042","-75.097617"
"05/02/2007","AQS","340070003","1","0.049","ppm","45","CAMDEN LAB","17","100.0000","44201","Ozone","37980","Philadelphia-Camden-Wilmington, PA-NJ-DE-MD","34","New Jersey","007","Camden","39.923042","-75.097617"
"05/03/2007","AQS","340070003","1","0.047","ppm","44","CAMDEN LAB","17","100.0000","44201","Ozone","37980","Philadelphia-Camden-Wilmington, PA-NJ-DE-MD","34","New Jersey","007","Camden","39.923042","-75.097617"
"05/04/2007","AQS","340070003","1","0.046","ppm","43","CAMDEN LAB","17","100.0000","44201","Ozone","37980","Philadelphia-Camden-Wilmington, PA-NJ-DE-MD","34","New Jersey","007","Camden","39.923042","-75.097617"
"05/05/2007","AQS","340070003","1","0.062","ppm","74","CAMDEN LAB","17","100.0000","44201","Ozone","37980","Philadelphia-Camden-Wilmington, PA-NJ-DE-MD","34","New Jersey","007","Camden","39.923042","-75.097617"
"05/06/2007","AQS","340070003","1","0.045","ppm","42","CAMDEN LAB","17","100.0000","44201","Ozone","37980","Philadelphia-Camden-Wilmington, PA-NJ-DE-MD","34","New Jersey","007","Camden","39.923042","-75.097617"
"05/07/2007","AQS","340070003","1","0.042","ppm","39","CAMDEN LAB","17","100.0000","44201","Ozone","37980","Philadelphia-Camden-Wilmington, PA-NJ-DE-MD","34","New Jersey","007","Camden","39.923042","-75.097617"
"05/08/2007","AQS","340070003","1","0.037","ppm","34","CAMDEN LAB","17","100.0000","44201","Ozone","37980","Philadelphia-Camden-Wilmington, PA-NJ-DE-MD","34","New Jersey","007","Camden","39.923042","-75.097617"
"05/09/2007","AQS","340070003","1","0.029","ppm","27","CAMDEN LAB","17","100.0000","44201","Ozone","37980","Philadelphia-Camden-Wilmington, PA-NJ-DE-MD","34","New Jersey","007","Camden","39.923042","-75.097617"
"05/10/2007","AQS","340070003","1","0.03","ppm","28","CAMDEN LAB","17","100.0000","44201","Ozone","37980","Philadelphia-Camden-Wilmington, PA-NJ-DE-MD","34","New Jersey","007","Camden","39.923042","-75.097617"
"05/11/2007","AQS","340070003","1","0.053","ppm","49","CAMDEN LAB","17","100.0000","44201","Ozone","37980","Philadelphia-Camden-Wilmington, PA-NJ-DE-MD","34","New Jersey","007","Camden","39.923042","-75.097617"
"05/12/2007","AQS","340070003","1","0.048","ppm","44","CAMDEN LAB","17","100.0000","44201","Ozone","37980","Philadelphia-Camden-Wilmington, PA-NJ-DE-MD","34","New Jersey","007","Camden","39.923042","-75.097617"
"05/13/2007","AQS","340070003","1","0.046","ppm","43","CAMDEN LAB","17","100.0000","44201","Ozone","37980","Philadelphia-Camden-Wilmington, PA-NJ-DE-MD","34","New Jersey","007","Camden","39.923042","-75.097617"
"05/14/2007","AQS","340070003","1","0.048","ppm","44","CAMDEN LAB","17","100.0000","44201","Ozone","37980","Philadelphia-Camden-Wilmington, PA-NJ-DE-MD","34","New Jersey","007","Camden","39.923042","-75.097617"
"05/15/2007","AQS","340070003","1","0.072","ppm","105","CAMDEN LAB","17","100.0000","44201","Ozone","37980","Philadelphia-Camden-Wilmington, PA-NJ-DE-MD","34","New Jersey","007","Camden","39.923042","-75.097617"
"05/16/2007","AQS","340070003","1","0.06","ppm","67","CAMDEN LAB","17","100.0000","44201","Ozone","37980","Philadelphia-Camden-Wilmington, PA-NJ-DE-MD","34","New Jersey","007","Camden","39.923042","-75.097617"
"05/17/2007","AQS","340070003","1","0.041","ppm","38","CAMDEN LAB","17","100.0000","44201","Ozone","37980","Philadelphia-Camden-Wilmington, PA-NJ-DE-MD","34","New Jersey","007","Camden","39.923042","-75.097617"
"05/18/2007","AQS","340070003","1","0.033","ppm","31","CAMDEN LAB","17","100.0000","44201","Ozone","37980","Philadelphia-Camden-Wilmington, PA-NJ-DE-MD","34","New Jersey","007","Camden","39.923042","-75.097617"
"05/19/2007","AQS","340070003","1","0.045","ppm","42","CAMDEN LAB","17","100.0000","44201","Ozone","37980","Philadelphia-Camden-Wilmington, PA-NJ-DE-MD","34","New Jersey","007","Camden","39.923042","-75.097617"
"05/20/2007","AQS","340070003","1","0.055","ppm","51","CAMDEN LAB","17","100.0000","44201","Ozone","37980","Philadelphia-Camden-Wilmington, PA-NJ-DE-MD","34","New Jersey","007","Camden","39.923042","-75.097617"
"05/21/2007","AQS","340070003","1","0.047","ppm","44","CAMDEN LAB","17","100.0000","44201","Ozone","37980","Philadelphia-Camden-Wilmington, PA-NJ-DE-MD","34","New Jersey","007","Camden","39.923042","-75.097617"
"05/22/2007","AQS","340070003","1","0.054","ppm","50","CAMDEN LAB","17","100.0000","44201","Ozone","37980","Philadelphia-Camden-Wilmington, PA-NJ-DE-MD","34","New Jersey","007","Camden","39.923042","-75.097617"
"05/23/2007","AQS","340070003","1","0.062","ppm","74","CAMDEN LAB","17","100.0000","44201","Ozone","37980","Philadelphia-Camden-Wilmington, PA-NJ-DE-MD","34","New Jersey","007","Camden","39.923042","-75.097617"
"05/24/2007","AQS","340070003","1","0.07","ppm","100","CAMDEN LAB","17","100.0000","44201","Ozone","37980","Philadelphia-Camden-Wilmington, PA-NJ-DE-MD","34","New Jersey","007","Camden","39.923042","-75.097617"
"05/25/2007","AQS","340070003","1","0.08","ppm","133","CAMDEN LAB","17","100.0000","44201","Ozone","37980","Philadelphia-Camden-Wilmington, PA-NJ-DE-MD","34","New Jersey","007","Camden","39.923042","-75.097617"
"05/26/2007","AQS","340070003","1","0.081","ppm","136","CAMDEN LAB","17","100.0000","44201","Ozone","37980","Philadelphia-Camden-Wilmington, PA-NJ-DE-MD","34","New Jersey","007","Camden","39.923042","-75.097617"
"05/27/2007","AQS","340070003","1","0.082","ppm","140","CAMDEN LAB","17","100.0000","44201","Ozone","37980","Philadelphia-Camden-Wilmington, PA-NJ-DE-MD","34","New Jersey","007","Camden","39.923042","-75.097617"
"05/28/2007","AQS","340070003","1","0.055","ppm","51","CAMDEN LAB","17","100.0000","44201","Ozone","37980","Philadelphia-Camden-Wilmington, PA-NJ-DE-MD","34","New Jersey","007","Camden","39.923042","-75.097617"
"05/29/2007","AQS","340070003","1","0.057","ppm","58","CAMDEN LAB","17","100.0000","44201","Ozone","37980","Philadelphia-Camden-Wilmington, PA-NJ-DE-MD","34","New Jersey","007","Camden","39.923042","-75.097617"
"05/30/2007","AQS","340070003","1","0.072","ppm","105","CAMDEN LAB","15","88.0000","44201","Ozone","37980","Philadelphia-Camden-Wilmington, PA-NJ-DE-MD","34","New Jersey","007","Camden","39.923042","-75.097617"
"05/31/2007","AQS","340070003","1","0.085","ppm","150","CAMDEN LAB","17","100.0000","44201","Ozone","37980","Philadelphia-Camden-Wilmington, PA-NJ-DE-MD","34","New Jersey","007","Camden","39.923042","-75.097617"
"06/01/2007","AQS","340070003","1","0.077","ppm","122","CAMDEN LAB","17","100.0000","44201","Ozone","37980","Philadelphia-Camden-Wilmington, PA-NJ-DE-MD","34","New Jersey","007","Camden","39.923042","-75.097617"
"06/02/2007","AQS","340070003","1","0.072","ppm","105","CAMDEN LAB","10","59.0000","44201","Ozone","37980","Philadelphia-Camden-Wilmington, PA-NJ-DE-MD","34","New Jersey","007","Camden","39.923042","-75.097617"
"06/04/2007","AQS","340070003","1","0.04","ppm","37","CAMDEN LAB","17","100.0000","44201","Ozone","37980","Philadelphia-Camden-Wilmington, PA-NJ-DE-MD","34","New Jersey","007","Camden","39.923042","-75.097617"
"06/05/2007","AQS","340070003","1","0.049","ppm","45","CAMDEN LAB","17","100.0000","44201","Ozone","37980","Philadelphia-Camden-Wilmington, PA-NJ-DE-MD","34","New Jersey","007","Camden","39.923042","-75.097617"
"06/06/2007","AQS","340070003","1","0.039","ppm","36","CAMDEN LAB","17","100.0000","44201","Ozone","37980","Philadelphia-Camden-Wilmington, PA-NJ-DE-MD","34","New Jersey","007","Camden","39.923042","-75.097617"
"06/07/2007","AQS","340070003","1","0.068","ppm","93","CAMDEN LAB","17","100.0000","44201","Ozone","37980","Philadelphia-Camden-Wilmington, PA-NJ-DE-MD","34","New Jersey","007","Camden","39.923042","-75.097617"
"06/08/2007","AQS","340070003","1","0.091","ppm","164","CAMDEN LAB","17","100.0000","44201","Ozone","37980","Philadelphia-Camden-Wilmington, PA-NJ-DE-MD","34","New Jersey","007","Camden","39.923042","-75.097617"
"06/09/2007","AQS","340070003","1","0.06","ppm","67","CAMDEN LAB","16","94.0000","44201","Ozone","37980","Philadelphia-Camden-Wilmington, PA-NJ-DE-MD","34","New Jersey","007","Camden","39.923042","-75.097617"
"06/11/2007","AQS","340070003","1","0.049","ppm","45","CAMDEN LAB","17","100.0000","44201","Ozone","37980","Philadelphia-Camden-Wilmington, PA-NJ-DE-MD","34","New Jersey","007","Camden","39.923042","-75.097617"
"06/12/2007","AQS","340070003","1","0.036","ppm","33","CAMDEN LAB","17","100.0000","44201","Ozone","37980","Philadelphia-Camden-Wilmington, PA-NJ-DE-MD","34","New Jersey","007","Camden","39.923042","-75.097617"
"06/13/2007","AQS","340070003","1","0.028","ppm","26","CAMDEN LAB","17","100.0000","44201","Ozone","37980","Philadelphia-Camden-Wilmington, PA-NJ-DE-MD","34","New Jersey","007","Camden","39.923042","-75.097617"
"06/14/2007","AQS","340070003","1","0.018","ppm","17","CAMDEN LAB","17","100.0000","44201","Ozone","37980","Philadelphia-Camden-Wilmington, PA-NJ-DE-MD","34","New Jersey","007","Camden","39.923042","-75.097617"
"06/15/2007","AQS","340070003","1","0.039","ppm","36","CAMDEN LAB","17","100.0000","44201","Ozone","37980","Philadelphia-Camden-Wilmington, PA-NJ-DE-MD","34","New Jersey","007","Camden","39.923042","-75.097617"
"06/16/2007","AQS","340070003","1","0.057","ppm","58","CAMDEN LAB","17","100.0000","44201","Ozone","37980","Philadelphia-Camden-Wilmington, PA-NJ-DE-MD","34","New Jersey","007","Camden","39.923042","-75.097617"
"06/17/2007","AQS","340070003","1","0.068","ppm","93","CAMDEN LAB","17","100.0000","44201","Ozone","37980","Philadelphia-Camden-Wilmington, PA-NJ-DE-MD","34","New Jersey","007","Camden","39.923042","-75.097617"
"06/18/2007","AQS","340070003","1","0.075","ppm","115","CAMDEN LAB","17","100.0000","44201","Ozone","37980","Philadelphia-Camden-Wilmington, PA-NJ-DE-MD","34","New Jersey","007","Camden","39.923042","-75.097617"
"06/19/2007","AQS","340070003","1","0.081","ppm","136","CAMDEN LAB","17","100.0000","44201","Ozone","37980","Philadelphia-Camden-Wilmington, PA-NJ-DE-MD","34","New Jersey","007","Camden","39.923042","-75.097617"
"06/20/2007","AQS","340070003","1","0.042","ppm","39","CAMDEN LAB","17","100.0000","44201","Ozone","37980","Philadelphia-Camden-Wilmington, PA-NJ-DE-MD","34","New Jersey","007","Camden","39.923042","-75.097617"
"06/21/2007","AQS","340070003","1","0.064","ppm","80","CAMDEN LAB","17","100.0000","44201","Ozone","37980","Philadelphia-Camden-Wilmington, PA-NJ-DE-MD","34","New Jersey","007","Camden","39.923042","-75.097617"
"06/22/2007","AQS","340070003","1","0.039","ppm","36","CAMDEN LAB","17","100.0000","44201","Ozone","37980","Philadelphia-Camden-Wilmington, PA-NJ-DE-MD","34","New Jersey","007","Camden","39.923042","-75.097617"
"06/23/2007","AQS","340070003","1","0.046","ppm","43","CAMDEN LAB","17","100.0000","44201","Ozone","37980","Philadelphia-Camden-Wilmington, PA-NJ-DE-MD","34","New Jersey","007","Camden","39.923042","-75.097617"
"06/24/2007","AQS","340070003","1","0.056","ppm","54","CAMDEN LAB","15","88.0000","44201","Ozone","37980","Philadelphia-Camden-Wilmington, PA-NJ-DE-MD","34","New Jersey","007","Camden","39.923042","-75.097617"
"06/26/2007","AQS","340070003","1","0.107","ppm","202","CAMDEN LAB","13","76.0000","44201","Ozone","37980","Philadelphia-Camden-Wilmington, PA-NJ-DE-MD","34","New Jersey","007","Camden","39.923042","-75.097617"
"06/27/2007","AQS","340070003","1","0.068","ppm","93","CAMDEN LAB","17","100.0000","44201","Ozone","37980","Philadelphia-Camden-Wilmington, PA-NJ-DE-MD","34","New Jersey","007","Camden","39.923042","-75.097617"
"06/28/2007","AQS","340070003","1","0.067","ppm","90","CAMDEN LAB","17","100.0000","44201","Ozone","37980","Philadelphia-Camden-Wilmington, PA-NJ-DE-MD","34","New Jersey","007","Camden","39.923042","-75.097617"
"06/29/2007","AQS","340070003","1","0.016","ppm","15","CAMDEN LAB","17","100.0000","44201","Ozone","37980","Philadelphia-Camden-Wilmington, PA-NJ-DE-MD","34","New Jersey","007","Camden","39.923042","-75.097617"
"06/30/2007","AQS","340070003","1","0.06","ppm","67","CAMDEN LAB","17","100.0000","44201","Ozone","37980","Philadelphia-Camden-Wilmington, PA-NJ-DE-MD","34","New Jersey","007","Camden","39.923042","-75.097617"
"07/01/2007","AQS","340070003","1","0.034","ppm","31","CAMDEN LAB","17","100.0000","44201","Ozone","37980","Philadelphia-Camden-Wilmington, PA-NJ-DE-MD","34","New Jersey","007","Camden","39.923042","-75.097617"
"07/02/2007","AQS","340070003","1","0.036","ppm","33","CAMDEN LAB","17","100.0000","44201","Ozone","37980","Philadelphia-Camden-Wilmington, PA-NJ-DE-MD","34","New Jersey","007","Camden","39.923042","-75.097617"
"07/03/2007","AQS","340070003","1","0.055","ppm","51","CAMDEN LAB","17","100.0000","44201","Ozone","37980","Philadelphia-Camden-Wilmington, PA-NJ-DE-MD","34","New Jersey","007","Camden","39.923042","-75.097617"
"07/04/2007","AQS","340070003","1","0.043","ppm","40","CAMDEN LAB","17","100.0000","44201","Ozone","37980","Philadelphia-Camden-Wilmington, PA-NJ-DE-MD","34","New Jersey","007","Camden","39.923042","-75.097617"
"07/05/2007","AQS","340070003","1","0.047","ppm","44","CAMDEN LAB","17","100.0000","44201","Ozone","37980","Philadelphia-Camden-Wilmington, PA-NJ-DE-MD","34","New Jersey","007","Camden","39.923042","-75.097617"
"07/06/2007","AQS","340070003","1","0.054","ppm","50","CAMDEN LAB","17","100.0000","44201","Ozone","37980","Philadelphia-Camden-Wilmington, PA-NJ-DE-MD","34","New Jersey","007","Camden","39.923042","-75.097617"
"07/07/2007","AQS","340070003","1","0.05","ppm","46","CAMDEN LAB","17","100.0000","44201","Ozone","37980","Philadelphia-Camden-Wilmington, PA-NJ-DE-MD","34","New Jersey","007","Camden","39.923042","-75.097617"
"07/08/2007","AQS","340070003","1","0.069","ppm","97","CAMDEN LAB","17","100.0000","44201","Ozone","37980","Philadelphia-Camden-Wilmington, PA-NJ-DE-MD","34","New Jersey","007","Camden","39.923042","-75.097617"
"07/09/2007","AQS","340070003","1","0.1","ppm","187","CAMDEN LAB","17","100.0000","44201","Ozone","37980","Philadelphia-Camden-Wilmington, PA-NJ-DE-MD","34","New Jersey","007","Camden","39.923042","-75.097617"
"07/10/2007","AQS","340070003","1","0.064","ppm","80","CAMDEN LAB","17","100.0000","44201","Ozone","37980","Philadelphia-Camden-Wilmington, PA-NJ-DE-MD","34","New Jersey","007","Camden","39.923042","-75.097617"
"07/11/2007","AQS","340070003","1","0.052","ppm","48","CAMDEN LAB","17","100.0000","44201","Ozone","37980","Philadelphia-Camden-Wilmington, PA-NJ-DE-MD","34","New Jersey","007","Camden","39.923042","-75.097617"
"07/12/2007","AQS","340070003","1","0.053","ppm","49","CAMDEN LAB","17","100.0000","44201","Ozone","37980","Philadelphia-Camden-Wilmington, PA-NJ-DE-MD","34","New Jersey","007","Camden","39.923042","-75.097617"
"07/13/2007","AQS","340070003","1","0.054","ppm","50","CAMDEN LAB","17","100.0000","44201","Ozone","37980","Philadelphia-Camden-Wilmington, PA-NJ-DE-MD","34","New Jersey","007","Camden","39.923042","-75.097617"
"07/14/2007","AQS","340070003","1","0.066","ppm","87","CAMDEN LAB","17","100.0000","44201","Ozone","37980","Philadelphia-Camden-Wilmington, PA-NJ-DE-MD","34","New Jersey","007","Camden","39.923042","-75.097617"
"07/15/2007","AQS","340070003","1","0.063","ppm","77","CAMDEN LAB","17","100.0000","44201","Ozone","37980","Philadelphia-Camden-Wilmington, PA-NJ-DE-MD","34","New Jersey","007","Camden","39.923042","-75.097617"
"07/16/2007","AQS","340070003","1","0.063","ppm","77","CAMDEN LAB","17","100.0000","44201","Ozone","37980","Philadelphia-Camden-Wilmington, PA-NJ-DE-MD","34","New Jersey","007","Camden","39.923042","-75.097617"
"07/17/2007","AQS","340070003","1","0.092","ppm","166","CAMDEN LAB","17","100.0000","44201","Ozone","37980","Philadelphia-Camden-Wilmington, PA-NJ-DE-MD","34","New Jersey","007","Camden","39.923042","-75.097617"
"07/18/2007","AQS","340070003","1","0.055","ppm","51","CAMDEN LAB","17","100.0000","44201","Ozone","37980","Philadelphia-Camden-Wilmington, PA-NJ-DE-MD","34","New Jersey","007","Camden","39.923042","-75.097617"
"07/19/2007","AQS","340070003","1","0.059","ppm","64","CAMDEN LAB","17","100.0000","44201","Ozone","37980","Philadelphia-Camden-Wilmington, PA-NJ-DE-MD","34","New Jersey","007","Camden","39.923042","-75.097617"
"07/20/2007","AQS","340070003","1","0.048","ppm","44","CAMDEN LAB","17","100.0000","44201","Ozone","37980","Philadelphia-Camden-Wilmington, PA-NJ-DE-MD","34","New Jersey","007","Camden","39.923042","-75.097617"
"07/21/2007","AQS","340070003","1","0.03","ppm","28","CAMDEN LAB","17","100.0000","44201","Ozone","37980","Philadelphia-Camden-Wilmington, PA-NJ-DE-MD","34","New Jersey","007","Camden","39.923042","-75.097617"
"07/22/2007","AQS","340070003","1","0.047","ppm","44","CAMDEN LAB","17","100.0000","44201","Ozone","37980","Philadelphia-Camden-Wilmington, PA-NJ-DE-MD","34","New Jersey","007","Camden","39.923042","-75.097617"
"07/23/2007","AQS","340070003","1","0.029","ppm","27","CAMDEN LAB","17","100.0000","44201","Ozone","37980","Philadelphia-Camden-Wilmington, PA-NJ-DE-MD","34","New Jersey","007","Camden","39.923042","-75.097617"
"07/24/2007","AQS","340070003","1","0.063","ppm","77","CAMDEN LAB","17","100.0000","44201","Ozone","37980","Philadelphia-Camden-Wilmington, PA-NJ-DE-MD","34","New Jersey","007","Camden","39.923042","-75.097617"
"07/25/2007","AQS","340070003","1","0.06","ppm","67","CAMDEN LAB","17","100.0000","44201","Ozone","37980","Philadelphia-Camden-Wilmington, PA-NJ-DE-MD","34","New Jersey","007","Camden","39.923042","-75.097617"
"07/26/2007","AQS","340070003","1","0.053","ppm","49","CAMDEN LAB","17","100.0000","44201","Ozone","37980","Philadelphia-Camden-Wilmington, PA-NJ-DE-MD","34","New Jersey","007","Camden","39.923042","-75.097617"
"07/27/2007","AQS","340070003","1","0.042","ppm","39","CAMDEN LAB","17","100.0000","44201","Ozone","37980","Philadelphia-Camden-Wilmington, PA-NJ-DE-MD","34","New Jersey","007","Camden","39.923042","-75.097617"
"07/28/2007","AQS","340070003","1","0.081","ppm","136","CAMDEN LAB","17","100.0000","44201","Ozone","37980","Philadelphia-Camden-Wilmington, PA-NJ-DE-MD","34","New Jersey","007","Camden","39.923042","-75.097617"
"07/29/2007","AQS","340070003","1","0.052","ppm","48","CAMDEN LAB","17","100.0000","44201","Ozone","37980","Philadelphia-Camden-Wilmington, PA-NJ-DE-MD","34","New Jersey","007","Camden","39.923042","-75.097617"
"07/30/2007","AQS","340070003","1","0.052","ppm","48","CAMDEN LAB","17","100.0000","44201","Ozone","37980","Philadelphia-Camden-Wilmington, PA-NJ-DE-MD","34","New Jersey","007","Camden","39.923042","-75.097617"
"07/31/2007","AQS","340070003","1","0.062","ppm","74","CAMDEN LAB","17","100.0000","44201","Ozone","37980","Philadelphia-Camden-Wilmington, PA-NJ-DE-MD","34","New Jersey","007","Camden","39.923042","-75.097617"
"08/01/2007","AQS","340070003","1","0.069","ppm","97","CAMDEN LAB","17","100.0000","44201","Ozone","37980","Philadelphia-Camden-Wilmington, PA-NJ-DE-MD","34","New Jersey","007","Camden","39.923042","-75.097617"
"08/02/2007","AQS","340070003","1","0.093","ppm","169","CAMDEN LAB","17","100.0000","44201","Ozone","37980","Philadelphia-Camden-Wilmington, PA-NJ-DE-MD","34","New Jersey","007","Camden","39.923042","-75.097617"
"08/03/2007","AQS","340070003","1","0.07","ppm","100","CAMDEN LAB","17","100.0000","44201","Ozone","37980","Philadelphia-Camden-Wilmington, PA-NJ-DE-MD","34","New Jersey","007","Camden","39.923042","-75.097617"
"08/04/2007","AQS","340070003","1","0.088","ppm","156","CAMDEN LAB","17","100.0000","44201","Ozone","37980","Philadelphia-Camden-Wilmington, PA-NJ-DE-MD","34","New Jersey","007","Camden","39.923042","-75.097617"
"08/05/2007","AQS","340070003","1","0.049","ppm","45","CAMDEN LAB","17","100.0000","44201","Ozone","37980","Philadelphia-Camden-Wilmington, PA-NJ-DE-MD","34","New Jersey","007","Camden","39.923042","-75.097617"
"08/06/2007","AQS","340070003","1","0.058","ppm","61","CAMDEN LAB","17","100.0000","44201","Ozone","37980","Philadelphia-Camden-Wilmington, PA-NJ-DE-MD","34","New Jersey","007","Camden","39.923042","-75.097617"
"08/07/2007","AQS","340070003","1","0.067","ppm","90","CAMDEN LAB","17","100.0000","44201","Ozone","37980","Philadelphia-Camden-Wilmington, PA-NJ-DE-MD","34","New Jersey","007","Camden","39.923042","-75.097617"
"08/08/2007","AQS","340070003","1","0.069","ppm","97","CAMDEN LAB","17","100.0000","44201","Ozone","37980","Philadelphia-Camden-Wilmington, PA-NJ-DE-MD","34","New Jersey","007","Camden","39.923042","-75.097617"
"08/09/2007","AQS","340070003","1","0.059","ppm","64","CAMDEN LAB","17","100.0000","44201","Ozone","37980","Philadelphia-Camden-Wilmington, PA-NJ-DE-MD","34","New Jersey","007","Camden","39.923042","-75.097617"
"08/11/2007","AQS","340070003","1","0.051","ppm","47","CAMDEN LAB","17","100.0000","44201","Ozone","37980","Philadelphia-Camden-Wilmington, PA-NJ-DE-MD","34","New Jersey","007","Camden","39.923042","-75.097617"
"08/12/2007","AQS","340070003","1","0.064","ppm","80","CAMDEN LAB","17","100.0000","44201","Ozone","37980","Philadelphia-Camden-Wilmington, PA-NJ-DE-MD","34","New Jersey","007","Camden","39.923042","-75.097617"
"08/13/2007","AQS","340070003","1","0.064","ppm","80","CAMDEN LAB","17","100.0000","44201","Ozone","37980","Philadelphia-Camden-Wilmington, PA-NJ-DE-MD","34","New Jersey","007","Camden","39.923042","-75.097617"
"08/15/2007","AQS","340070003","1","0.075","ppm","115","CAMDEN LAB","17","100.0000","44201","Ozone","37980","Philadelphia-Camden-Wilmington, PA-NJ-DE-MD","34","New Jersey","007","Camden","39.923042","-75.097617"
"08/16/2007","AQS","340070003","1","0.074","ppm","112","CAMDEN LAB","17","100.0000","44201","Ozone","37980","Philadelphia-Camden-Wilmington, PA-NJ-DE-MD","34","New Jersey","007","Camden","39.923042","-75.097617"
"08/17/2007","AQS","340070003","1","0.073","ppm","108","CAMDEN LAB","17","100.0000","44201","Ozone","37980","Philadelphia-Camden-Wilmington, PA-NJ-DE-MD","34","New Jersey","007","Camden","39.923042","-75.097617"
"08/18/2007","AQS","340070003","1","0.034","ppm","31","CAMDEN LAB","17","100.0000","44201","Ozone","37980","Philadelphia-Camden-Wilmington, PA-NJ-DE-MD","34","New Jersey","007","Camden","39.923042","-75.097617"
"08/19/2007","AQS","340070003","1","0.032","ppm","30","CAMDEN LAB","17","100.0000","44201","Ozone","37980","Philadelphia-Camden-Wilmington, PA-NJ-DE-MD","34","New Jersey","007","Camden","39.923042","-75.097617"
"08/20/2007","AQS","340070003","1","0.027","ppm","25","CAMDEN LAB","17","100.0000","44201","Ozone","37980","Philadelphia-Camden-Wilmington, PA-NJ-DE-MD","34","New Jersey","007","Camden","39.923042","-75.097617"
"08/21/2007","AQS","340070003","1","0.021","ppm","19","CAMDEN LAB","17","100.0000","44201","Ozone","37980","Philadelphia-Camden-Wilmington, PA-NJ-DE-MD","34","New Jersey","007","Camden","39.923042","-75.097617"
"08/22/2007","AQS","340070003","1","0.015","ppm","14","CAMDEN LAB","17","100.0000","44201","Ozone","37980","Philadelphia-Camden-Wilmington, PA-NJ-DE-MD","34","New Jersey","007","Camden","39.923042","-75.097617"
"08/23/2007","AQS","340070003","1","0.024","ppm","22","CAMDEN LAB","17","100.0000","44201","Ozone","37980","Philadelphia-Camden-Wilmington, PA-NJ-DE-MD","34","New Jersey","007","Camden","39.923042","-75.097617"
"08/24/2007","AQS","340070003","1","0.044","ppm","41","CAMDEN LAB","17","100.0000","44201","Ozone","37980","Philadelphia-Camden-Wilmington, PA-NJ-DE-MD","34","New Jersey","007","Camden","39.923042","-75.097617"
"08/25/2007","AQS","340070003","1","0.064","ppm","80","CAMDEN LAB","17","100.0000","44201","Ozone","37980","Philadelphia-Camden-Wilmington, PA-NJ-DE-MD","34","New Jersey","007","Camden","39.923042","-75.097617"
"08/26/2007","AQS","340070003","1","0.051","ppm","47","CAMDEN LAB","17","100.0000","44201","Ozone","37980","Philadelphia-Camden-Wilmington, PA-NJ-DE-MD","34","New Jersey","007","Camden","39.923042","-75.097617"
"08/27/2007","AQS","340070003","1","0.055","ppm","51","CAMDEN LAB","17","100.0000","44201","Ozone","37980","Philadelphia-Camden-Wilmington, PA-NJ-DE-MD","34","New Jersey","007","Camden","39.923042","-75.097617"
"08/28/2007","AQS","340070003","1","0.056","ppm","54","CAMDEN LAB","17","100.0000","44201","Ozone","37980","Philadelphia-Camden-Wilmington, PA-NJ-DE-MD","34","New Jersey","007","Camden","39.923042","-75.097617"
"08/29/2007","AQS","340070003","1","0.077","ppm","122","CAMDEN LAB","17","100.0000","44201","Ozone","37980","Philadelphia-Camden-Wilmington, PA-NJ-DE-MD","34","New Jersey","007","Camden","39.923042","-75.097617"
"08/30/2007","AQS","340070003","1","0.084","ppm","147","CAMDEN LAB","17","100.0000","44201","Ozone","37980","Philadelphia-Camden-Wilmington, PA-NJ-DE-MD","34","New Jersey","007","Camden","39.923042","-75.097617"
"08/31/2007","AQS","340070003","1","0.042","ppm","39","CAMDEN LAB","17","100.0000","44201","Ozone","37980","Philadelphia-Camden-Wilmington, PA-NJ-DE-MD","34","New Jersey","007","Camden","39.923042","-75.097617"
"09/01/2007","AQS","340070003","1","0.042","ppm","39","CAMDEN LAB","17","100.0000","44201","Ozone","37980","Philadelphia-Camden-Wilmington, PA-NJ-DE-MD","34","New Jersey","007","Camden","39.923042","-75.097617"
"09/02/2007","AQS","340070003","1","0.052","ppm","48","CAMDEN LAB","17","100.0000","44201","Ozone","37980","Philadelphia-Camden-Wilmington, PA-NJ-DE-MD","34","New Jersey","007","Camden","39.923042","-75.097617"
"09/03/2007","AQS","340070003","1","0.065","ppm","84","CAMDEN LAB","17","100.0000","44201","Ozone","37980","Philadelphia-Camden-Wilmington, PA-NJ-DE-MD","34","New Jersey","007","Camden","39.923042","-75.097617"
"09/04/2007","AQS","340070003","1","0.058","ppm","61","CAMDEN LAB","17","100.0000","44201","Ozone","37980","Philadelphia-Camden-Wilmington, PA-NJ-DE-MD","34","New Jersey","007","Camden","39.923042","-75.097617"
"09/05/2007","AQS","340070003","1","0.059","ppm","64","CAMDEN LAB","17","100.0000","44201","Ozone","37980","Philadelphia-Camden-Wilmington, PA-NJ-DE-MD","34","New Jersey","007","Camden","39.923042","-75.097617"
"09/06/2007","AQS","340070003","1","0.067","ppm","90","CAMDEN LAB","17","100.0000","44201","Ozone","37980","Philadelphia-Camden-Wilmington, PA-NJ-DE-MD","34","New Jersey","007","Camden","39.923042","-75.097617"
"09/07/2007","AQS","340070003","1","0.058","ppm","61","CAMDEN LAB","17","100.0000","44201","Ozone","37980","Philadelphia-Camden-Wilmington, PA-NJ-DE-MD","34","New Jersey","007","Camden","39.923042","-75.097617"
"09/08/2007","AQS","340070003","1","0.055","ppm","51","CAMDEN LAB","17","100.0000","44201","Ozone","37980","Philadelphia-Camden-Wilmington, PA-NJ-DE-MD","34","New Jersey","007","Camden","39.923042","-75.097617"
"09/09/2007","AQS","340070003","1","0.034","ppm","31","CAMDEN LAB","17","100.0000","44201","Ozone","37980","Philadelphia-Camden-Wilmington, PA-NJ-DE-MD","34","New Jersey","007","Camden","39.923042","-75.097617"
"09/10/2007","AQS","340070003","1","0.053","ppm","49","CAMDEN LAB","17","100.0000","44201","Ozone","37980","Philadelphia-Camden-Wilmington, PA-NJ-DE-MD","34","New Jersey","007","Camden","39.923042","-75.097617"
"09/11/2007","AQS","340070003","1","0.024","ppm","22","CAMDEN LAB","17","100.0000","44201","Ozone","37980","Philadelphia-Camden-Wilmington, PA-NJ-DE-MD","34","New Jersey","007","Camden","39.923042","-75.097617"
"09/12/2007","AQS","340070003","1","0.041","ppm","38","CAMDEN LAB","17","100.0000","44201","Ozone","37980","Philadelphia-Camden-Wilmington, PA-NJ-DE-MD","34","New Jersey","007","Camden","39.923042","-75.097617"
"09/13/2007","AQS","340070003","1","0.054","ppm","50","CAMDEN LAB","17","100.0000","44201","Ozone","37980","Philadelphia-Camden-Wilmington, PA-NJ-DE-MD","34","New Jersey","007","Camden","39.923042","-75.097617"
"09/14/2007","AQS","340070003","1","0.054","ppm","50","CAMDEN LAB","17","100.0000","44201","Ozone","37980","Philadelphia-Camden-Wilmington, PA-NJ-DE-MD","34","New Jersey","007","Camden","39.923042","-75.097617"
"09/15/2007","AQS","340070003","1","0.03","ppm","28","CAMDEN LAB","17","100.0000","44201","Ozone","37980","Philadelphia-Camden-Wilmington, PA-NJ-DE-MD","34","New Jersey","007","Camden","39.923042","-75.097617"
"09/16/2007","AQS","340070003","1","0.028","ppm","26","CAMDEN LAB","17","100.0000","44201","Ozone","37980","Philadelphia-Camden-Wilmington, PA-NJ-DE-MD","34","New Jersey","007","Camden","39.923042","-75.097617"
"09/17/2007","AQS","340070003","1","0.033","ppm","31","CAMDEN LAB","17","100.0000","44201","Ozone","37980","Philadelphia-Camden-Wilmington, PA-NJ-DE-MD","34","New Jersey","007","Camden","39.923042","-75.097617"
"09/18/2007","AQS","340070003","1","0.031","ppm","29","CAMDEN LAB","17","100.0000","44201","Ozone","37980","Philadelphia-Camden-Wilmington, PA-NJ-DE-MD","34","New Jersey","007","Camden","39.923042","-75.097617"
"09/19/2007","AQS","340070003","1","0.046","ppm","43","CAMDEN LAB","17","100.0000","44201","Ozone","37980","Philadelphia-Camden-Wilmington, PA-NJ-DE-MD","34","New Jersey","007","Camden","39.923042","-75.097617"
"09/20/2007","AQS","340070003","1","0.044","ppm","41","CAMDEN LAB","17","100.0000","44201","Ozone","37980","Philadelphia-Camden-Wilmington, PA-NJ-DE-MD","34","New Jersey","007","Camden","39.923042","-75.097617"
"09/21/2007","AQS","340070003","1","0.076","ppm","119","CAMDEN LAB","17","100.0000","44201","Ozone","37980","Philadelphia-Camden-Wilmington, PA-NJ-DE-MD","34","New Jersey","007","Camden","39.923042","-75.097617"
"09/22/2007","AQS","340070003","1","0.03","ppm","28","CAMDEN LAB","17","100.0000","44201","Ozone","37980","Philadelphia-Camden-Wilmington, PA-NJ-DE-MD","34","New Jersey","007","Camden","39.923042","-75.097617"
"09/23/2007","AQS","340070003","1","0.047","ppm","44","CAMDEN LAB","17","100.0000","44201","Ozone","37980","Philadelphia-Camden-Wilmington, PA-NJ-DE-MD","34","New Jersey","007","Camden","39.923042","-75.097617"
"09/24/2007","AQS","340070003","1","0.046","ppm","43","CAMDEN LAB","17","100.0000","44201","Ozone","37980","Philadelphia-Camden-Wilmington, PA-NJ-DE-MD","34","New Jersey","007","Camden","39.923042","-75.097617"
"09/25/2007","AQS","340070003","1","0.063","ppm","77","CAMDEN LAB","17","100.0000","44201","Ozone","37980","Philadelphia-Camden-Wilmington, PA-NJ-DE-MD","34","New Jersey","007","Camden","39.923042","-75.097617"
"09/26/2007","AQS","340070003","1","0.071","ppm","101","CAMDEN LAB","17","100.0000","44201","Ozone","37980","Philadelphia-Camden-Wilmington, PA-NJ-DE-MD","34","New Jersey","007","Camden","39.923042","-75.097617"
"09/27/2007","AQS","340070003","1","0.04","ppm","37","CAMDEN LAB","17","100.0000","44201","Ozone","37980","Philadelphia-Camden-Wilmington, PA-NJ-DE-MD","34","New Jersey","007","Camden","39.923042","-75.097617"
"09/28/2007","AQS","340070003","1","0.04","ppm","37","CAMDEN LAB","17","100.0000","44201","Ozone","37980","Philadelphia-Camden-Wilmington, PA-NJ-DE-MD","34","New Jersey","007","Camden","39.923042","-75.097617"
"09/29/2007","AQS","340070003","1","0.038","ppm","35","CAMDEN LAB","17","100.0000","44201","Ozone","37980","Philadelphia-Camden-Wilmington, PA-NJ-DE-MD","34","New Jersey","007","Camden","39.923042","-75.097617"
"09/30/2007","AQS","340070003","1","0.046","ppm","43","CAMDEN LAB","17","100.0000","44201","Ozone","37980","Philadelphia-Camden-Wilmington, PA-NJ-DE-MD","34","New Jersey","007","Camden","39.923042","-75.097617"
"10/01/2007","AQS","340070003","1","0.038","ppm","35","CAMDEN LAB","17","100.0000","44201","Ozone","37980","Philadelphia-Camden-Wilmington, PA-NJ-DE-MD","34","New Jersey","007","Camden","39.923042","-75.097617"
"10/02/2007","AQS","340070003","1","0.035","ppm","32","CAMDEN LAB","17","100.0000","44201","Ozone","37980","Philadelphia-Camden-Wilmington, PA-NJ-DE-MD","34","New Jersey","007","Camden","39.923042","-75.097617"
"10/03/2007","AQS","340070003","1","0.03","ppm","28","CAMDEN LAB","17","100.0000","44201","Ozone","37980","Philadelphia-Camden-Wilmington, PA-NJ-DE-MD","34","New Jersey","007","Camden","39.923042","-75.097617"
"10/04/2007","AQS","340070003","1","0.034","ppm","31","CAMDEN LAB","17","100.0000","44201","Ozone","37980","Philadelphia-Camden-Wilmington, PA-NJ-DE-MD","34","New Jersey","007","Camden","39.923042","-75.097617"
"10/05/2007","AQS","340070003","1","0.015","ppm","14","CAMDEN LAB","17","100.0000","44201","Ozone","37980","Philadelphia-Camden-Wilmington, PA-NJ-DE-MD","34","New Jersey","007","Camden","39.923042","-75.097617"
"10/06/2007","AQS","340070003","1","0.024","ppm","22","CAMDEN LAB","17","100.0000","44201","Ozone","37980","Philadelphia-Camden-Wilmington, PA-NJ-DE-MD","34","New Jersey","007","Camden","39.923042","-75.097617"
"10/07/2007","AQS","340070003","1","0.047","ppm","44","CAMDEN LAB","17","100.0000","44201","Ozone","37980","Philadelphia-Camden-Wilmington, PA-NJ-DE-MD","34","New Jersey","007","Camden","39.923042","-75.097617"
"10/08/2007","AQS","340070003","1","0.044","ppm","41","CAMDEN LAB","17","100.0000","44201","Ozone","37980","Philadelphia-Camden-Wilmington, PA-NJ-DE-MD","34","New Jersey","007","Camden","39.923042","-75.097617"
"10/09/2007","AQS","340070003","1","0.03","ppm","28","CAMDEN LAB","17","100.0000","44201","Ozone","37980","Philadelphia-Camden-Wilmington, PA-NJ-DE-MD","34","New Jersey","007","Camden","39.923042","-75.097617"
"10/10/2007","AQS","340070003","1","0.036","ppm","33","CAMDEN LAB","17","100.0000","44201","Ozone","37980","Philadelphia-Camden-Wilmington, PA-NJ-DE-MD","34","New Jersey","007","Camden","39.923042","-75.097617"
"10/11/2007","AQS","340070003","1","0.015","ppm","14","CAMDEN LAB","17","100.0000","44201","Ozone","37980","Philadelphia-Camden-Wilmington, PA-NJ-DE-MD","34","New Jersey","007","Camden","39.923042","-75.097617"
"10/12/2007","AQS","340070003","1","0.026","ppm","24","CAMDEN LAB","17","100.0000","44201","Ozone","37980","Philadelphia-Camden-Wilmington, PA-NJ-DE-MD","34","New Jersey","007","Camden","39.923042","-75.097617"
"10/13/2007","AQS","340070003","1","0.029","ppm","27","CAMDEN LAB","17","100.0000","44201","Ozone","37980","Philadelphia-Camden-Wilmington, PA-NJ-DE-MD","34","New Jersey","007","Camden","39.923042","-75.097617"
"10/14/2007","AQS","340070003","1","0.036","ppm","33","CAMDEN LAB","17","100.0000","44201","Ozone","37980","Philadelphia-Camden-Wilmington, PA-NJ-DE-MD","34","New Jersey","007","Camden","39.923042","-75.097617"
"10/15/2007","AQS","340070003","1","0.028","ppm","26","CAMDEN LAB","17","100.0000","44201","Ozone","37980","Philadelphia-Camden-Wilmington, PA-NJ-DE-MD","34","New Jersey","007","Camden","39.923042","-75.097617"
"10/16/2007","AQS","340070003","1","0.033","ppm","31","CAMDEN LAB","17","100.0000","44201","Ozone","37980","Philadelphia-Camden-Wilmington, PA-NJ-DE-MD","34","New Jersey","007","Camden","39.923042","-75.097617"
"10/17/2007","AQS","340070003","1","0.051","ppm","47","CAMDEN LAB","17","100.0000","44201","Ozone","37980","Philadelphia-Camden-Wilmington, PA-NJ-DE-MD","34","New Jersey","007","Camden","39.923042","-75.097617"
"10/18/2007","AQS","340070003","1","0.031","ppm","29","CAMDEN LAB","17","100.0000","44201","Ozone","37980","Philadelphia-Camden-Wilmington, PA-NJ-DE-MD","34","New Jersey","007","Camden","39.923042","-75.097617"
"10/19/2007","AQS","340070003","1","0.023","ppm","21","CAMDEN LAB","17","100.0000","44201","Ozone","37980","Philadelphia-Camden-Wilmington, PA-NJ-DE-MD","34","New Jersey","007","Camden","39.923042","-75.097617"
"10/20/2007","AQS","340070003","1","0.035","ppm","32","CAMDEN LAB","17","100.0000","44201","Ozone","37980","Philadelphia-Camden-Wilmington, PA-NJ-DE-MD","34","New Jersey","007","Camden","39.923042","-75.097617"
"10/21/2007","AQS","340070003","1","0.039","ppm","36","CAMDEN LAB","17","100.0000","44201","Ozone","37980","Philadelphia-Camden-Wilmington, PA-NJ-DE-MD","34","New Jersey","007","Camden","39.923042","-75.097617"
"10/22/2007","AQS","340070003","1","0.047","ppm","44","CAMDEN LAB","17","100.0000","44201","Ozone","37980","Philadelphia-Camden-Wilmington, PA-NJ-DE-MD","34","New Jersey","007","Camden","39.923042","-75.097617"
"10/23/2007","AQS","340070003","1","0.042","ppm","39","CAMDEN LAB","17","100.0000","44201","Ozone","37980","Philadelphia-Camden-Wilmington, PA-NJ-DE-MD","34","New Jersey","007","Camden","39.923042","-75.097617"
"10/24/2007","AQS","340070003","1","0.024","ppm","22","CAMDEN LAB","17","100.0000","44201","Ozone","37980","Philadelphia-Camden-Wilmington, PA-NJ-DE-MD","34","New Jersey","007","Camden","39.923042","-75.097617"
"10/25/2007","AQS","340070003","1","0.019","ppm","18","CAMDEN LAB","17","100.0000","44201","Ozone","37980","Philadelphia-Camden-Wilmington, PA-NJ-DE-MD","34","New Jersey","007","Camden","39.923042","-75.097617"
"10/26/2007","AQS","340070003","1","0.019","ppm","18","CAMDEN LAB","17","100.0000","44201","Ozone","37980","Philadelphia-Camden-Wilmington, PA-NJ-DE-MD","34","New Jersey","007","Camden","39.923042","-75.097617"
"10/27/2007","AQS","340070003","1","0.022","ppm","20","CAMDEN LAB","17","100.0000","44201","Ozone","37980","Philadelphia-Camden-Wilmington, PA-NJ-DE-MD","34","New Jersey","007","Camden","39.923042","-75.097617"
"10/28/2007","AQS","340070003","1","0.032","ppm","30","CAMDEN LAB","17","100.0000","44201","Ozone","37980","Philadelphia-Camden-Wilmington, PA-NJ-DE-MD","34","New Jersey","007","Camden","39.923042","-75.097617"
"10/29/2007","AQS","340070003","1","0.023","ppm","21","CAMDEN LAB","17","100.0000","44201","Ozone","37980","Philadelphia-Camden-Wilmington, PA-NJ-DE-MD","34","New Jersey","007","Camden","39.923042","-75.097617"
"10/30/2007","AQS","340070003","1","0.02","ppm","19","CAMDEN LAB","17","100.0000","44201","Ozone","37980","Philadelphia-Camden-Wilmington, PA-NJ-DE-MD","34","New Jersey","007","Camden","39.923042","-75.097617"
"10/31/2007","AQS","340070003","1","0.036","ppm","33","CAMDEN LAB","17","100.0000","44201","Ozone","37980","Philadelphia-Camden-Wilmington, PA-NJ-DE-MD","34","New Jersey","007","Camden","39.923042","-75.097617"
"11/01/2007","AQS","340070003","1","0.021","ppm","19","CAMDEN LAB","17","100.0000","44201","Ozone","37980","Philadelphia-Camden-Wilmington, PA-NJ-DE-MD","34","New Jersey","007","Camden","39.923042","-75.097617"
"11/02/2007","AQS","340070003","1","0.023","ppm","21","CAMDEN LAB","17","100.0000","44201","Ozone","37980","Philadelphia-Camden-Wilmington, PA-NJ-DE-MD","34","New Jersey","007","Camden","39.923042","-75.097617"
"11/03/2007","AQS","340070003","1","0.027","ppm","25","CAMDEN LAB","17","100.0000","44201","Ozone","37980","Philadelphia-Camden-Wilmington, PA-NJ-DE-MD","34","New Jersey","007","Camden","39.923042","-75.097617"
"11/04/2007","AQS","340070003","1","0.03","ppm","28","CAMDEN LAB","17","100.0000","44201","Ozone","37980","Philadelphia-Camden-Wilmington, PA-NJ-DE-MD","34","New Jersey","007","Camden","39.923042","-75.097617"
"11/05/2007","AQS","340070003","1","0.034","ppm","31","CAMDEN LAB","17","100.0000","44201","Ozone","37980","Philadelphia-Camden-Wilmington, PA-NJ-DE-MD","34","New Jersey","007","Camden","39.923042","-75.097617"
"11/06/2007","AQS","340070003","1","0.023","ppm","21","CAMDEN LAB","17","100.0000","44201","Ozone","37980","Philadelphia-Camden-Wilmington, PA-NJ-DE-MD","34","New Jersey","007","Camden","39.923042","-75.097617"
"11/07/2007","AQS","340070003","1","0.023","ppm","21","CAMDEN LAB","17","100.0000","44201","Ozone","37980","Philadelphia-Camden-Wilmington, PA-NJ-DE-MD","34","New Jersey","007","Camden","39.923042","-75.097617"
"11/08/2007","AQS","340070003","1","0.023","ppm","21","CAMDEN LAB","17","100.0000","44201","Ozone","37980","Philadelphia-Camden-Wilmington, PA-NJ-DE-MD","34","New Jersey","007","Camden","39.923042","-75.097617"
"11/09/2007","AQS","340070003","1","0.005","ppm","5","CAMDEN LAB","17","100.0000","44201","Ozone","37980","Philadelphia-Camden-Wilmington, PA-NJ-DE-MD","34","New Jersey","007","Camden","39.923042","-75.097617"
"11/10/2007","AQS","340070003","1","0.014","ppm","13","CAMDEN LAB","17","100.0000","44201","Ozone","37980","Philadelphia-Camden-Wilmington, PA-NJ-DE-MD","34","New Jersey","007","Camden","39.923042","-75.097617"
"11/11/2007","AQS","340070003","1","0.026","ppm","24","CAMDEN LAB","17","100.0000","44201","Ozone","37980","Philadelphia-Camden-Wilmington, PA-NJ-DE-MD","34","New Jersey","007","Camden","39.923042","-75.097617"
"11/12/2007","AQS","340070003","1","0.015","ppm","14","CAMDEN LAB","17","100.0000","44201","Ozone","37980","Philadelphia-Camden-Wilmington, PA-NJ-DE-MD","34","New Jersey","007","Camden","39.923042","-75.097617"
"11/13/2007","AQS","340070003","1","0.003","ppm","3","CAMDEN LAB","17","100.0000","44201","Ozone","37980","Philadelphia-Camden-Wilmington, PA-NJ-DE-MD","34","New Jersey","007","Camden","39.923042","-75.097617"
"11/14/2007","AQS","340070003","1","0.027","ppm","25","CAMDEN LAB","17","100.0000","44201","Ozone","37980","Philadelphia-Camden-Wilmington, PA-NJ-DE-MD","34","New Jersey","007","Camden","39.923042","-75.097617"
"11/15/2007","AQS","340070003","1","0.017","ppm","16","CAMDEN LAB","17","100.0000","44201","Ozone","37980","Philadelphia-Camden-Wilmington, PA-NJ-DE-MD","34","New Jersey","007","Camden","39.923042","-75.097617"
"11/16/2007","AQS","340070003","1","0.022","ppm","20","CAMDEN LAB","17","100.0000","44201","Ozone","37980","Philadelphia-Camden-Wilmington, PA-NJ-DE-MD","34","New Jersey","007","Camden","39.923042","-75.097617"
"11/17/2007","AQS","340070003","1","0.015","ppm","14","CAMDEN LAB","17","100.0000","44201","Ozone","37980","Philadelphia-Camden-Wilmington, PA-NJ-DE-MD","34","New Jersey","007","Camden","39.923042","-75.097617"
"11/18/2007","AQS","340070003","1","0.021","ppm","19","CAMDEN LAB","17","100.0000","44201","Ozone","37980","Philadelphia-Camden-Wilmington, PA-NJ-DE-MD","34","New Jersey","007","Camden","39.923042","-75.097617"
"11/19/2007","AQS","340070003","1","0.005","ppm","5","CAMDEN LAB","17","100.0000","44201","Ozone","37980","Philadelphia-Camden-Wilmington, PA-NJ-DE-MD","34","New Jersey","007","Camden","39.923042","-75.097617"
"11/20/2007","AQS","340070003","1","0.008","ppm","7","CAMDEN LAB","17","100.0000","44201","Ozone","37980","Philadelphia-Camden-Wilmington, PA-NJ-DE-MD","34","New Jersey","007","Camden","39.923042","-75.097617"
"11/21/2007","AQS","340070003","1","0.014","ppm","13","CAMDEN LAB","17","100.0000","44201","Ozone","37980","Philadelphia-Camden-Wilmington, PA-NJ-DE-MD","34","New Jersey","007","Camden","39.923042","-75.097617"
"11/22/2007","AQS","340070003","1","0.031","ppm","29","CAMDEN LAB","17","100.0000","44201","Ozone","37980","Philadelphia-Camden-Wilmington, PA-NJ-DE-MD","34","New Jersey","007","Camden","39.923042","-75.097617"
"11/23/2007","AQS","340070003","1","0.029","ppm","27","CAMDEN LAB","17","100.0000","44201","Ozone","37980","Philadelphia-Camden-Wilmington, PA-NJ-DE-MD","34","New Jersey","007","Camden","39.923042","-75.097617"
"11/24/2007","AQS","340070003","1","0.023","ppm","21","CAMDEN LAB","17","100.0000","44201","Ozone","37980","Philadelphia-Camden-Wilmington, PA-NJ-DE-MD","34","New Jersey","007","Camden","39.923042","-75.097617"
"11/25/2007","AQS","340070003","1","0.013","ppm","12","CAMDEN LAB","17","100.0000","44201","Ozone","37980","Philadelphia-Camden-Wilmington, PA-NJ-DE-MD","34","New Jersey","007","Camden","39.923042","-75.097617"
"11/26/2007","AQS","340070003","1","0.012","ppm","11","CAMDEN LAB","17","100.0000","44201","Ozone","37980","Philadelphia-Camden-Wilmington, PA-NJ-DE-MD","34","New Jersey","007","Camden","39.923042","-75.097617"
"11/27/2007","AQS","340070003","1","0.021","ppm","19","CAMDEN LAB","17","100.0000","44201","Ozone","37980","Philadelphia-Camden-Wilmington, PA-NJ-DE-MD","34","New Jersey","007","Camden","39.923042","-75.097617"
"11/28/2007","AQS","340070003","1","0.019","ppm","18","CAMDEN LAB","17","100.0000","44201","Ozone","37980","Philadelphia-Camden-Wilmington, PA-NJ-DE-MD","34","New Jersey","007","Camden","39.923042","-75.097617"
"11/29/2007","AQS","340070003","1","0.02","ppm","19","CAMDEN LAB","17","100.0000","44201","Ozone","37980","Philadelphia-Camden-Wilmington, PA-NJ-DE-MD","34","New Jersey","007","Camden","39.923042","-75.097617"
"11/30/2007","AQS","340070003","1","0.016","ppm","15","CAMDEN LAB","17","100.0000","44201","Ozone","37980","Philadelphia-Camden-Wilmington, PA-NJ-DE-MD","34","New Jersey","007","Camden","39.923042","-75.097617"
"12/01/2007","AQS","340070003","1","0.029","ppm","27","CAMDEN LAB","17","100.0000","44201","Ozone","37980","Philadelphia-Camden-Wilmington, PA-NJ-DE-MD","34","New Jersey","007","Camden","39.923042","-75.097617"
"12/02/2007","AQS","340070003","1","0.014","ppm","13","CAMDEN LAB","17","100.0000","44201","Ozone","37980","Philadelphia-Camden-Wilmington, PA-NJ-DE-MD","34","New Jersey","007","Camden","39.923042","-75.097617"
"12/03/2007","AQS","340070003","1","0.029","ppm","27","CAMDEN LAB","17","100.0000","44201","Ozone","37980","Philadelphia-Camden-Wilmington, PA-NJ-DE-MD","34","New Jersey","007","Camden","39.923042","-75.097617"
"12/04/2007","AQS","340070003","1","0.026","ppm","24","CAMDEN LAB","17","100.0000","44201","Ozone","37980","Philadelphia-Camden-Wilmington, PA-NJ-DE-MD","34","New Jersey","007","Camden","39.923042","-75.097617"
"12/05/2007","AQS","340070003","1","0.017","ppm","16","CAMDEN LAB","17","100.0000","44201","Ozone","37980","Philadelphia-Camden-Wilmington, PA-NJ-DE-MD","34","New Jersey","007","Camden","39.923042","-75.097617"
"12/06/2007","AQS","340070003","1","0.022","ppm","20","CAMDEN LAB","17","100.0000","44201","Ozone","37980","Philadelphia-Camden-Wilmington, PA-NJ-DE-MD","34","New Jersey","007","Camden","39.923042","-75.097617"
"12/07/2007","AQS","340070003","1","0.01","ppm","9","CAMDEN LAB","17","100.0000","44201","Ozone","37980","Philadelphia-Camden-Wilmington, PA-NJ-DE-MD","34","New Jersey","007","Camden","39.923042","-75.097617"
"12/08/2007","AQS","340070003","1","0.007","ppm","6","CAMDEN LAB","17","100.0000","44201","Ozone","37980","Philadelphia-Camden-Wilmington, PA-NJ-DE-MD","34","New Jersey","007","Camden","39.923042","-75.097617"
"12/09/2007","AQS","340070003","1","0.009","ppm","8","CAMDEN LAB","17","100.0000","44201","Ozone","37980","Philadelphia-Camden-Wilmington, PA-NJ-DE-MD","34","New Jersey","007","Camden","39.923042","-75.097617"
"12/10/2007","AQS","340070003","1","0","ppm","0","CAMDEN LAB","17","100.0000","44201","Ozone","37980","Philadelphia-Camden-Wilmington, PA-NJ-DE-MD","34","New Jersey","007","Camden","39.923042","-75.097617"
"12/11/2007","AQS","340070003","1","0.002","ppm","2","CAMDEN LAB","17","100.0000","44201","Ozone","37980","Philadelphia-Camden-Wilmington, PA-NJ-DE-MD","34","New Jersey","007","Camden","39.923042","-75.097617"
"12/12/2007","AQS","340070003","1","0.019","ppm","18","CAMDEN LAB","17","100.0000","44201","Ozone","37980","Philadelphia-Camden-Wilmington, PA-NJ-DE-MD","34","New Jersey","007","Camden","39.923042","-75.097617"
"12/13/2007","AQS","340070003","1","0.009","ppm","8","CAMDEN LAB","17","100.0000","44201","Ozone","37980","Philadelphia-Camden-Wilmington, PA-NJ-DE-MD","34","New Jersey","007","Camden","39.923042","-75.097617"
"12/14/2007","AQS","340070003","1","0.013","ppm","12","CAMDEN LAB","17","100.0000","44201","Ozone","37980","Philadelphia-Camden-Wilmington, PA-NJ-DE-MD","34","New Jersey","007","Camden","39.923042","-75.097617"
"12/15/2007","AQS","340070003","1","0.03","ppm","28","CAMDEN LAB","17","100.0000","44201","Ozone","37980","Philadelphia-Camden-Wilmington, PA-NJ-DE-MD","34","New Jersey","007","Camden","39.923042","-75.097617"
"12/16/2007","AQS","340070003","1","0.028","ppm","26","CAMDEN LAB","17","100.0000","44201","Ozone","37980","Philadelphia-Camden-Wilmington, PA-NJ-DE-MD","34","New Jersey","007","Camden","39.923042","-75.097617"
"12/17/2007","AQS","340070003","1","0.032","ppm","30","CAMDEN LAB","17","100.0000","44201","Ozone","37980","Philadelphia-Camden-Wilmington, PA-NJ-DE-MD","34","New Jersey","007","Camden","39.923042","-75.097617"
"12/18/2007","AQS","340070003","1","0.012","ppm","11","CAMDEN LAB","17","100.0000","44201","Ozone","37980","Philadelphia-Camden-Wilmington, PA-NJ-DE-MD","34","New Jersey","007","Camden","39.923042","-75.097617"
"12/19/2007","AQS","340070003","1","0.017","ppm","16","CAMDEN LAB","17","100.0000","44201","Ozone","37980","Philadelphia-Camden-Wilmington, PA-NJ-DE-MD","34","New Jersey","007","Camden","39.923042","-75.097617"
"12/20/2007","AQS","340070003","1","0.018","ppm","17","CAMDEN LAB","17","100.0000","44201","Ozone","37980","Philadelphia-Camden-Wilmington, PA-NJ-DE-MD","34","New Jersey","007","Camden","39.923042","-75.097617"
"12/21/2007","AQS","340070003","1","0.02","ppm","19","CAMDEN LAB","17","100.0000","44201","Ozone","37980","Philadelphia-Camden-Wilmington, PA-NJ-DE-MD","34","New Jersey","007","Camden","39.923042","-75.097617"
"12/22/2007","AQS","340070003","1","0.017","ppm","16","CAMDEN LAB","17","100.0000","44201","Ozone","37980","Philadelphia-Camden-Wilmington, PA-NJ-DE-MD","34","New Jersey","007","Camden","39.923042","-75.097617"
"12/23/2007","AQS","340070003","1","0.032","ppm","30","CAMDEN LAB","17","100.0000","44201","Ozone","37980","Philadelphia-Camden-Wilmington, PA-NJ-DE-MD","34","New Jersey","007","Camden","39.923042","-75.097617"
"12/24/2007","AQS","340070003","1","0.02","ppm","19","CAMDEN LAB","17","100.0000","44201","Ozone","37980","Philadelphia-Camden-Wilmington, PA-NJ-DE-MD","34","New Jersey","007","Camden","39.923042","-75.097617"
"12/25/2007","AQS","340070003","1","0.016","ppm","15","CAMDEN LAB","17","100.0000","44201","Ozone","37980","Philadelphia-Camden-Wilmington, PA-NJ-DE-MD","34","New Jersey","007","Camden","39.923042","-75.097617"
"12/26/2007","AQS","340070003","1","0.001","ppm","1","CAMDEN LAB","17","100.0000","44201","Ozone","37980","Philadelphia-Camden-Wilmington, PA-NJ-DE-MD","34","New Jersey","007","Camden","39.923042","-75.097617"
"12/27/2007","AQS","340070003","1","0.001","ppm","1","CAMDEN LAB","17","100.0000","44201","Ozone","37980","Philadelphia-Camden-Wilmington, PA-NJ-DE-MD","34","New Jersey","007","Camden","39.923042","-75.097617"
"12/28/2007","AQS","340070003","1","0.02","ppm","19","CAMDEN LAB","17","100.0000","44201","Ozone","37980","Philadelphia-Camden-Wilmington, PA-NJ-DE-MD","34","New Jersey","007","Camden","39.923042","-75.097617"
"12/29/2007","AQS","340070003","1","0.016","ppm","15","CAMDEN LAB","17","100.0000","44201","Ozone","37980","Philadelphia-Camden-Wilmington, PA-NJ-DE-MD","34","New Jersey","007","Camden","39.923042","-75.097617"
"12/30/2007","AQS","340070003","1","0.011","ppm","10","CAMDEN LAB","17","100.0000","44201","Ozone","37980","Philadelphia-Camden-Wilmington, PA-NJ-DE-MD","34","New Jersey","007","Camden","39.923042","-75.097617"
"01/01/2007","AQS","340071001","1","0.034","ppm","31","Ancora State Hospital","17","100.0000","44201","Ozone","37980","Philadelphia-Camden-Wilmington, PA-NJ-DE-MD","34","New Jersey","007","Camden","39.68425","-74.861491"
"01/02/2007","AQS","340071001","1","0.03","ppm","28","Ancora State Hospital","17","100.0000","44201","Ozone","37980","Philadelphia-Camden-Wilmington, PA-NJ-DE-MD","34","New Jersey","007","Camden","39.68425","-74.861491"
"01/03/2007","AQS","340071001","1","0.023","ppm","21","Ancora State Hospital","17","100.0000","44201","Ozone","37980","Philadelphia-Camden-Wilmington, PA-NJ-DE-MD","34","New Jersey","007","Camden","39.68425","-74.861491"
"01/04/2007","AQS","340071001","1","0.024","ppm","22","Ancora State Hospital","17","100.0000","44201","Ozone","37980","Philadelphia-Camden-Wilmington, PA-NJ-DE-MD","34","New Jersey","007","Camden","39.68425","-74.861491"
"01/05/2007","AQS","340071001","1","0.023","ppm","21","Ancora State Hospital","17","100.0000","44201","Ozone","37980","Philadelphia-Camden-Wilmington, PA-NJ-DE-MD","34","New Jersey","007","Camden","39.68425","-74.861491"
"01/06/2007","AQS","340071001","1","0.031","ppm","29","Ancora State Hospital","17","100.0000","44201","Ozone","37980","Philadelphia-Camden-Wilmington, PA-NJ-DE-MD","34","New Jersey","007","Camden","39.68425","-74.861491"
"01/07/2007","AQS","340071001","1","0.033","ppm","31","Ancora State Hospital","17","100.0000","44201","Ozone","37980","Philadelphia-Camden-Wilmington, PA-NJ-DE-MD","34","New Jersey","007","Camden","39.68425","-74.861491"
"01/08/2007","AQS","340071001","1","0.03","ppm","28","Ancora State Hospital","17","100.0000","44201","Ozone","37980","Philadelphia-Camden-Wilmington, PA-NJ-DE-MD","34","New Jersey","007","Camden","39.68425","-74.861491"
"01/09/2007","AQS","340071001","1","0.028","ppm","26","Ancora State Hospital","17","100.0000","44201","Ozone","37980","Philadelphia-Camden-Wilmington, PA-NJ-DE-MD","34","New Jersey","007","Camden","39.68425","-74.861491"
"01/10/2007","AQS","340071001","1","0.029","ppm","27","Ancora State Hospital","17","100.0000","44201","Ozone","37980","Philadelphia-Camden-Wilmington, PA-NJ-DE-MD","34","New Jersey","007","Camden","39.68425","-74.861491"
"01/11/2007","AQS","340071001","1","0.027","ppm","25","Ancora State Hospital","17","100.0000","44201","Ozone","37980","Philadelphia-Camden-Wilmington, PA-NJ-DE-MD","34","New Jersey","007","Camden","39.68425","-74.861491"
"01/12/2007","AQS","340071001","1","0.023","ppm","21","Ancora State Hospital","17","100.0000","44201","Ozone","37980","Philadelphia-Camden-Wilmington, PA-NJ-DE-MD","34","New Jersey","007","Camden","39.68425","-74.861491"
"01/13/2007","AQS","340071001","1","0.02","ppm","19","Ancora State Hospital","17","100.0000","44201","Ozone","37980","Philadelphia-Camden-Wilmington, PA-NJ-DE-MD","34","New Jersey","007","Camden","39.68425","-74.861491"
"01/14/2007","AQS","340071001","1","0.011","ppm","10","Ancora State Hospital","17","100.0000","44201","Ozone","37980","Philadelphia-Camden-Wilmington, PA-NJ-DE-MD","34","New Jersey","007","Camden","39.68425","-74.861491"
"01/15/2007","AQS","340071001","1","0.03","ppm","28","Ancora State Hospital","17","100.0000","44201","Ozone","37980","Philadelphia-Camden-Wilmington, PA-NJ-DE-MD","34","New Jersey","007","Camden","39.68425","-74.861491"
"01/16/2007","AQS","340071001","1","0.03","ppm","28","Ancora State Hospital","17","100.0000","44201","Ozone","37980","Philadelphia-Camden-Wilmington, PA-NJ-DE-MD","34","New Jersey","007","Camden","39.68425","-74.861491"
"01/17/2007","AQS","340071001","1","0.03","ppm","28","Ancora State Hospital","17","100.0000","44201","Ozone","37980","Philadelphia-Camden-Wilmington, PA-NJ-DE-MD","34","New Jersey","007","Camden","39.68425","-74.861491"
"01/18/2007","AQS","340071001","1","0.016","ppm","15","Ancora State Hospital","17","100.0000","44201","Ozone","37980","Philadelphia-Camden-Wilmington, PA-NJ-DE-MD","34","New Jersey","007","Camden","39.68425","-74.861491"
"01/19/2007","AQS","340071001","1","0.026","ppm","24","Ancora State Hospital","17","100.0000","44201","Ozone","37980","Philadelphia-Camden-Wilmington, PA-NJ-DE-MD","34","New Jersey","007","Camden","39.68425","-74.861491"
"01/20/2007","AQS","340071001","1","0.033","ppm","31","Ancora State Hospital","17","100.0000","44201","Ozone","37980","Philadelphia-Camden-Wilmington, PA-NJ-DE-MD","34","New Jersey","007","Camden","39.68425","-74.861491"
"01/21/2007","AQS","340071001","1","0.031","ppm","29","Ancora State Hospital","17","100.0000","44201","Ozone","37980","Philadelphia-Camden-Wilmington, PA-NJ-DE-MD","34","New Jersey","007","Camden","39.68425","-74.861491"
"01/22/2007","AQS","340071001","1","0.016","ppm","15","Ancora State Hospital","17","100.0000","44201","Ozone","37980","Philadelphia-Camden-Wilmington, PA-NJ-DE-MD","34","New Jersey","007","Camden","39.68425","-74.861491"
"01/23/2007","AQS","340071001","1","0.023","ppm","21","Ancora State Hospital","17","100.0000","44201","Ozone","37980","Philadelphia-Camden-Wilmington, PA-NJ-DE-MD","34","New Jersey","007","Camden","39.68425","-74.861491"
"01/24/2007","AQS","340071001","1","0.02","ppm","19","Ancora State Hospital","17","100.0000","44201","Ozone","37980","Philadelphia-Camden-Wilmington, PA-NJ-DE-MD","34","New Jersey","007","Camden","39.68425","-74.861491"
"01/25/2007","AQS","340071001","1","0.031","ppm","29","Ancora State Hospital","17","100.0000","44201","Ozone","37980","Philadelphia-Camden-Wilmington, PA-NJ-DE-MD","34","New Jersey","007","Camden","39.68425","-74.861491"
"01/26/2007","AQS","340071001","1","0.032","ppm","30","Ancora State Hospital","17","100.0000","44201","Ozone","37980","Philadelphia-Camden-Wilmington, PA-NJ-DE-MD","34","New Jersey","007","Camden","39.68425","-74.861491"
"01/27/2007","AQS","340071001","1","0.029","ppm","27","Ancora State Hospital","17","100.0000","44201","Ozone","37980","Philadelphia-Camden-Wilmington, PA-NJ-DE-MD","34","New Jersey","007","Camden","39.68425","-74.861491"
"01/28/2007","AQS","340071001","1","0.024","ppm","22","Ancora State Hospital","17","100.0000","44201","Ozone","37980","Philadelphia-Camden-Wilmington, PA-NJ-DE-MD","34","New Jersey","007","Camden","39.68425","-74.861491"
"01/29/2007","AQS","340071001","1","0.031","ppm","29","Ancora State Hospital","17","100.0000","44201","Ozone","37980","Philadelphia-Camden-Wilmington, PA-NJ-DE-MD","34","New Jersey","007","Camden","39.68425","-74.861491"
"01/30/2007","AQS","340071001","1","0.032","ppm","30","Ancora State Hospital","17","100.0000","44201","Ozone","37980","Philadelphia-Camden-Wilmington, PA-NJ-DE-MD","34","New Jersey","007","Camden","39.68425","-74.861491"
"01/31/2007","AQS","340071001","1","0.026","ppm","24","Ancora State Hospital","17","100.0000","44201","Ozone","37980","Philadelphia-Camden-Wilmington, PA-NJ-DE-MD","34","New Jersey","007","Camden","39.68425","-74.861491"
"02/01/2007","AQS","340071001","1","0.026","ppm","24","Ancora State Hospital","17","100.0000","44201","Ozone","37980","Philadelphia-Camden-Wilmington, PA-NJ-DE-MD","34","New Jersey","007","Camden","39.68425","-74.861491"
"02/02/2007","AQS","340071001","1","0.017","ppm","16","Ancora State Hospital","17","100.0000","44201","Ozone","37980","Philadelphia-Camden-Wilmington, PA-NJ-DE-MD","34","New Jersey","007","Camden","39.68425","-74.861491"
"02/03/2007","AQS","340071001","1","0.033","ppm","31","Ancora State Hospital","17","100.0000","44201","Ozone","37980","Philadelphia-Camden-Wilmington, PA-NJ-DE-MD","34","New Jersey","007","Camden","39.68425","-74.861491"
"02/04/2007","AQS","340071001","1","0.032","ppm","30","Ancora State Hospital","17","100.0000","44201","Ozone","37980","Philadelphia-Camden-Wilmington, PA-NJ-DE-MD","34","New Jersey","007","Camden","39.68425","-74.861491"
"02/05/2007","AQS","340071001","1","0.03","ppm","28","Ancora State Hospital","17","100.0000","44201","Ozone","37980","Philadelphia-Camden-Wilmington, PA-NJ-DE-MD","34","New Jersey","007","Camden","39.68425","-74.861491"
"02/06/2007","AQS","340071001","1","0.027","ppm","25","Ancora State Hospital","17","100.0000","44201","Ozone","37980","Philadelphia-Camden-Wilmington, PA-NJ-DE-MD","34","New Jersey","007","Camden","39.68425","-74.861491"
"02/07/2007","AQS","340071001","1","0.029","ppm","27","Ancora State Hospital","17","100.0000","44201","Ozone","37980","Philadelphia-Camden-Wilmington, PA-NJ-DE-MD","34","New Jersey","007","Camden","39.68425","-74.861491"
"02/08/2007","AQS","340071001","1","0.032","ppm","30","Ancora State Hospital","17","100.0000","44201","Ozone","37980","Philadelphia-Camden-Wilmington, PA-NJ-DE-MD","34","New Jersey","007","Camden","39.68425","-74.861491"
"02/09/2007","AQS","340071001","1","0.03","ppm","28","Ancora State Hospital","17","100.0000","44201","Ozone","37980","Philadelphia-Camden-Wilmington, PA-NJ-DE-MD","34","New Jersey","007","Camden","39.68425","-74.861491"
"02/10/2007","AQS","340071001","1","0.032","ppm","30","Ancora State Hospital","17","100.0000","44201","Ozone","37980","Philadelphia-Camden-Wilmington, PA-NJ-DE-MD","34","New Jersey","007","Camden","39.68425","-74.861491"
"02/11/2007","AQS","340071001","1","0.034","ppm","31","Ancora State Hospital","17","100.0000","44201","Ozone","37980","Philadelphia-Camden-Wilmington, PA-NJ-DE-MD","34","New Jersey","007","Camden","39.68425","-74.861491"
"02/12/2007","AQS","340071001","1","0.028","ppm","26","Ancora State Hospital","17","100.0000","44201","Ozone","37980","Philadelphia-Camden-Wilmington, PA-NJ-DE-MD","34","New Jersey","007","Camden","39.68425","-74.861491"
"02/13/2007","AQS","340071001","1","0.036","ppm","33","Ancora State Hospital","17","100.0000","44201","Ozone","37980","Philadelphia-Camden-Wilmington, PA-NJ-DE-MD","34","New Jersey","007","Camden","39.68425","-74.861491"
"02/14/2007","AQS","340071001","1","0.032","ppm","30","Ancora State Hospital","17","100.0000","44201","Ozone","37980","Philadelphia-Camden-Wilmington, PA-NJ-DE-MD","34","New Jersey","007","Camden","39.68425","-74.861491"
"02/15/2007","AQS","340071001","1","0.035","ppm","32","Ancora State Hospital","17","100.0000","44201","Ozone","37980","Philadelphia-Camden-Wilmington, PA-NJ-DE-MD","34","New Jersey","007","Camden","39.68425","-74.861491"
"02/16/2007","AQS","340071001","1","0.034","ppm","31","Ancora State Hospital","17","100.0000","44201","Ozone","37980","Philadelphia-Camden-Wilmington, PA-NJ-DE-MD","34","New Jersey","007","Camden","39.68425","-74.861491"
"02/17/2007","AQS","340071001","1","0.036","ppm","33","Ancora State Hospital","17","100.0000","44201","Ozone","37980","Philadelphia-Camden-Wilmington, PA-NJ-DE-MD","34","New Jersey","007","Camden","39.68425","-74.861491"
"02/18/2007","AQS","340071001","1","0.039","ppm","36","Ancora State Hospital","17","100.0000","44201","Ozone","37980","Philadelphia-Camden-Wilmington, PA-NJ-DE-MD","34","New Jersey","007","Camden","39.68425","-74.861491"
"02/19/2007","AQS","340071001","1","0.039","ppm","36","Ancora State Hospital","17","100.0000","44201","Ozone","37980","Philadelphia-Camden-Wilmington, PA-NJ-DE-MD","34","New Jersey","007","Camden","39.68425","-74.861491"
"02/20/2007","AQS","340071001","1","0.036","ppm","33","Ancora State Hospital","17","100.0000","44201","Ozone","37980","Philadelphia-Camden-Wilmington, PA-NJ-DE-MD","34","New Jersey","007","Camden","39.68425","-74.861491"
"02/21/2007","AQS","340071001","1","0.037","ppm","34","Ancora State Hospital","17","100.0000","44201","Ozone","37980","Philadelphia-Camden-Wilmington, PA-NJ-DE-MD","34","New Jersey","007","Camden","39.68425","-74.861491"
"02/22/2007","AQS","340071001","1","0.03","ppm","28","Ancora State Hospital","17","100.0000","44201","Ozone","37980","Philadelphia-Camden-Wilmington, PA-NJ-DE-MD","34","New Jersey","007","Camden","39.68425","-74.861491"
"02/23/2007","AQS","340071001","1","0.038","ppm","35","Ancora State Hospital","17","100.0000","44201","Ozone","37980","Philadelphia-Camden-Wilmington, PA-NJ-DE-MD","34","New Jersey","007","Camden","39.68425","-74.861491"
"02/24/2007","AQS","340071001","1","0.038","ppm","35","Ancora State Hospital","17","100.0000","44201","Ozone","37980","Philadelphia-Camden-Wilmington, PA-NJ-DE-MD","34","New Jersey","007","Camden","39.68425","-74.861491"
"02/25/2007","AQS","340071001","1","0.031","ppm","29","Ancora State Hospital","17","100.0000","44201","Ozone","37980","Philadelphia-Camden-Wilmington, PA-NJ-DE-MD","34","New Jersey","007","Camden","39.68425","-74.861491"
"02/26/2007","AQS","340071001","1","0.011","ppm","10","Ancora State Hospital","17","100.0000","44201","Ozone","37980","Philadelphia-Camden-Wilmington, PA-NJ-DE-MD","34","New Jersey","007","Camden","39.68425","-74.861491"
"02/27/2007","AQS","340071001","1","0.025","ppm","23","Ancora State Hospital","17","100.0000","44201","Ozone","37980","Philadelphia-Camden-Wilmington, PA-NJ-DE-MD","34","New Jersey","007","Camden","39.68425","-74.861491"
"02/28/2007","AQS","340071001","1","0.025","ppm","23","Ancora State Hospital","17","100.0000","44201","Ozone","37980","Philadelphia-Camden-Wilmington, PA-NJ-DE-MD","34","New Jersey","007","Camden","39.68425","-74.861491"
"03/01/2007","AQS","340071001","1","0.051","ppm","47","Ancora State Hospital","17","100.0000","44201","Ozone","37980","Philadelphia-Camden-Wilmington, PA-NJ-DE-MD","34","New Jersey","007","Camden","39.68425","-74.861491"
"03/02/2007","AQS","340071001","1","0.045","ppm","42","Ancora State Hospital","17","100.0000","44201","Ozone","37980","Philadelphia-Camden-Wilmington, PA-NJ-DE-MD","34","New Jersey","007","Camden","39.68425","-74.861491"
"03/03/2007","AQS","340071001","1","0.044","ppm","41","Ancora State Hospital","17","100.0000","44201","Ozone","37980","Philadelphia-Camden-Wilmington, PA-NJ-DE-MD","34","New Jersey","007","Camden","39.68425","-74.861491"
"03/04/2007","AQS","340071001","1","0.037","ppm","34","Ancora State Hospital","17","100.0000","44201","Ozone","37980","Philadelphia-Camden-Wilmington, PA-NJ-DE-MD","34","New Jersey","007","Camden","39.68425","-74.861491"
"03/05/2007","AQS","340071001","1","0.042","ppm","39","Ancora State Hospital","17","100.0000","44201","Ozone","37980","Philadelphia-Camden-Wilmington, PA-NJ-DE-MD","34","New Jersey","007","Camden","39.68425","-74.861491"
"03/06/2007","AQS","340071001","1","0.039","ppm","36","Ancora State Hospital","17","100.0000","44201","Ozone","37980","Philadelphia-Camden-Wilmington, PA-NJ-DE-MD","34","New Jersey","007","Camden","39.68425","-74.861491"
"03/07/2007","AQS","340071001","1","0.034","ppm","31","Ancora State Hospital","17","100.0000","44201","Ozone","37980","Philadelphia-Camden-Wilmington, PA-NJ-DE-MD","34","New Jersey","007","Camden","39.68425","-74.861491"
"03/08/2007","AQS","340071001","1","0.041","ppm","38","Ancora State Hospital","17","100.0000","44201","Ozone","37980","Philadelphia-Camden-Wilmington, PA-NJ-DE-MD","34","New Jersey","007","Camden","39.68425","-74.861491"
"03/09/2007","AQS","340071001","1","0.04","ppm","37","Ancora State Hospital","17","100.0000","44201","Ozone","37980","Philadelphia-Camden-Wilmington, PA-NJ-DE-MD","34","New Jersey","007","Camden","39.68425","-74.861491"
"03/10/2007","AQS","340071001","1","0.048","ppm","44","Ancora State Hospital","17","100.0000","44201","Ozone","37980","Philadelphia-Camden-Wilmington, PA-NJ-DE-MD","34","New Jersey","007","Camden","39.68425","-74.861491"
"03/11/2007","AQS","340071001","1","0.048","ppm","44","Ancora State Hospital","17","100.0000","44201","Ozone","37980","Philadelphia-Camden-Wilmington, PA-NJ-DE-MD","34","New Jersey","007","Camden","39.68425","-74.861491"
"03/12/2007","AQS","340071001","1","0.041","ppm","38","Ancora State Hospital","17","100.0000","44201","Ozone","37980","Philadelphia-Camden-Wilmington, PA-NJ-DE-MD","34","New Jersey","007","Camden","39.68425","-74.861491"
"03/13/2007","AQS","340071001","1","0.058","ppm","61","Ancora State Hospital","17","100.0000","44201","Ozone","37980","Philadelphia-Camden-Wilmington, PA-NJ-DE-MD","34","New Jersey","007","Camden","39.68425","-74.861491"
"03/14/2007","AQS","340071001","1","0.069","ppm","97","Ancora State Hospital","17","100.0000","44201","Ozone","37980","Philadelphia-Camden-Wilmington, PA-NJ-DE-MD","34","New Jersey","007","Camden","39.68425","-74.861491"
"03/15/2007","AQS","340071001","1","0.044","ppm","41","Ancora State Hospital","17","100.0000","44201","Ozone","37980","Philadelphia-Camden-Wilmington, PA-NJ-DE-MD","34","New Jersey","007","Camden","39.68425","-74.861491"
"03/16/2007","AQS","340071001","1","0.035","ppm","32","Ancora State Hospital","17","100.0000","44201","Ozone","37980","Philadelphia-Camden-Wilmington, PA-NJ-DE-MD","34","New Jersey","007","Camden","39.68425","-74.861491"
"03/17/2007","AQS","340071001","1","0.041","ppm","38","Ancora State Hospital","17","100.0000","44201","Ozone","37980","Philadelphia-Camden-Wilmington, PA-NJ-DE-MD","34","New Jersey","007","Camden","39.68425","-74.861491"
"03/18/2007","AQS","340071001","1","0.046","ppm","43","Ancora State Hospital","17","100.0000","44201","Ozone","37980","Philadelphia-Camden-Wilmington, PA-NJ-DE-MD","34","New Jersey","007","Camden","39.68425","-74.861491"
"03/19/2007","AQS","340071001","1","0.051","ppm","47","Ancora State Hospital","17","100.0000","44201","Ozone","37980","Philadelphia-Camden-Wilmington, PA-NJ-DE-MD","34","New Jersey","007","Camden","39.68425","-74.861491"
"03/20/2007","AQS","340071001","1","0.048","ppm","44","Ancora State Hospital","17","100.0000","44201","Ozone","37980","Philadelphia-Camden-Wilmington, PA-NJ-DE-MD","34","New Jersey","007","Camden","39.68425","-74.861491"
"03/21/2007","AQS","340071001","1","0.047","ppm","44","Ancora State Hospital","17","100.0000","44201","Ozone","37980","Philadelphia-Camden-Wilmington, PA-NJ-DE-MD","34","New Jersey","007","Camden","39.68425","-74.861491"
"03/25/2007","AQS","340071001","1","0.041","ppm","38","Ancora State Hospital","17","100.0000","44201","Ozone","37980","Philadelphia-Camden-Wilmington, PA-NJ-DE-MD","34","New Jersey","007","Camden","39.68425","-74.861491"
"03/26/2007","AQS","340071001","1","0.042","ppm","39","Ancora State Hospital","17","100.0000","44201","Ozone","37980","Philadelphia-Camden-Wilmington, PA-NJ-DE-MD","34","New Jersey","007","Camden","39.68425","-74.861491"
"03/27/2007","AQS","340071001","1","0.054","ppm","50","Ancora State Hospital","17","100.0000","44201","Ozone","37980","Philadelphia-Camden-Wilmington, PA-NJ-DE-MD","34","New Jersey","007","Camden","39.68425","-74.861491"
"03/28/2007","AQS","340071001","1","0.047","ppm","44","Ancora State Hospital","17","100.0000","44201","Ozone","37980","Philadelphia-Camden-Wilmington, PA-NJ-DE-MD","34","New Jersey","007","Camden","39.68425","-74.861491"
"03/29/2007","AQS","340071001","1","0.047","ppm","44","Ancora State Hospital","17","100.0000","44201","Ozone","37980","Philadelphia-Camden-Wilmington, PA-NJ-DE-MD","34","New Jersey","007","Camden","39.68425","-74.861491"
"03/30/2007","AQS","340071001","1","0.042","ppm","39","Ancora State Hospital","17","100.0000","44201","Ozone","37980","Philadelphia-Camden-Wilmington, PA-NJ-DE-MD","34","New Jersey","007","Camden","39.68425","-74.861491"
"03/31/2007","AQS","340071001","1","0.048","ppm","44","Ancora State Hospital","17","100.0000","44201","Ozone","37980","Philadelphia-Camden-Wilmington, PA-NJ-DE-MD","34","New Jersey","007","Camden","39.68425","-74.861491"
"04/01/2007","AQS","340071001","1","0.048","ppm","44","Ancora State Hospital","17","100.0000","44201","Ozone","37980","Philadelphia-Camden-Wilmington, PA-NJ-DE-MD","34","New Jersey","007","Camden","39.68425","-74.861491"
"04/02/2007","AQS","340071001","1","0.049","ppm","45","Ancora State Hospital","17","100.0000","44201","Ozone","37980","Philadelphia-Camden-Wilmington, PA-NJ-DE-MD","34","New Jersey","007","Camden","39.68425","-74.861491"
"04/03/2007","AQS","340071001","1","0.045","ppm","42","Ancora State Hospital","17","100.0000","44201","Ozone","37980","Philadelphia-Camden-Wilmington, PA-NJ-DE-MD","34","New Jersey","007","Camden","39.68425","-74.861491"
"04/04/2007","AQS","340071001","1","0.036","ppm","33","Ancora State Hospital","17","100.0000","44201","Ozone","37980","Philadelphia-Camden-Wilmington, PA-NJ-DE-MD","34","New Jersey","007","Camden","39.68425","-74.861491"
"04/05/2007","AQS","340071001","1","0.032","ppm","30","Ancora State Hospital","17","100.0000","44201","Ozone","37980","Philadelphia-Camden-Wilmington, PA-NJ-DE-MD","34","New Jersey","007","Camden","39.68425","-74.861491"
"04/06/2007","AQS","340071001","1","0.036","ppm","33","Ancora State Hospital","17","100.0000","44201","Ozone","37980","Philadelphia-Camden-Wilmington, PA-NJ-DE-MD","34","New Jersey","007","Camden","39.68425","-74.861491"
"04/07/2007","AQS","340071001","1","0.038","ppm","35","Ancora State Hospital","17","100.0000","44201","Ozone","37980","Philadelphia-Camden-Wilmington, PA-NJ-DE-MD","34","New Jersey","007","Camden","39.68425","-74.861491"
"04/08/2007","AQS","340071001","1","0.031","ppm","29","Ancora State Hospital","17","100.0000","44201","Ozone","37980","Philadelphia-Camden-Wilmington, PA-NJ-DE-MD","34","New Jersey","007","Camden","39.68425","-74.861491"
"04/09/2007","AQS","340071001","1","0.035","ppm","32","Ancora State Hospital","17","100.0000","44201","Ozone","37980","Philadelphia-Camden-Wilmington, PA-NJ-DE-MD","34","New Jersey","007","Camden","39.68425","-74.861491"
"04/10/2007","AQS","340071001","1","0.043","ppm","40","Ancora State Hospital","17","100.0000","44201","Ozone","37980","Philadelphia-Camden-Wilmington, PA-NJ-DE-MD","34","New Jersey","007","Camden","39.68425","-74.861491"
"04/11/2007","AQS","340071001","1","0.05","ppm","46","Ancora State Hospital","17","100.0000","44201","Ozone","37980","Philadelphia-Camden-Wilmington, PA-NJ-DE-MD","34","New Jersey","007","Camden","39.68425","-74.861491"
"04/12/2007","AQS","340071001","1","0.046","ppm","43","Ancora State Hospital","17","100.0000","44201","Ozone","37980","Philadelphia-Camden-Wilmington, PA-NJ-DE-MD","34","New Jersey","007","Camden","39.68425","-74.861491"
"04/13/2007","AQS","340071001","1","0.043","ppm","40","Ancora State Hospital","17","100.0000","44201","Ozone","37980","Philadelphia-Camden-Wilmington, PA-NJ-DE-MD","34","New Jersey","007","Camden","39.68425","-74.861491"
"04/14/2007","AQS","340071001","1","0.053","ppm","49","Ancora State Hospital","17","100.0000","44201","Ozone","37980","Philadelphia-Camden-Wilmington, PA-NJ-DE-MD","34","New Jersey","007","Camden","39.68425","-74.861491"
"04/15/2007","AQS","340071001","1","0.056","ppm","54","Ancora State Hospital","17","100.0000","44201","Ozone","37980","Philadelphia-Camden-Wilmington, PA-NJ-DE-MD","34","New Jersey","007","Camden","39.68425","-74.861491"
"04/16/2007","AQS","340071001","1","0.036","ppm","33","Ancora State Hospital","17","100.0000","44201","Ozone","37980","Philadelphia-Camden-Wilmington, PA-NJ-DE-MD","34","New Jersey","007","Camden","39.68425","-74.861491"
"04/17/2007","AQS","340071001","1","0.042","ppm","39","Ancora State Hospital","17","100.0000","44201","Ozone","37980","Philadelphia-Camden-Wilmington, PA-NJ-DE-MD","34","New Jersey","007","Camden","39.68425","-74.861491"
"04/18/2007","AQS","340071001","1","0.031","ppm","29","Ancora State Hospital","17","100.0000","44201","Ozone","37980","Philadelphia-Camden-Wilmington, PA-NJ-DE-MD","34","New Jersey","007","Camden","39.68425","-74.861491"
"04/19/2007","AQS","340071001","1","0.029","ppm","27","Ancora State Hospital","17","100.0000","44201","Ozone","37980","Philadelphia-Camden-Wilmington, PA-NJ-DE-MD","34","New Jersey","007","Camden","39.68425","-74.861491"
"04/20/2007","AQS","340071001","1","0.051","ppm","47","Ancora State Hospital","17","100.0000","44201","Ozone","37980","Philadelphia-Camden-Wilmington, PA-NJ-DE-MD","34","New Jersey","007","Camden","39.68425","-74.861491"
"04/21/2007","AQS","340071001","1","0.058","ppm","61","Ancora State Hospital","17","100.0000","44201","Ozone","37980","Philadelphia-Camden-Wilmington, PA-NJ-DE-MD","34","New Jersey","007","Camden","39.68425","-74.861491"
"04/22/2007","AQS","340071001","1","0.067","ppm","90","Ancora State Hospital","17","100.0000","44201","Ozone","37980","Philadelphia-Camden-Wilmington, PA-NJ-DE-MD","34","New Jersey","007","Camden","39.68425","-74.861491"
"04/23/2007","AQS","340071001","1","0.077","ppm","122","Ancora State Hospital","17","100.0000","44201","Ozone","37980","Philadelphia-Camden-Wilmington, PA-NJ-DE-MD","34","New Jersey","007","Camden","39.68425","-74.861491"
"04/24/2007","AQS","340071001","1","0.066","ppm","87","Ancora State Hospital","17","100.0000","44201","Ozone","37980","Philadelphia-Camden-Wilmington, PA-NJ-DE-MD","34","New Jersey","007","Camden","39.68425","-74.861491"
"04/25/2007","AQS","340071001","1","0.056","ppm","54","Ancora State Hospital","17","100.0000","44201","Ozone","37980","Philadelphia-Camden-Wilmington, PA-NJ-DE-MD","34","New Jersey","007","Camden","39.68425","-74.861491"
"04/26/2007","AQS","340071001","1","0.052","ppm","48","Ancora State Hospital","17","100.0000","44201","Ozone","37980","Philadelphia-Camden-Wilmington, PA-NJ-DE-MD","34","New Jersey","007","Camden","39.68425","-74.861491"
"04/28/2007","AQS","340071001","1","0.043","ppm","40","Ancora State Hospital","17","100.0000","44201","Ozone","37980","Philadelphia-Camden-Wilmington, PA-NJ-DE-MD","34","New Jersey","007","Camden","39.68425","-74.861491"
"04/29/2007","AQS","340071001","1","0.051","ppm","47","Ancora State Hospital","17","100.0000","44201","Ozone","37980","Philadelphia-Camden-Wilmington, PA-NJ-DE-MD","34","New Jersey","007","Camden","39.68425","-74.861491"
"04/30/2007","AQS","340071001","1","0.065","ppm","84","Ancora State Hospital","17","100.0000","44201","Ozone","37980","Philadelphia-Camden-Wilmington, PA-NJ-DE-MD","34","New Jersey","007","Camden","39.68425","-74.861491"
"05/01/2007","AQS","340071001","1","0.053","ppm","49","Ancora State Hospital","17","100.0000","44201","Ozone","37980","Philadelphia-Camden-Wilmington, PA-NJ-DE-MD","34","New Jersey","007","Camden","39.68425","-74.861491"
"05/02/2007","AQS","340071001","1","0.054","ppm","50","Ancora State Hospital","17","100.0000","44201","Ozone","37980","Philadelphia-Camden-Wilmington, PA-NJ-DE-MD","34","New Jersey","007","Camden","39.68425","-74.861491"
"05/03/2007","AQS","340071001","1","0.049","ppm","45","Ancora State Hospital","17","100.0000","44201","Ozone","37980","Philadelphia-Camden-Wilmington, PA-NJ-DE-MD","34","New Jersey","007","Camden","39.68425","-74.861491"
"05/04/2007","AQS","340071001","1","0.048","ppm","44","Ancora State Hospital","17","100.0000","44201","Ozone","37980","Philadelphia-Camden-Wilmington, PA-NJ-DE-MD","34","New Jersey","007","Camden","39.68425","-74.861491"
"05/05/2007","AQS","340071001","1","0.072","ppm","105","Ancora State Hospital","17","100.0000","44201","Ozone","37980","Philadelphia-Camden-Wilmington, PA-NJ-DE-MD","34","New Jersey","007","Camden","39.68425","-74.861491"
"05/06/2007","AQS","340071001","1","0.045","ppm","42","Ancora State Hospital","17","100.0000","44201","Ozone","37980","Philadelphia-Camden-Wilmington, PA-NJ-DE-MD","34","New Jersey","007","Camden","39.68425","-74.861491"
"05/07/2007","AQS","340071001","1","0.043","ppm","40","Ancora State Hospital","17","100.0000","44201","Ozone","37980","Philadelphia-Camden-Wilmington, PA-NJ-DE-MD","34","New Jersey","007","Camden","39.68425","-74.861491"
"05/08/2007","AQS","340071001","1","0.044","ppm","41","Ancora State Hospital","17","100.0000","44201","Ozone","37980","Philadelphia-Camden-Wilmington, PA-NJ-DE-MD","34","New Jersey","007","Camden","39.68425","-74.861491"
"05/09/2007","AQS","340071001","1","0.033","ppm","31","Ancora State Hospital","17","100.0000","44201","Ozone","37980","Philadelphia-Camden-Wilmington, PA-NJ-DE-MD","34","New Jersey","007","Camden","39.68425","-74.861491"
"05/10/2007","AQS","340071001","1","0.031","ppm","29","Ancora State Hospital","17","100.0000","44201","Ozone","37980","Philadelphia-Camden-Wilmington, PA-NJ-DE-MD","34","New Jersey","007","Camden","39.68425","-74.861491"
"05/11/2007","AQS","340071001","1","0.061","ppm","71","Ancora State Hospital","17","100.0000","44201","Ozone","37980","Philadelphia-Camden-Wilmington, PA-NJ-DE-MD","34","New Jersey","007","Camden","39.68425","-74.861491"
"05/12/2007","AQS","340071001","1","0.045","ppm","42","Ancora State Hospital","17","100.0000","44201","Ozone","37980","Philadelphia-Camden-Wilmington, PA-NJ-DE-MD","34","New Jersey","007","Camden","39.68425","-74.861491"
"05/13/2007","AQS","340071001","1","0.053","ppm","49","Ancora State Hospital","17","100.0000","44201","Ozone","37980","Philadelphia-Camden-Wilmington, PA-NJ-DE-MD","34","New Jersey","007","Camden","39.68425","-74.861491"
"05/14/2007","AQS","340071001","1","0.056","ppm","54","Ancora State Hospital","17","100.0000","44201","Ozone","37980","Philadelphia-Camden-Wilmington, PA-NJ-DE-MD","34","New Jersey","007","Camden","39.68425","-74.861491"
"05/15/2007","AQS","340071001","1","0.075","ppm","115","Ancora State Hospital","17","100.0000","44201","Ozone","37980","Philadelphia-Camden-Wilmington, PA-NJ-DE-MD","34","New Jersey","007","Camden","39.68425","-74.861491"
"05/16/2007","AQS","340071001","1","0.072","ppm","105","Ancora State Hospital","17","100.0000","44201","Ozone","37980","Philadelphia-Camden-Wilmington, PA-NJ-DE-MD","34","New Jersey","007","Camden","39.68425","-74.861491"
"05/17/2007","AQS","340071001","1","0.044","ppm","41","Ancora State Hospital","17","100.0000","44201","Ozone","37980","Philadelphia-Camden-Wilmington, PA-NJ-DE-MD","34","New Jersey","007","Camden","39.68425","-74.861491"
"05/18/2007","AQS","340071001","1","0.03","ppm","28","Ancora State Hospital","17","100.0000","44201","Ozone","37980","Philadelphia-Camden-Wilmington, PA-NJ-DE-MD","34","New Jersey","007","Camden","39.68425","-74.861491"
"05/19/2007","AQS","340071001","1","0.05","ppm","46","Ancora State Hospital","17","100.0000","44201","Ozone","37980","Philadelphia-Camden-Wilmington, PA-NJ-DE-MD","34","New Jersey","007","Camden","39.68425","-74.861491"
"05/20/2007","AQS","340071001","1","0.064","ppm","80","Ancora State Hospital","17","100.0000","44201","Ozone","37980","Philadelphia-Camden-Wilmington, PA-NJ-DE-MD","34","New Jersey","007","Camden","39.68425","-74.861491"
"05/21/2007","AQS","340071001","1","0.05","ppm","46","Ancora State Hospital","17","100.0000","44201","Ozone","37980","Philadelphia-Camden-Wilmington, PA-NJ-DE-MD","34","New Jersey","007","Camden","39.68425","-74.861491"
"05/22/2007","AQS","340071001","1","0.056","ppm","54","Ancora State Hospital","17","100.0000","44201","Ozone","37980","Philadelphia-Camden-Wilmington, PA-NJ-DE-MD","34","New Jersey","007","Camden","39.68425","-74.861491"
"05/23/2007","AQS","340071001","1","0.059","ppm","64","Ancora State Hospital","17","100.0000","44201","Ozone","37980","Philadelphia-Camden-Wilmington, PA-NJ-DE-MD","34","New Jersey","007","Camden","39.68425","-74.861491"
"05/24/2007","AQS","340071001","1","0.071","ppm","101","Ancora State Hospital","17","100.0000","44201","Ozone","37980","Philadelphia-Camden-Wilmington, PA-NJ-DE-MD","34","New Jersey","007","Camden","39.68425","-74.861491"
"05/25/2007","AQS","340071001","1","0.074","ppm","112","Ancora State Hospital","17","100.0000","44201","Ozone","37980","Philadelphia-Camden-Wilmington, PA-NJ-DE-MD","34","New Jersey","007","Camden","39.68425","-74.861491"
"05/26/2007","AQS","340071001","1","0.094","ppm","172","Ancora State Hospital","17","100.0000","44201","Ozone","37980","Philadelphia-Camden-Wilmington, PA-NJ-DE-MD","34","New Jersey","007","Camden","39.68425","-74.861491"
"05/27/2007","AQS","340071001","1","0.078","ppm","126","Ancora State Hospital","17","100.0000","44201","Ozone","37980","Philadelphia-Camden-Wilmington, PA-NJ-DE-MD","34","New Jersey","007","Camden","39.68425","-74.861491"
"05/28/2007","AQS","340071001","1","0.067","ppm","90","Ancora State Hospital","17","100.0000","44201","Ozone","37980","Philadelphia-Camden-Wilmington, PA-NJ-DE-MD","34","New Jersey","007","Camden","39.68425","-74.861491"
"05/29/2007","AQS","340071001","1","0.063","ppm","77","Ancora State Hospital","17","100.0000","44201","Ozone","37980","Philadelphia-Camden-Wilmington, PA-NJ-DE-MD","34","New Jersey","007","Camden","39.68425","-74.861491"
"05/31/2007","AQS","340071001","1","0.091","ppm","164","Ancora State Hospital","14","82.0000","44201","Ozone","37980","Philadelphia-Camden-Wilmington, PA-NJ-DE-MD","34","New Jersey","007","Camden","39.68425","-74.861491"
"06/01/2007","AQS","340071001","1","0.077","ppm","122","Ancora State Hospital","17","100.0000","44201","Ozone","37980","Philadelphia-Camden-Wilmington, PA-NJ-DE-MD","34","New Jersey","007","Camden","39.68425","-74.861491"
"06/02/2007","AQS","340071001","1","0.071","ppm","101","Ancora State Hospital","17","100.0000","44201","Ozone","37980","Philadelphia-Camden-Wilmington, PA-NJ-DE-MD","34","New Jersey","007","Camden","39.68425","-74.861491"
"06/03/2007","AQS","340071001","1","0.035","ppm","32","Ancora State Hospital","17","100.0000","44201","Ozone","37980","Philadelphia-Camden-Wilmington, PA-NJ-DE-MD","34","New Jersey","007","Camden","39.68425","-74.861491"
"06/04/2007","AQS","340071001","1","0.043","ppm","40","Ancora State Hospital","17","100.0000","44201","Ozone","37980","Philadelphia-Camden-Wilmington, PA-NJ-DE-MD","34","New Jersey","007","Camden","39.68425","-74.861491"
"06/05/2007","AQS","340071001","1","0.064","ppm","80","Ancora State Hospital","17","100.0000","44201","Ozone","37980","Philadelphia-Camden-Wilmington, PA-NJ-DE-MD","34","New Jersey","007","Camden","39.68425","-74.861491"
"06/06/2007","AQS","340071001","1","0.045","ppm","42","Ancora State Hospital","17","100.0000","44201","Ozone","37980","Philadelphia-Camden-Wilmington, PA-NJ-DE-MD","34","New Jersey","007","Camden","39.68425","-74.861491"
"06/07/2007","AQS","340071001","1","0.066","ppm","87","Ancora State Hospital","17","100.0000","44201","Ozone","37980","Philadelphia-Camden-Wilmington, PA-NJ-DE-MD","34","New Jersey","007","Camden","39.68425","-74.861491"
"06/08/2007","AQS","340071001","1","0.085","ppm","150","Ancora State Hospital","17","100.0000","44201","Ozone","37980","Philadelphia-Camden-Wilmington, PA-NJ-DE-MD","34","New Jersey","007","Camden","39.68425","-74.861491"
"06/09/2007","AQS","340071001","1","0.063","ppm","77","Ancora State Hospital","17","100.0000","44201","Ozone","37980","Philadelphia-Camden-Wilmington, PA-NJ-DE-MD","34","New Jersey","007","Camden","39.68425","-74.861491"
"06/10/2007","AQS","340071001","1","0.054","ppm","50","Ancora State Hospital","17","100.0000","44201","Ozone","37980","Philadelphia-Camden-Wilmington, PA-NJ-DE-MD","34","New Jersey","007","Camden","39.68425","-74.861491"
"06/11/2007","AQS","340071001","1","0.063","ppm","77","Ancora State Hospital","17","100.0000","44201","Ozone","37980","Philadelphia-Camden-Wilmington, PA-NJ-DE-MD","34","New Jersey","007","Camden","39.68425","-74.861491"
"06/12/2007","AQS","340071001","1","0.044","ppm","41","Ancora State Hospital","17","100.0000","44201","Ozone","37980","Philadelphia-Camden-Wilmington, PA-NJ-DE-MD","34","New Jersey","007","Camden","39.68425","-74.861491"
"06/13/2007","AQS","340071001","1","0.03","ppm","28","Ancora State Hospital","17","100.0000","44201","Ozone","37980","Philadelphia-Camden-Wilmington, PA-NJ-DE-MD","34","New Jersey","007","Camden","39.68425","-74.861491"
"06/14/2007","AQS","340071001","1","0.027","ppm","25","Ancora State Hospital","17","100.0000","44201","Ozone","37980","Philadelphia-Camden-Wilmington, PA-NJ-DE-MD","34","New Jersey","007","Camden","39.68425","-74.861491"
"06/15/2007","AQS","340071001","1","0.039","ppm","36","Ancora State Hospital","17","100.0000","44201","Ozone","37980","Philadelphia-Camden-Wilmington, PA-NJ-DE-MD","34","New Jersey","007","Camden","39.68425","-74.861491"
"06/16/2007","AQS","340071001","1","0.068","ppm","93","Ancora State Hospital","17","100.0000","44201","Ozone","37980","Philadelphia-Camden-Wilmington, PA-NJ-DE-MD","34","New Jersey","007","Camden","39.68425","-74.861491"
"06/17/2007","AQS","340071001","1","0.077","ppm","122","Ancora State Hospital","17","100.0000","44201","Ozone","37980","Philadelphia-Camden-Wilmington, PA-NJ-DE-MD","34","New Jersey","007","Camden","39.68425","-74.861491"
"06/18/2007","AQS","340071001","1","0.061","ppm","71","Ancora State Hospital","17","100.0000","44201","Ozone","37980","Philadelphia-Camden-Wilmington, PA-NJ-DE-MD","34","New Jersey","007","Camden","39.68425","-74.861491"
"06/19/2007","AQS","340071001","1","0.069","ppm","97","Ancora State Hospital","17","100.0000","44201","Ozone","37980","Philadelphia-Camden-Wilmington, PA-NJ-DE-MD","34","New Jersey","007","Camden","39.68425","-74.861491"
"06/20/2007","AQS","340071001","1","0.052","ppm","48","Ancora State Hospital","17","100.0000","44201","Ozone","37980","Philadelphia-Camden-Wilmington, PA-NJ-DE-MD","34","New Jersey","007","Camden","39.68425","-74.861491"
"06/21/2007","AQS","340071001","1","0.074","ppm","112","Ancora State Hospital","17","100.0000","44201","Ozone","37980","Philadelphia-Camden-Wilmington, PA-NJ-DE-MD","34","New Jersey","007","Camden","39.68425","-74.861491"
"06/22/2007","AQS","340071001","1","0.048","ppm","44","Ancora State Hospital","17","100.0000","44201","Ozone","37980","Philadelphia-Camden-Wilmington, PA-NJ-DE-MD","34","New Jersey","007","Camden","39.68425","-74.861491"
"06/23/2007","AQS","340071001","1","0.055","ppm","51","Ancora State Hospital","17","100.0000","44201","Ozone","37980","Philadelphia-Camden-Wilmington, PA-NJ-DE-MD","34","New Jersey","007","Camden","39.68425","-74.861491"
"06/24/2007","AQS","340071001","1","0.066","ppm","87","Ancora State Hospital","17","100.0000","44201","Ozone","37980","Philadelphia-Camden-Wilmington, PA-NJ-DE-MD","34","New Jersey","007","Camden","39.68425","-74.861491"
"06/25/2007","AQS","340071001","1","0.059","ppm","64","Ancora State Hospital","17","100.0000","44201","Ozone","37980","Philadelphia-Camden-Wilmington, PA-NJ-DE-MD","34","New Jersey","007","Camden","39.68425","-74.861491"
"06/26/2007","AQS","340071001","1","0.085","ppm","150","Ancora State Hospital","17","100.0000","44201","Ozone","37980","Philadelphia-Camden-Wilmington, PA-NJ-DE-MD","34","New Jersey","007","Camden","39.68425","-74.861491"
"06/27/2007","AQS","340071001","1","0.074","ppm","112","Ancora State Hospital","17","100.0000","44201","Ozone","37980","Philadelphia-Camden-Wilmington, PA-NJ-DE-MD","34","New Jersey","007","Camden","39.68425","-74.861491"
"06/28/2007","AQS","340071001","1","0.083","ppm","143","Ancora State Hospital","17","100.0000","44201","Ozone","37980","Philadelphia-Camden-Wilmington, PA-NJ-DE-MD","34","New Jersey","007","Camden","39.68425","-74.861491"
"06/29/2007","AQS","340071001","1","0.031","ppm","29","Ancora State Hospital","17","100.0000","44201","Ozone","37980","Philadelphia-Camden-Wilmington, PA-NJ-DE-MD","34","New Jersey","007","Camden","39.68425","-74.861491"
"06/30/2007","AQS","340071001","1","0.051","ppm","47","Ancora State Hospital","17","100.0000","44201","Ozone","37980","Philadelphia-Camden-Wilmington, PA-NJ-DE-MD","34","New Jersey","007","Camden","39.68425","-74.861491"
"07/01/2007","AQS","340071001","1","0.041","ppm","38","Ancora State Hospital","17","100.0000","44201","Ozone","37980","Philadelphia-Camden-Wilmington, PA-NJ-DE-MD","34","New Jersey","007","Camden","39.68425","-74.861491"
"07/02/2007","AQS","340071001","1","0.041","ppm","38","Ancora State Hospital","17","100.0000","44201","Ozone","37980","Philadelphia-Camden-Wilmington, PA-NJ-DE-MD","34","New Jersey","007","Camden","39.68425","-74.861491"
"07/03/2007","AQS","340071001","1","0.062","ppm","74","Ancora State Hospital","17","100.0000","44201","Ozone","37980","Philadelphia-Camden-Wilmington, PA-NJ-DE-MD","34","New Jersey","007","Camden","39.68425","-74.861491"
"07/04/2007","AQS","340071001","1","0.044","ppm","41","Ancora State Hospital","17","100.0000","44201","Ozone","37980","Philadelphia-Camden-Wilmington, PA-NJ-DE-MD","34","New Jersey","007","Camden","39.68425","-74.861491"
"07/05/2007","AQS","340071001","1","0.056","ppm","54","Ancora State Hospital","17","100.0000","44201","Ozone","37980","Philadelphia-Camden-Wilmington, PA-NJ-DE-MD","34","New Jersey","007","Camden","39.68425","-74.861491"
"07/06/2007","AQS","340071001","1","0.064","ppm","80","Ancora State Hospital","17","100.0000","44201","Ozone","37980","Philadelphia-Camden-Wilmington, PA-NJ-DE-MD","34","New Jersey","007","Camden","39.68425","-74.861491"
"07/07/2007","AQS","340071001","1","0.06","ppm","67","Ancora State Hospital","17","100.0000","44201","Ozone","37980","Philadelphia-Camden-Wilmington, PA-NJ-DE-MD","34","New Jersey","007","Camden","39.68425","-74.861491"
"07/08/2007","AQS","340071001","1","0.084","ppm","147","Ancora State Hospital","17","100.0000","44201","Ozone","37980","Philadelphia-Camden-Wilmington, PA-NJ-DE-MD","34","New Jersey","007","Camden","39.68425","-74.861491"
"07/09/2007","AQS","340071001","1","0.078","ppm","126","Ancora State Hospital","17","100.0000","44201","Ozone","37980","Philadelphia-Camden-Wilmington, PA-NJ-DE-MD","34","New Jersey","007","Camden","39.68425","-74.861491"
"07/10/2007","AQS","340071001","1","0.062","ppm","74","Ancora State Hospital","17","100.0000","44201","Ozone","37980","Philadelphia-Camden-Wilmington, PA-NJ-DE-MD","34","New Jersey","007","Camden","39.68425","-74.861491"
"07/11/2007","AQS","340071001","1","0.059","ppm","64","Ancora State Hospital","17","100.0000","44201","Ozone","37980","Philadelphia-Camden-Wilmington, PA-NJ-DE-MD","34","New Jersey","007","Camden","39.68425","-74.861491"
"07/12/2007","AQS","340071001","1","0.06","ppm","67","Ancora State Hospital","17","100.0000","44201","Ozone","37980","Philadelphia-Camden-Wilmington, PA-NJ-DE-MD","34","New Jersey","007","Camden","39.68425","-74.861491"
"07/13/2007","AQS","340071001","1","0.059","ppm","64","Ancora State Hospital","17","100.0000","44201","Ozone","37980","Philadelphia-Camden-Wilmington, PA-NJ-DE-MD","34","New Jersey","007","Camden","39.68425","-74.861491"
"07/14/2007","AQS","340071001","1","0.068","ppm","93","Ancora State Hospital","17","100.0000","44201","Ozone","37980","Philadelphia-Camden-Wilmington, PA-NJ-DE-MD","34","New Jersey","007","Camden","39.68425","-74.861491"
"07/15/2007","AQS","340071001","1","0.068","ppm","93","Ancora State Hospital","17","100.0000","44201","Ozone","37980","Philadelphia-Camden-Wilmington, PA-NJ-DE-MD","34","New Jersey","007","Camden","39.68425","-74.861491"
"07/16/2007","AQS","340071001","1","0.057","ppm","58","Ancora State Hospital","17","100.0000","44201","Ozone","37980","Philadelphia-Camden-Wilmington, PA-NJ-DE-MD","34","New Jersey","007","Camden","39.68425","-74.861491"
"07/17/2007","AQS","340071001","1","0.088","ppm","156","Ancora State Hospital","17","100.0000","44201","Ozone","37980","Philadelphia-Camden-Wilmington, PA-NJ-DE-MD","34","New Jersey","007","Camden","39.68425","-74.861491"
"07/18/2007","AQS","340071001","1","0.06","ppm","67","Ancora State Hospital","17","100.0000","44201","Ozone","37980","Philadelphia-Camden-Wilmington, PA-NJ-DE-MD","34","New Jersey","007","Camden","39.68425","-74.861491"
"07/30/2007","AQS","340071001","1","0.04","ppm","37","Ancora State Hospital","13","76.0000","44201","Ozone","37980","Philadelphia-Camden-Wilmington, PA-NJ-DE-MD","34","New Jersey","007","Camden","39.68425","-74.861491"
"07/31/2007","AQS","340071001","1","0.081","ppm","136","Ancora State Hospital","17","100.0000","44201","Ozone","37980","Philadelphia-Camden-Wilmington, PA-NJ-DE-MD","34","New Jersey","007","Camden","39.68425","-74.861491"
"08/01/2007","AQS","340071001","1","0.074","ppm","112","Ancora State Hospital","17","100.0000","44201","Ozone","37980","Philadelphia-Camden-Wilmington, PA-NJ-DE-MD","34","New Jersey","007","Camden","39.68425","-74.861491"
"08/02/2007","AQS","340071001","1","0.087","ppm","154","Ancora State Hospital","12","71.0000","44201","Ozone","37980","Philadelphia-Camden-Wilmington, PA-NJ-DE-MD","34","New Jersey","007","Camden","39.68425","-74.861491"
"08/03/2007","AQS","340071001","1","0.075","ppm","115","Ancora State Hospital","17","100.0000","44201","Ozone","37980","Philadelphia-Camden-Wilmington, PA-NJ-DE-MD","34","New Jersey","007","Camden","39.68425","-74.861491"
"08/04/2007","AQS","340071001","1","0.103","ppm","195","Ancora State Hospital","17","100.0000","44201","Ozone","37980","Philadelphia-Camden-Wilmington, PA-NJ-DE-MD","34","New Jersey","007","Camden","39.68425","-74.861491"
"08/05/2007","AQS","340071001","1","0.047","ppm","44","Ancora State Hospital","17","100.0000","44201","Ozone","37980","Philadelphia-Camden-Wilmington, PA-NJ-DE-MD","34","New Jersey","007","Camden","39.68425","-74.861491"
"08/06/2007","AQS","340071001","1","0.058","ppm","61","Ancora State Hospital","17","100.0000","44201","Ozone","37980","Philadelphia-Camden-Wilmington, PA-NJ-DE-MD","34","New Jersey","007","Camden","39.68425","-74.861491"
"08/07/2007","AQS","340071001","1","0.083","ppm","143","Ancora State Hospital","17","100.0000","44201","Ozone","37980","Philadelphia-Camden-Wilmington, PA-NJ-DE-MD","34","New Jersey","007","Camden","39.68425","-74.861491"
"08/08/2007","AQS","340071001","1","0.085","ppm","150","Ancora State Hospital","17","100.0000","44201","Ozone","37980","Philadelphia-Camden-Wilmington, PA-NJ-DE-MD","34","New Jersey","007","Camden","39.68425","-74.861491"
"08/09/2007","AQS","340071001","1","0.056","ppm","54","Ancora State Hospital","17","100.0000","44201","Ozone","37980","Philadelphia-Camden-Wilmington, PA-NJ-DE-MD","34","New Jersey","007","Camden","39.68425","-74.861491"
"08/10/2007","AQS","340071001","1","0.048","ppm","44","Ancora State Hospital","17","100.0000","44201","Ozone","37980","Philadelphia-Camden-Wilmington, PA-NJ-DE-MD","34","New Jersey","007","Camden","39.68425","-74.861491"
"08/11/2007","AQS","340071001","1","0.058","ppm","61","Ancora State Hospital","17","100.0000","44201","Ozone","37980","Philadelphia-Camden-Wilmington, PA-NJ-DE-MD","34","New Jersey","007","Camden","39.68425","-74.861491"
"08/12/2007","AQS","340071001","1","0.062","ppm","74","Ancora State Hospital","17","100.0000","44201","Ozone","37980","Philadelphia-Camden-Wilmington, PA-NJ-DE-MD","34","New Jersey","007","Camden","39.68425","-74.861491"
"08/13/2007","AQS","340071001","1","0.079","ppm","129","Ancora State Hospital","17","100.0000","44201","Ozone","37980","Philadelphia-Camden-Wilmington, PA-NJ-DE-MD","34","New Jersey","007","Camden","39.68425","-74.861491"
"08/14/2007","AQS","340071001","1","0.065","ppm","84","Ancora State Hospital","17","100.0000","44201","Ozone","37980","Philadelphia-Camden-Wilmington, PA-NJ-DE-MD","34","New Jersey","007","Camden","39.68425","-74.861491"
"08/15/2007","AQS","340071001","1","0.076","ppm","119","Ancora State Hospital","17","100.0000","44201","Ozone","37980","Philadelphia-Camden-Wilmington, PA-NJ-DE-MD","34","New Jersey","007","Camden","39.68425","-74.861491"
"08/16/2007","AQS","340071001","1","0.075","ppm","115","Ancora State Hospital","17","100.0000","44201","Ozone","37980","Philadelphia-Camden-Wilmington, PA-NJ-DE-MD","34","New Jersey","007","Camden","39.68425","-74.861491"
"08/17/2007","AQS","340071001","1","0.076","ppm","119","Ancora State Hospital","17","100.0000","44201","Ozone","37980","Philadelphia-Camden-Wilmington, PA-NJ-DE-MD","34","New Jersey","007","Camden","39.68425","-74.861491"
"08/18/2007","AQS","340071001","1","0.043","ppm","40","Ancora State Hospital","17","100.0000","44201","Ozone","37980","Philadelphia-Camden-Wilmington, PA-NJ-DE-MD","34","New Jersey","007","Camden","39.68425","-74.861491"
"08/19/2007","AQS","340071001","1","0.039","ppm","36","Ancora State Hospital","17","100.0000","44201","Ozone","37980","Philadelphia-Camden-Wilmington, PA-NJ-DE-MD","34","New Jersey","007","Camden","39.68425","-74.861491"
"08/20/2007","AQS","340071001","1","0.037","ppm","34","Ancora State Hospital","17","100.0000","44201","Ozone","37980","Philadelphia-Camden-Wilmington, PA-NJ-DE-MD","34","New Jersey","007","Camden","39.68425","-74.861491"
"08/21/2007","AQS","340071001","1","0.029","ppm","27","Ancora State Hospital","17","100.0000","44201","Ozone","37980","Philadelphia-Camden-Wilmington, PA-NJ-DE-MD","34","New Jersey","007","Camden","39.68425","-74.861491"
"08/22/2007","AQS","340071001","1","0.022","ppm","20","Ancora State Hospital","17","100.0000","44201","Ozone","37980","Philadelphia-Camden-Wilmington, PA-NJ-DE-MD","34","New Jersey","007","Camden","39.68425","-74.861491"
"08/23/2007","AQS","340071001","1","0.026","ppm","24","Ancora State Hospital","17","100.0000","44201","Ozone","37980","Philadelphia-Camden-Wilmington, PA-NJ-DE-MD","34","New Jersey","007","Camden","39.68425","-74.861491"
"08/24/2007","AQS","340071001","1","0.049","ppm","45","Ancora State Hospital","17","100.0000","44201","Ozone","37980","Philadelphia-Camden-Wilmington, PA-NJ-DE-MD","34","New Jersey","007","Camden","39.68425","-74.861491"
"08/25/2007","AQS","340071001","1","0.071","ppm","101","Ancora State Hospital","17","100.0000","44201","Ozone","37980","Philadelphia-Camden-Wilmington, PA-NJ-DE-MD","34","New Jersey","007","Camden","39.68425","-74.861491"
"08/26/2007","AQS","340071001","1","0.059","ppm","64","Ancora State Hospital","17","100.0000","44201","Ozone","37980","Philadelphia-Camden-Wilmington, PA-NJ-DE-MD","34","New Jersey","007","Camden","39.68425","-74.861491"
"08/27/2007","AQS","340071001","1","0.055","ppm","51","Ancora State Hospital","17","100.0000","44201","Ozone","37980","Philadelphia-Camden-Wilmington, PA-NJ-DE-MD","34","New Jersey","007","Camden","39.68425","-74.861491"
"08/28/2007","AQS","340071001","1","0.053","ppm","49","Ancora State Hospital","17","100.0000","44201","Ozone","37980","Philadelphia-Camden-Wilmington, PA-NJ-DE-MD","34","New Jersey","007","Camden","39.68425","-74.861491"
"08/29/2007","AQS","340071001","1","0.063","ppm","77","Ancora State Hospital","17","100.0000","44201","Ozone","37980","Philadelphia-Camden-Wilmington, PA-NJ-DE-MD","34","New Jersey","007","Camden","39.68425","-74.861491"
"08/30/2007","AQS","340071001","1","0.091","ppm","164","Ancora State Hospital","17","100.0000","44201","Ozone","37980","Philadelphia-Camden-Wilmington, PA-NJ-DE-MD","34","New Jersey","007","Camden","39.68425","-74.861491"
"08/31/2007","AQS","340071001","1","0.056","ppm","54","Ancora State Hospital","17","100.0000","44201","Ozone","37980","Philadelphia-Camden-Wilmington, PA-NJ-DE-MD","34","New Jersey","007","Camden","39.68425","-74.861491"
"09/01/2007","AQS","340071001","1","0.048","ppm","44","Ancora State Hospital","17","100.0000","44201","Ozone","37980","Philadelphia-Camden-Wilmington, PA-NJ-DE-MD","34","New Jersey","007","Camden","39.68425","-74.861491"
"09/02/2007","AQS","340071001","1","0.047","ppm","44","Ancora State Hospital","17","100.0000","44201","Ozone","37980","Philadelphia-Camden-Wilmington, PA-NJ-DE-MD","34","New Jersey","007","Camden","39.68425","-74.861491"
"09/03/2007","AQS","340071001","1","0.062","ppm","74","Ancora State Hospital","17","100.0000","44201","Ozone","37980","Philadelphia-Camden-Wilmington, PA-NJ-DE-MD","34","New Jersey","007","Camden","39.68425","-74.861491"
"09/04/2007","AQS","340071001","1","0.07","ppm","100","Ancora State Hospital","17","100.0000","44201","Ozone","37980","Philadelphia-Camden-Wilmington, PA-NJ-DE-MD","34","New Jersey","007","Camden","39.68425","-74.861491"
"09/05/2007","AQS","340071001","1","0.06","ppm","67","Ancora State Hospital","17","100.0000","44201","Ozone","37980","Philadelphia-Camden-Wilmington, PA-NJ-DE-MD","34","New Jersey","007","Camden","39.68425","-74.861491"
"09/07/2007","AQS","340071001","1","0.062","ppm","74","Ancora State Hospital","17","100.0000","44201","Ozone","37980","Philadelphia-Camden-Wilmington, PA-NJ-DE-MD","34","New Jersey","007","Camden","39.68425","-74.861491"
"09/08/2007","AQS","340071001","1","0.063","ppm","77","Ancora State Hospital","17","100.0000","44201","Ozone","37980","Philadelphia-Camden-Wilmington, PA-NJ-DE-MD","34","New Jersey","007","Camden","39.68425","-74.861491"
"09/09/2007","AQS","340071001","1","0.034","ppm","31","Ancora State Hospital","17","100.0000","44201","Ozone","37980","Philadelphia-Camden-Wilmington, PA-NJ-DE-MD","34","New Jersey","007","Camden","39.68425","-74.861491"
"09/10/2007","AQS","340071001","1","0.06","ppm","67","Ancora State Hospital","17","100.0000","44201","Ozone","37980","Philadelphia-Camden-Wilmington, PA-NJ-DE-MD","34","New Jersey","007","Camden","39.68425","-74.861491"
"09/11/2007","AQS","340071001","1","0.039","ppm","36","Ancora State Hospital","17","100.0000","44201","Ozone","37980","Philadelphia-Camden-Wilmington, PA-NJ-DE-MD","34","New Jersey","007","Camden","39.68425","-74.861491"
"09/12/2007","AQS","340071001","1","0.05","ppm","46","Ancora State Hospital","13","76.0000","44201","Ozone","37980","Philadelphia-Camden-Wilmington, PA-NJ-DE-MD","34","New Jersey","007","Camden","39.68425","-74.861491"
"09/13/2007","AQS","340071001","1","0.055","ppm","51","Ancora State Hospital","17","100.0000","44201","Ozone","37980","Philadelphia-Camden-Wilmington, PA-NJ-DE-MD","34","New Jersey","007","Camden","39.68425","-74.861491"
"09/14/2007","AQS","340071001","1","0.058","ppm","61","Ancora State Hospital","17","100.0000","44201","Ozone","37980","Philadelphia-Camden-Wilmington, PA-NJ-DE-MD","34","New Jersey","007","Camden","39.68425","-74.861491"
"09/15/2007","AQS","340071001","1","0.038","ppm","35","Ancora State Hospital","17","100.0000","44201","Ozone","37980","Philadelphia-Camden-Wilmington, PA-NJ-DE-MD","34","New Jersey","007","Camden","39.68425","-74.861491"
"09/16/2007","AQS","340071001","1","0.031","ppm","29","Ancora State Hospital","17","100.0000","44201","Ozone","37980","Philadelphia-Camden-Wilmington, PA-NJ-DE-MD","34","New Jersey","007","Camden","39.68425","-74.861491"
"09/17/2007","AQS","340071001","1","0.037","ppm","34","Ancora State Hospital","17","100.0000","44201","Ozone","37980","Philadelphia-Camden-Wilmington, PA-NJ-DE-MD","34","New Jersey","007","Camden","39.68425","-74.861491"
"09/18/2007","AQS","340071001","1","0.042","ppm","39","Ancora State Hospital","17","100.0000","44201","Ozone","37980","Philadelphia-Camden-Wilmington, PA-NJ-DE-MD","34","New Jersey","007","Camden","39.68425","-74.861491"
"09/19/2007","AQS","340071001","1","0.049","ppm","45","Ancora State Hospital","17","100.0000","44201","Ozone","37980","Philadelphia-Camden-Wilmington, PA-NJ-DE-MD","34","New Jersey","007","Camden","39.68425","-74.861491"
"09/20/2007","AQS","340071001","1","0.057","ppm","58","Ancora State Hospital","17","100.0000","44201","Ozone","37980","Philadelphia-Camden-Wilmington, PA-NJ-DE-MD","34","New Jersey","007","Camden","39.68425","-74.861491"
"09/21/2007","AQS","340071001","1","0.078","ppm","126","Ancora State Hospital","17","100.0000","44201","Ozone","37980","Philadelphia-Camden-Wilmington, PA-NJ-DE-MD","34","New Jersey","007","Camden","39.68425","-74.861491"
"09/22/2007","AQS","340071001","1","0.032","ppm","30","Ancora State Hospital","17","100.0000","44201","Ozone","37980","Philadelphia-Camden-Wilmington, PA-NJ-DE-MD","34","New Jersey","007","Camden","39.68425","-74.861491"
"09/23/2007","AQS","340071001","1","0.057","ppm","58","Ancora State Hospital","17","100.0000","44201","Ozone","37980","Philadelphia-Camden-Wilmington, PA-NJ-DE-MD","34","New Jersey","007","Camden","39.68425","-74.861491"
"09/24/2007","AQS","340071001","1","0.049","ppm","45","Ancora State Hospital","17","100.0000","44201","Ozone","37980","Philadelphia-Camden-Wilmington, PA-NJ-DE-MD","34","New Jersey","007","Camden","39.68425","-74.861491"
"09/25/2007","AQS","340071001","1","0.07","ppm","100","Ancora State Hospital","17","100.0000","44201","Ozone","37980","Philadelphia-Camden-Wilmington, PA-NJ-DE-MD","34","New Jersey","007","Camden","39.68425","-74.861491"
"09/26/2007","AQS","340071001","1","0.079","ppm","129","Ancora State Hospital","15","88.0000","44201","Ozone","37980","Philadelphia-Camden-Wilmington, PA-NJ-DE-MD","34","New Jersey","007","Camden","39.68425","-74.861491"
"09/27/2007","AQS","340071001","1","0.031","ppm","29","Ancora State Hospital","17","100.0000","44201","Ozone","37980","Philadelphia-Camden-Wilmington, PA-NJ-DE-MD","34","New Jersey","007","Camden","39.68425","-74.861491"
"09/28/2007","AQS","340071001","1","0.048","ppm","44","Ancora State Hospital","17","100.0000","44201","Ozone","37980","Philadelphia-Camden-Wilmington, PA-NJ-DE-MD","34","New Jersey","007","Camden","39.68425","-74.861491"
"09/29/2007","AQS","340071001","1","0.041","ppm","38","Ancora State Hospital","17","100.0000","44201","Ozone","37980","Philadelphia-Camden-Wilmington, PA-NJ-DE-MD","34","New Jersey","007","Camden","39.68425","-74.861491"
"09/30/2007","AQS","340071001","1","0.044","ppm","41","Ancora State Hospital","17","100.0000","44201","Ozone","37980","Philadelphia-Camden-Wilmington, PA-NJ-DE-MD","34","New Jersey","007","Camden","39.68425","-74.861491"
"10/01/2007","AQS","340071001","1","0.038","ppm","35","Ancora State Hospital","17","100.0000","44201","Ozone","37980","Philadelphia-Camden-Wilmington, PA-NJ-DE-MD","34","New Jersey","007","Camden","39.68425","-74.861491"
"10/02/2007","AQS","340071001","1","0.037","ppm","34","Ancora State Hospital","17","100.0000","44201","Ozone","37980","Philadelphia-Camden-Wilmington, PA-NJ-DE-MD","34","New Jersey","007","Camden","39.68425","-74.861491"
"10/03/2007","AQS","340071001","1","0.041","ppm","38","Ancora State Hospital","14","82.0000","44201","Ozone","37980","Philadelphia-Camden-Wilmington, PA-NJ-DE-MD","34","New Jersey","007","Camden","39.68425","-74.861491"
"10/04/2007","AQS","340071001","1","0.052","ppm","48","Ancora State Hospital","17","100.0000","44201","Ozone","37980","Philadelphia-Camden-Wilmington, PA-NJ-DE-MD","34","New Jersey","007","Camden","39.68425","-74.861491"
"10/05/2007","AQS","340071001","1","0.03","ppm","28","Ancora State Hospital","17","100.0000","44201","Ozone","37980","Philadelphia-Camden-Wilmington, PA-NJ-DE-MD","34","New Jersey","007","Camden","39.68425","-74.861491"
"10/06/2007","AQS","340071001","1","0.032","ppm","30","Ancora State Hospital","17","100.0000","44201","Ozone","37980","Philadelphia-Camden-Wilmington, PA-NJ-DE-MD","34","New Jersey","007","Camden","39.68425","-74.861491"
"10/07/2007","AQS","340071001","1","0.056","ppm","54","Ancora State Hospital","17","100.0000","44201","Ozone","37980","Philadelphia-Camden-Wilmington, PA-NJ-DE-MD","34","New Jersey","007","Camden","39.68425","-74.861491"
"10/08/2007","AQS","340071001","1","0.065","ppm","84","Ancora State Hospital","17","100.0000","44201","Ozone","37980","Philadelphia-Camden-Wilmington, PA-NJ-DE-MD","34","New Jersey","007","Camden","39.68425","-74.861491"
"10/09/2007","AQS","340071001","1","0.037","ppm","34","Ancora State Hospital","17","100.0000","44201","Ozone","37980","Philadelphia-Camden-Wilmington, PA-NJ-DE-MD","34","New Jersey","007","Camden","39.68425","-74.861491"
"10/10/2007","AQS","340071001","1","0.036","ppm","33","Ancora State Hospital","17","100.0000","44201","Ozone","37980","Philadelphia-Camden-Wilmington, PA-NJ-DE-MD","34","New Jersey","007","Camden","39.68425","-74.861491"
"10/11/2007","AQS","340071001","1","0.026","ppm","24","Ancora State Hospital","17","100.0000","44201","Ozone","37980","Philadelphia-Camden-Wilmington, PA-NJ-DE-MD","34","New Jersey","007","Camden","39.68425","-74.861491"
"10/14/2007","AQS","340071001","1","0.042","ppm","39","Ancora State Hospital","17","100.0000","44201","Ozone","37980","Philadelphia-Camden-Wilmington, PA-NJ-DE-MD","34","New Jersey","007","Camden","39.68425","-74.861491"
"10/15/2007","AQS","340071001","1","0.039","ppm","36","Ancora State Hospital","17","100.0000","44201","Ozone","37980","Philadelphia-Camden-Wilmington, PA-NJ-DE-MD","34","New Jersey","007","Camden","39.68425","-74.861491"
"10/16/2007","AQS","340071001","1","0.043","ppm","40","Ancora State Hospital","17","100.0000","44201","Ozone","37980","Philadelphia-Camden-Wilmington, PA-NJ-DE-MD","34","New Jersey","007","Camden","39.68425","-74.861491"
"10/17/2007","AQS","340071001","1","0.06","ppm","67","Ancora State Hospital","17","100.0000","44201","Ozone","37980","Philadelphia-Camden-Wilmington, PA-NJ-DE-MD","34","New Jersey","007","Camden","39.68425","-74.861491"
"10/18/2007","AQS","340071001","1","0.039","ppm","36","Ancora State Hospital","17","100.0000","44201","Ozone","37980","Philadelphia-Camden-Wilmington, PA-NJ-DE-MD","34","New Jersey","007","Camden","39.68425","-74.861491"
"10/19/2007","AQS","340071001","1","0.03","ppm","28","Ancora State Hospital","17","100.0000","44201","Ozone","37980","Philadelphia-Camden-Wilmington, PA-NJ-DE-MD","34","New Jersey","007","Camden","39.68425","-74.861491"
"10/20/2007","AQS","340071001","1","0.041","ppm","38","Ancora State Hospital","17","100.0000","44201","Ozone","37980","Philadelphia-Camden-Wilmington, PA-NJ-DE-MD","34","New Jersey","007","Camden","39.68425","-74.861491"
"10/21/2007","AQS","340071001","1","0.052","ppm","48","Ancora State Hospital","17","100.0000","44201","Ozone","37980","Philadelphia-Camden-Wilmington, PA-NJ-DE-MD","34","New Jersey","007","Camden","39.68425","-74.861491"
"10/22/2007","AQS","340071001","1","0.053","ppm","49","Ancora State Hospital","17","100.0000","44201","Ozone","37980","Philadelphia-Camden-Wilmington, PA-NJ-DE-MD","34","New Jersey","007","Camden","39.68425","-74.861491"
"10/23/2007","AQS","340071001","1","0.045","ppm","42","Ancora State Hospital","17","100.0000","44201","Ozone","37980","Philadelphia-Camden-Wilmington, PA-NJ-DE-MD","34","New Jersey","007","Camden","39.68425","-74.861491"
"10/24/2007","AQS","340071001","1","0.029","ppm","27","Ancora State Hospital","17","100.0000","44201","Ozone","37980","Philadelphia-Camden-Wilmington, PA-NJ-DE-MD","34","New Jersey","007","Camden","39.68425","-74.861491"
"10/25/2007","AQS","340071001","1","0.028","ppm","26","Ancora State Hospital","17","100.0000","44201","Ozone","37980","Philadelphia-Camden-Wilmington, PA-NJ-DE-MD","34","New Jersey","007","Camden","39.68425","-74.861491"
"10/26/2007","AQS","340071001","1","0.029","ppm","27","Ancora State Hospital","17","100.0000","44201","Ozone","37980","Philadelphia-Camden-Wilmington, PA-NJ-DE-MD","34","New Jersey","007","Camden","39.68425","-74.861491"
"10/27/2007","AQS","340071001","1","0.027","ppm","25","Ancora State Hospital","17","100.0000","44201","Ozone","37980","Philadelphia-Camden-Wilmington, PA-NJ-DE-MD","34","New Jersey","007","Camden","39.68425","-74.861491"
"10/28/2007","AQS","340071001","1","0.035","ppm","32","Ancora State Hospital","17","100.0000","44201","Ozone","37980","Philadelphia-Camden-Wilmington, PA-NJ-DE-MD","34","New Jersey","007","Camden","39.68425","-74.861491"
"10/29/2007","AQS","340071001","1","0.026","ppm","24","Ancora State Hospital","17","100.0000","44201","Ozone","37980","Philadelphia-Camden-Wilmington, PA-NJ-DE-MD","34","New Jersey","007","Camden","39.68425","-74.861491"
"10/30/2007","AQS","340071001","1","0.03","ppm","28","Ancora State Hospital","17","100.0000","44201","Ozone","37980","Philadelphia-Camden-Wilmington, PA-NJ-DE-MD","34","New Jersey","007","Camden","39.68425","-74.861491"
"10/31/2007","AQS","340071001","1","0.046","ppm","43","Ancora State Hospital","17","100.0000","44201","Ozone","37980","Philadelphia-Camden-Wilmington, PA-NJ-DE-MD","34","New Jersey","007","Camden","39.68425","-74.861491"
"11/01/2007","AQS","340071001","1","0.035","ppm","32","Ancora State Hospital","17","100.0000","44201","Ozone","37980","Philadelphia-Camden-Wilmington, PA-NJ-DE-MD","34","New Jersey","007","Camden","39.68425","-74.861491"
"11/02/2007","AQS","340071001","1","0.033","ppm","31","Ancora State Hospital","17","100.0000","44201","Ozone","37980","Philadelphia-Camden-Wilmington, PA-NJ-DE-MD","34","New Jersey","007","Camden","39.68425","-74.861491"
"11/03/2007","AQS","340071001","1","0.031","ppm","29","Ancora State Hospital","17","100.0000","44201","Ozone","37980","Philadelphia-Camden-Wilmington, PA-NJ-DE-MD","34","New Jersey","007","Camden","39.68425","-74.861491"
"11/04/2007","AQS","340071001","1","0.034","ppm","31","Ancora State Hospital","17","100.0000","44201","Ozone","37980","Philadelphia-Camden-Wilmington, PA-NJ-DE-MD","34","New Jersey","007","Camden","39.68425","-74.861491"
"11/05/2007","AQS","340071001","1","0.04","ppm","37","Ancora State Hospital","17","100.0000","44201","Ozone","37980","Philadelphia-Camden-Wilmington, PA-NJ-DE-MD","34","New Jersey","007","Camden","39.68425","-74.861491"
"11/06/2007","AQS","340071001","1","0.028","ppm","26","Ancora State Hospital","17","100.0000","44201","Ozone","37980","Philadelphia-Camden-Wilmington, PA-NJ-DE-MD","34","New Jersey","007","Camden","39.68425","-74.861491"
"11/07/2007","AQS","340071001","1","0.028","ppm","26","Ancora State Hospital","17","100.0000","44201","Ozone","37980","Philadelphia-Camden-Wilmington, PA-NJ-DE-MD","34","New Jersey","007","Camden","39.68425","-74.861491"
"11/08/2007","AQS","340071001","1","0.027","ppm","25","Ancora State Hospital","17","100.0000","44201","Ozone","37980","Philadelphia-Camden-Wilmington, PA-NJ-DE-MD","34","New Jersey","007","Camden","39.68425","-74.861491"
"11/09/2007","AQS","340071001","1","0.024","ppm","22","Ancora State Hospital","17","100.0000","44201","Ozone","37980","Philadelphia-Camden-Wilmington, PA-NJ-DE-MD","34","New Jersey","007","Camden","39.68425","-74.861491"
"11/10/2007","AQS","340071001","1","0.017","ppm","16","Ancora State Hospital","17","100.0000","44201","Ozone","37980","Philadelphia-Camden-Wilmington, PA-NJ-DE-MD","34","New Jersey","007","Camden","39.68425","-74.861491"
"11/11/2007","AQS","340071001","1","0.031","ppm","29","Ancora State Hospital","17","100.0000","44201","Ozone","37980","Philadelphia-Camden-Wilmington, PA-NJ-DE-MD","34","New Jersey","007","Camden","39.68425","-74.861491"
"11/12/2007","AQS","340071001","1","0.026","ppm","24","Ancora State Hospital","17","100.0000","44201","Ozone","37980","Philadelphia-Camden-Wilmington, PA-NJ-DE-MD","34","New Jersey","007","Camden","39.68425","-74.861491"
"11/13/2007","AQS","340071001","1","0.007","ppm","6","Ancora State Hospital","17","100.0000","44201","Ozone","37980","Philadelphia-Camden-Wilmington, PA-NJ-DE-MD","34","New Jersey","007","Camden","39.68425","-74.861491"
"11/14/2007","AQS","340071001","1","0.04","ppm","37","Ancora State Hospital","17","100.0000","44201","Ozone","37980","Philadelphia-Camden-Wilmington, PA-NJ-DE-MD","34","New Jersey","007","Camden","39.68425","-74.861491"
"11/15/2007","AQS","340071001","1","0.027","ppm","25","Ancora State Hospital","17","100.0000","44201","Ozone","37980","Philadelphia-Camden-Wilmington, PA-NJ-DE-MD","34","New Jersey","007","Camden","39.68425","-74.861491"
"11/16/2007","AQS","340071001","1","0.029","ppm","27","Ancora State Hospital","17","100.0000","44201","Ozone","37980","Philadelphia-Camden-Wilmington, PA-NJ-DE-MD","34","New Jersey","007","Camden","39.68425","-74.861491"
"11/17/2007","AQS","340071001","1","0.024","ppm","22","Ancora State Hospital","17","100.0000","44201","Ozone","37980","Philadelphia-Camden-Wilmington, PA-NJ-DE-MD","34","New Jersey","007","Camden","39.68425","-74.861491"
"11/18/2007","AQS","340071001","1","0.028","ppm","26","Ancora State Hospital","17","100.0000","44201","Ozone","37980","Philadelphia-Camden-Wilmington, PA-NJ-DE-MD","34","New Jersey","007","Camden","39.68425","-74.861491"
"11/19/2007","AQS","340071001","1","0.027","ppm","25","Ancora State Hospital","17","100.0000","44201","Ozone","37980","Philadelphia-Camden-Wilmington, PA-NJ-DE-MD","34","New Jersey","007","Camden","39.68425","-74.861491"
"11/20/2007","AQS","340071001","1","0.022","ppm","20","Ancora State Hospital","17","100.0000","44201","Ozone","37980","Philadelphia-Camden-Wilmington, PA-NJ-DE-MD","34","New Jersey","007","Camden","39.68425","-74.861491"
"11/21/2007","AQS","340071001","1","0.034","ppm","31","Ancora State Hospital","17","100.0000","44201","Ozone","37980","Philadelphia-Camden-Wilmington, PA-NJ-DE-MD","34","New Jersey","007","Camden","39.68425","-74.861491"
"11/22/2007","AQS","340071001","1","0.039","ppm","36","Ancora State Hospital","17","100.0000","44201","Ozone","37980","Philadelphia-Camden-Wilmington, PA-NJ-DE-MD","34","New Jersey","007","Camden","39.68425","-74.861491"
"11/23/2007","AQS","340071001","1","0.033","ppm","31","Ancora State Hospital","17","100.0000","44201","Ozone","37980","Philadelphia-Camden-Wilmington, PA-NJ-DE-MD","34","New Jersey","007","Camden","39.68425","-74.861491"
"11/24/2007","AQS","340071001","1","0.029","ppm","27","Ancora State Hospital","17","100.0000","44201","Ozone","37980","Philadelphia-Camden-Wilmington, PA-NJ-DE-MD","34","New Jersey","007","Camden","39.68425","-74.861491"
"11/25/2007","AQS","340071001","1","0.025","ppm","23","Ancora State Hospital","17","100.0000","44201","Ozone","37980","Philadelphia-Camden-Wilmington, PA-NJ-DE-MD","34","New Jersey","007","Camden","39.68425","-74.861491"
"11/26/2007","AQS","340071001","1","0.019","ppm","18","Ancora State Hospital","17","100.0000","44201","Ozone","37980","Philadelphia-Camden-Wilmington, PA-NJ-DE-MD","34","New Jersey","007","Camden","39.68425","-74.861491"
"11/27/2007","AQS","340071001","1","0.028","ppm","26","Ancora State Hospital","17","100.0000","44201","Ozone","37980","Philadelphia-Camden-Wilmington, PA-NJ-DE-MD","34","New Jersey","007","Camden","39.68425","-74.861491"
"11/28/2007","AQS","340071001","1","0.026","ppm","24","Ancora State Hospital","17","100.0000","44201","Ozone","37980","Philadelphia-Camden-Wilmington, PA-NJ-DE-MD","34","New Jersey","007","Camden","39.68425","-74.861491"
"11/29/2007","AQS","340071001","1","0.026","ppm","24","Ancora State Hospital","17","100.0000","44201","Ozone","37980","Philadelphia-Camden-Wilmington, PA-NJ-DE-MD","34","New Jersey","007","Camden","39.68425","-74.861491"
"11/30/2007","AQS","340071001","1","0.024","ppm","22","Ancora State Hospital","17","100.0000","44201","Ozone","37980","Philadelphia-Camden-Wilmington, PA-NJ-DE-MD","34","New Jersey","007","Camden","39.68425","-74.861491"
"12/01/2007","AQS","340071001","1","0.034","ppm","31","Ancora State Hospital","17","100.0000","44201","Ozone","37980","Philadelphia-Camden-Wilmington, PA-NJ-DE-MD","34","New Jersey","007","Camden","39.68425","-74.861491"
"12/02/2007","AQS","340071001","1","0.031","ppm","29","Ancora State Hospital","17","100.0000","44201","Ozone","37980","Philadelphia-Camden-Wilmington, PA-NJ-DE-MD","34","New Jersey","007","Camden","39.68425","-74.861491"
"12/03/2007","AQS","340071001","1","0.035","ppm","32","Ancora State Hospital","17","100.0000","44201","Ozone","37980","Philadelphia-Camden-Wilmington, PA-NJ-DE-MD","34","New Jersey","007","Camden","39.68425","-74.861491"
"12/04/2007","AQS","340071001","1","0.035","ppm","32","Ancora State Hospital","17","100.0000","44201","Ozone","37980","Philadelphia-Camden-Wilmington, PA-NJ-DE-MD","34","New Jersey","007","Camden","39.68425","-74.861491"
"12/05/2007","AQS","340071001","1","0.023","ppm","21","Ancora State Hospital","17","100.0000","44201","Ozone","37980","Philadelphia-Camden-Wilmington, PA-NJ-DE-MD","34","New Jersey","007","Camden","39.68425","-74.861491"
"12/06/2007","AQS","340071001","1","0.028","ppm","26","Ancora State Hospital","17","100.0000","44201","Ozone","37980","Philadelphia-Camden-Wilmington, PA-NJ-DE-MD","34","New Jersey","007","Camden","39.68425","-74.861491"
"12/07/2007","AQS","340071001","1","0.023","ppm","21","Ancora State Hospital","17","100.0000","44201","Ozone","37980","Philadelphia-Camden-Wilmington, PA-NJ-DE-MD","34","New Jersey","007","Camden","39.68425","-74.861491"
"12/08/2007","AQS","340071001","1","0.014","ppm","13","Ancora State Hospital","17","100.0000","44201","Ozone","37980","Philadelphia-Camden-Wilmington, PA-NJ-DE-MD","34","New Jersey","007","Camden","39.68425","-74.861491"
"12/09/2007","AQS","340071001","1","0.013","ppm","12","Ancora State Hospital","17","100.0000","44201","Ozone","37980","Philadelphia-Camden-Wilmington, PA-NJ-DE-MD","34","New Jersey","007","Camden","39.68425","-74.861491"
"12/10/2007","AQS","340071001","1","0.001","ppm","1","Ancora State Hospital","17","100.0000","44201","Ozone","37980","Philadelphia-Camden-Wilmington, PA-NJ-DE-MD","34","New Jersey","007","Camden","39.68425","-74.861491"
"12/11/2007","AQS","340071001","1","0.01","ppm","9","Ancora State Hospital","17","100.0000","44201","Ozone","37980","Philadelphia-Camden-Wilmington, PA-NJ-DE-MD","34","New Jersey","007","Camden","39.68425","-74.861491"
"12/12/2007","AQS","340071001","1","0.026","ppm","24","Ancora State Hospital","17","100.0000","44201","Ozone","37980","Philadelphia-Camden-Wilmington, PA-NJ-DE-MD","34","New Jersey","007","Camden","39.68425","-74.861491"
"12/13/2007","AQS","340071001","1","0.026","ppm","24","Ancora State Hospital","17","100.0000","44201","Ozone","37980","Philadelphia-Camden-Wilmington, PA-NJ-DE-MD","34","New Jersey","007","Camden","39.68425","-74.861491"
"12/14/2007","AQS","340071001","1","0.021","ppm","19","Ancora State Hospital","17","100.0000","44201","Ozone","37980","Philadelphia-Camden-Wilmington, PA-NJ-DE-MD","34","New Jersey","007","Camden","39.68425","-74.861491"
"12/15/2007","AQS","340071001","1","0.034","ppm","31","Ancora State Hospital","17","100.0000","44201","Ozone","37980","Philadelphia-Camden-Wilmington, PA-NJ-DE-MD","34","New Jersey","007","Camden","39.68425","-74.861491"
"12/16/2007","AQS","340071001","1","0.035","ppm","32","Ancora State Hospital","17","100.0000","44201","Ozone","37980","Philadelphia-Camden-Wilmington, PA-NJ-DE-MD","34","New Jersey","007","Camden","39.68425","-74.861491"
"12/17/2007","AQS","340071001","1","0.04","ppm","37","Ancora State Hospital","17","100.0000","44201","Ozone","37980","Philadelphia-Camden-Wilmington, PA-NJ-DE-MD","34","New Jersey","007","Camden","39.68425","-74.861491"
"12/18/2007","AQS","340071001","1","0.022","ppm","20","Ancora State Hospital","17","100.0000","44201","Ozone","37980","Philadelphia-Camden-Wilmington, PA-NJ-DE-MD","34","New Jersey","007","Camden","39.68425","-74.861491"
"12/19/2007","AQS","340071001","1","0.028","ppm","26","Ancora State Hospital","17","100.0000","44201","Ozone","37980","Philadelphia-Camden-Wilmington, PA-NJ-DE-MD","34","New Jersey","007","Camden","39.68425","-74.861491"
"12/20/2007","AQS","340071001","1","0.023","ppm","21","Ancora State Hospital","17","100.0000","44201","Ozone","37980","Philadelphia-Camden-Wilmington, PA-NJ-DE-MD","34","New Jersey","007","Camden","39.68425","-74.861491"
"12/21/2007","AQS","340071001","1","0.029","ppm","27","Ancora State Hospital","17","100.0000","44201","Ozone","37980","Philadelphia-Camden-Wilmington, PA-NJ-DE-MD","34","New Jersey","007","Camden","39.68425","-74.861491"
"12/22/2007","AQS","340071001","1","0.028","ppm","26","Ancora State Hospital","17","100.0000","44201","Ozone","37980","Philadelphia-Camden-Wilmington, PA-NJ-DE-MD","34","New Jersey","007","Camden","39.68425","-74.861491"
"12/23/2007","AQS","340071001","1","0.039","ppm","36","Ancora State Hospital","17","100.0000","44201","Ozone","37980","Philadelphia-Camden-Wilmington, PA-NJ-DE-MD","34","New Jersey","007","Camden","39.68425","-74.861491"
"12/24/2007","AQS","340071001","1","0.034","ppm","31","Ancora State Hospital","17","100.0000","44201","Ozone","37980","Philadelphia-Camden-Wilmington, PA-NJ-DE-MD","34","New Jersey","007","Camden","39.68425","-74.861491"
"12/25/2007","AQS","340071001","1","0.023","ppm","21","Ancora State Hospital","17","100.0000","44201","Ozone","37980","Philadelphia-Camden-Wilmington, PA-NJ-DE-MD","34","New Jersey","007","Camden","39.68425","-74.861491"
"12/26/2007","AQS","340071001","1","0.005","ppm","5","Ancora State Hospital","17","100.0000","44201","Ozone","37980","Philadelphia-Camden-Wilmington, PA-NJ-DE-MD","34","New Jersey","007","Camden","39.68425","-74.861491"
"12/27/2007","AQS","340071001","1","0.01","ppm","9","Ancora State Hospital","17","100.0000","44201","Ozone","37980","Philadelphia-Camden-Wilmington, PA-NJ-DE-MD","34","New Jersey","007","Camden","39.68425","-74.861491"
"12/28/2007","AQS","340071001","1","0.033","ppm","31","Ancora State Hospital","17","100.0000","44201","Ozone","37980","Philadelphia-Camden-Wilmington, PA-NJ-DE-MD","34","New Jersey","007","Camden","39.68425","-74.861491"
"12/29/2007","AQS","340071001","1","0.025","ppm","23","Ancora State Hospital","17","100.0000","44201","Ozone","37980","Philadelphia-Camden-Wilmington, PA-NJ-DE-MD","34","New Jersey","007","Camden","39.68425","-74.861491"
"12/30/2007","AQS","340071001","1","0.023","ppm","21","Ancora State Hospital","17","100.0000","44201","Ozone","37980","Philadelphia-Camden-Wilmington, PA-NJ-DE-MD","34","New Jersey","007","Camden","39.68425","-74.861491"
"01/02/2007","AQS","340110007","1","0.028","ppm","26","Millville","17","100.0000","44201","Ozone","47220","Vineland-Bridgeton, NJ","34","New Jersey","011","Cumberland","39.422273","-75.025204"
"01/03/2007","AQS","340110007","1","0.02","ppm","19","Millville","17","100.0000","44201","Ozone","47220","Vineland-Bridgeton, NJ","34","New Jersey","011","Cumberland","39.422273","-75.025204"
"01/04/2007","AQS","340110007","1","0.02","ppm","19","Millville","17","100.0000","44201","Ozone","47220","Vineland-Bridgeton, NJ","34","New Jersey","011","Cumberland","39.422273","-75.025204"
"01/05/2007","AQS","340110007","1","0.018","ppm","17","Millville","17","100.0000","44201","Ozone","47220","Vineland-Bridgeton, NJ","34","New Jersey","011","Cumberland","39.422273","-75.025204"
"01/06/2007","AQS","340110007","1","0.03","ppm","28","Millville","17","100.0000","44201","Ozone","47220","Vineland-Bridgeton, NJ","34","New Jersey","011","Cumberland","39.422273","-75.025204"
"01/07/2007","AQS","340110007","1","0.036","ppm","33","Millville","17","100.0000","44201","Ozone","47220","Vineland-Bridgeton, NJ","34","New Jersey","011","Cumberland","39.422273","-75.025204"
"01/08/2007","AQS","340110007","1","0.03","ppm","28","Millville","17","100.0000","44201","Ozone","47220","Vineland-Bridgeton, NJ","34","New Jersey","011","Cumberland","39.422273","-75.025204"
"01/09/2007","AQS","340110007","1","0.028","ppm","26","Millville","17","100.0000","44201","Ozone","47220","Vineland-Bridgeton, NJ","34","New Jersey","011","Cumberland","39.422273","-75.025204"
"01/10/2007","AQS","340110007","1","0.028","ppm","26","Millville","17","100.0000","44201","Ozone","47220","Vineland-Bridgeton, NJ","34","New Jersey","011","Cumberland","39.422273","-75.025204"
"01/11/2007","AQS","340110007","1","0.025","ppm","23","Millville","17","100.0000","44201","Ozone","47220","Vineland-Bridgeton, NJ","34","New Jersey","011","Cumberland","39.422273","-75.025204"
"01/12/2007","AQS","340110007","1","0.022","ppm","20","Millville","17","100.0000","44201","Ozone","47220","Vineland-Bridgeton, NJ","34","New Jersey","011","Cumberland","39.422273","-75.025204"
"01/13/2007","AQS","340110007","1","0.021","ppm","19","Millville","17","100.0000","44201","Ozone","47220","Vineland-Bridgeton, NJ","34","New Jersey","011","Cumberland","39.422273","-75.025204"
"01/14/2007","AQS","340110007","1","0.024","ppm","22","Millville","17","100.0000","44201","Ozone","47220","Vineland-Bridgeton, NJ","34","New Jersey","011","Cumberland","39.422273","-75.025204"
"01/15/2007","AQS","340110007","1","0.026","ppm","24","Millville","17","100.0000","44201","Ozone","47220","Vineland-Bridgeton, NJ","34","New Jersey","011","Cumberland","39.422273","-75.025204"
"01/16/2007","AQS","340110007","1","0.029","ppm","27","Millville","17","100.0000","44201","Ozone","47220","Vineland-Bridgeton, NJ","34","New Jersey","011","Cumberland","39.422273","-75.025204"
"01/17/2007","AQS","340110007","1","0.027","ppm","25","Millville","17","100.0000","44201","Ozone","47220","Vineland-Bridgeton, NJ","34","New Jersey","011","Cumberland","39.422273","-75.025204"
"01/18/2007","AQS","340110007","1","0.008","ppm","7","Millville","17","100.0000","44201","Ozone","47220","Vineland-Bridgeton, NJ","34","New Jersey","011","Cumberland","39.422273","-75.025204"
"01/19/2007","AQS","340110007","1","0.026","ppm","24","Millville","17","100.0000","44201","Ozone","47220","Vineland-Bridgeton, NJ","34","New Jersey","011","Cumberland","39.422273","-75.025204"
"01/20/2007","AQS","340110007","1","0.032","ppm","30","Millville","17","100.0000","44201","Ozone","47220","Vineland-Bridgeton, NJ","34","New Jersey","011","Cumberland","39.422273","-75.025204"
"01/21/2007","AQS","340110007","1","0.029","ppm","27","Millville","17","100.0000","44201","Ozone","47220","Vineland-Bridgeton, NJ","34","New Jersey","011","Cumberland","39.422273","-75.025204"
"01/22/2007","AQS","340110007","1","0.009","ppm","8","Millville","17","100.0000","44201","Ozone","47220","Vineland-Bridgeton, NJ","34","New Jersey","011","Cumberland","39.422273","-75.025204"
"01/23/2007","AQS","340110007","1","0.023","ppm","21","Millville","17","100.0000","44201","Ozone","47220","Vineland-Bridgeton, NJ","34","New Jersey","011","Cumberland","39.422273","-75.025204"
"01/24/2007","AQS","340110007","1","0.02","ppm","19","Millville","17","100.0000","44201","Ozone","47220","Vineland-Bridgeton, NJ","34","New Jersey","011","Cumberland","39.422273","-75.025204"
"01/25/2007","AQS","340110007","1","0.032","ppm","30","Millville","17","100.0000","44201","Ozone","47220","Vineland-Bridgeton, NJ","34","New Jersey","011","Cumberland","39.422273","-75.025204"
"01/26/2007","AQS","340110007","1","0.031","ppm","29","Millville","17","100.0000","44201","Ozone","47220","Vineland-Bridgeton, NJ","34","New Jersey","011","Cumberland","39.422273","-75.025204"
"01/27/2007","AQS","340110007","1","0.028","ppm","26","Millville","17","100.0000","44201","Ozone","47220","Vineland-Bridgeton, NJ","34","New Jersey","011","Cumberland","39.422273","-75.025204"
"01/28/2007","AQS","340110007","1","0.024","ppm","22","Millville","17","100.0000","44201","Ozone","47220","Vineland-Bridgeton, NJ","34","New Jersey","011","Cumberland","39.422273","-75.025204"
"01/29/2007","AQS","340110007","1","0.028","ppm","26","Millville","17","100.0000","44201","Ozone","47220","Vineland-Bridgeton, NJ","34","New Jersey","011","Cumberland","39.422273","-75.025204"
"01/30/2007","AQS","340110007","1","0.028","ppm","26","Millville","17","100.0000","44201","Ozone","47220","Vineland-Bridgeton, NJ","34","New Jersey","011","Cumberland","39.422273","-75.025204"
"01/31/2007","AQS","340110007","1","0.023","ppm","21","Millville","17","100.0000","44201","Ozone","47220","Vineland-Bridgeton, NJ","34","New Jersey","011","Cumberland","39.422273","-75.025204"
"02/01/2007","AQS","340110007","1","0.021","ppm","19","Millville","17","100.0000","44201","Ozone","47220","Vineland-Bridgeton, NJ","34","New Jersey","011","Cumberland","39.422273","-75.025204"
"02/02/2007","AQS","340110007","1","0.013","ppm","12","Millville","17","100.0000","44201","Ozone","47220","Vineland-Bridgeton, NJ","34","New Jersey","011","Cumberland","39.422273","-75.025204"
"02/03/2007","AQS","340110007","1","0.032","ppm","30","Millville","17","100.0000","44201","Ozone","47220","Vineland-Bridgeton, NJ","34","New Jersey","011","Cumberland","39.422273","-75.025204"
"02/04/2007","AQS","340110007","1","0.031","ppm","29","Millville","17","100.0000","44201","Ozone","47220","Vineland-Bridgeton, NJ","34","New Jersey","011","Cumberland","39.422273","-75.025204"
"02/05/2007","AQS","340110007","1","0.029","ppm","27","Millville","17","100.0000","44201","Ozone","47220","Vineland-Bridgeton, NJ","34","New Jersey","011","Cumberland","39.422273","-75.025204"
"02/06/2007","AQS","340110007","1","0.027","ppm","25","Millville","17","100.0000","44201","Ozone","47220","Vineland-Bridgeton, NJ","34","New Jersey","011","Cumberland","39.422273","-75.025204"
"02/07/2007","AQS","340110007","1","0.027","ppm","25","Millville","17","100.0000","44201","Ozone","47220","Vineland-Bridgeton, NJ","34","New Jersey","011","Cumberland","39.422273","-75.025204"
"02/08/2007","AQS","340110007","1","0.03","ppm","28","Millville","17","100.0000","44201","Ozone","47220","Vineland-Bridgeton, NJ","34","New Jersey","011","Cumberland","39.422273","-75.025204"
"02/09/2007","AQS","340110007","1","0.028","ppm","26","Millville","17","100.0000","44201","Ozone","47220","Vineland-Bridgeton, NJ","34","New Jersey","011","Cumberland","39.422273","-75.025204"
"02/10/2007","AQS","340110007","1","0.03","ppm","28","Millville","17","100.0000","44201","Ozone","47220","Vineland-Bridgeton, NJ","34","New Jersey","011","Cumberland","39.422273","-75.025204"
"02/11/2007","AQS","340110007","1","0.032","ppm","30","Millville","17","100.0000","44201","Ozone","47220","Vineland-Bridgeton, NJ","34","New Jersey","011","Cumberland","39.422273","-75.025204"
"02/12/2007","AQS","340110007","1","0.027","ppm","25","Millville","17","100.0000","44201","Ozone","47220","Vineland-Bridgeton, NJ","34","New Jersey","011","Cumberland","39.422273","-75.025204"
"02/13/2007","AQS","340110007","1","0.037","ppm","34","Millville","17","100.0000","44201","Ozone","47220","Vineland-Bridgeton, NJ","34","New Jersey","011","Cumberland","39.422273","-75.025204"
"02/14/2007","AQS","340110007","1","0.032","ppm","30","Millville","17","100.0000","44201","Ozone","47220","Vineland-Bridgeton, NJ","34","New Jersey","011","Cumberland","39.422273","-75.025204"
"02/15/2007","AQS","340110007","1","0.034","ppm","31","Millville","17","100.0000","44201","Ozone","47220","Vineland-Bridgeton, NJ","34","New Jersey","011","Cumberland","39.422273","-75.025204"
"02/16/2007","AQS","340110007","1","0.032","ppm","30","Millville","17","100.0000","44201","Ozone","47220","Vineland-Bridgeton, NJ","34","New Jersey","011","Cumberland","39.422273","-75.025204"
"02/17/2007","AQS","340110007","1","0.033","ppm","31","Millville","17","100.0000","44201","Ozone","47220","Vineland-Bridgeton, NJ","34","New Jersey","011","Cumberland","39.422273","-75.025204"
"02/18/2007","AQS","340110007","1","0.038","ppm","35","Millville","17","100.0000","44201","Ozone","47220","Vineland-Bridgeton, NJ","34","New Jersey","011","Cumberland","39.422273","-75.025204"
"02/19/2007","AQS","340110007","1","0.037","ppm","34","Millville","17","100.0000","44201","Ozone","47220","Vineland-Bridgeton, NJ","34","New Jersey","011","Cumberland","39.422273","-75.025204"
"02/20/2007","AQS","340110007","1","0.032","ppm","30","Millville","17","100.0000","44201","Ozone","47220","Vineland-Bridgeton, NJ","34","New Jersey","011","Cumberland","39.422273","-75.025204"
"02/21/2007","AQS","340110007","1","0.03","ppm","28","Millville","17","100.0000","44201","Ozone","47220","Vineland-Bridgeton, NJ","34","New Jersey","011","Cumberland","39.422273","-75.025204"
"02/22/2007","AQS","340110007","1","0.03","ppm","28","Millville","17","100.0000","44201","Ozone","47220","Vineland-Bridgeton, NJ","34","New Jersey","011","Cumberland","39.422273","-75.025204"
"02/23/2007","AQS","340110007","1","0.037","ppm","34","Millville","17","100.0000","44201","Ozone","47220","Vineland-Bridgeton, NJ","34","New Jersey","011","Cumberland","39.422273","-75.025204"
"02/24/2007","AQS","340110007","1","0.036","ppm","33","Millville","17","100.0000","44201","Ozone","47220","Vineland-Bridgeton, NJ","34","New Jersey","011","Cumberland","39.422273","-75.025204"
"02/25/2007","AQS","340110007","1","0.029","ppm","27","Millville","17","100.0000","44201","Ozone","47220","Vineland-Bridgeton, NJ","34","New Jersey","011","Cumberland","39.422273","-75.025204"
"02/27/2007","AQS","340110007","1","0.019","ppm","18","Millville","17","100.0000","44201","Ozone","47220","Vineland-Bridgeton, NJ","34","New Jersey","011","Cumberland","39.422273","-75.025204"
"02/28/2007","AQS","340110007","1","0.025","ppm","23","Millville","17","100.0000","44201","Ozone","47220","Vineland-Bridgeton, NJ","34","New Jersey","011","Cumberland","39.422273","-75.025204"
"03/01/2007","AQS","340110007","1","0.048","ppm","44","Millville","17","100.0000","44201","Ozone","47220","Vineland-Bridgeton, NJ","34","New Jersey","011","Cumberland","39.422273","-75.025204"
"03/02/2007","AQS","340110007","1","0.043","ppm","40","Millville","17","100.0000","44201","Ozone","47220","Vineland-Bridgeton, NJ","34","New Jersey","011","Cumberland","39.422273","-75.025204"
"03/03/2007","AQS","340110007","1","0.04","ppm","37","Millville","17","100.0000","44201","Ozone","47220","Vineland-Bridgeton, NJ","34","New Jersey","011","Cumberland","39.422273","-75.025204"
"03/04/2007","AQS","340110007","1","0.035","ppm","32","Millville","17","100.0000","44201","Ozone","47220","Vineland-Bridgeton, NJ","34","New Jersey","011","Cumberland","39.422273","-75.025204"
"03/05/2007","AQS","340110007","1","0.039","ppm","36","Millville","17","100.0000","44201","Ozone","47220","Vineland-Bridgeton, NJ","34","New Jersey","011","Cumberland","39.422273","-75.025204"
"03/06/2007","AQS","340110007","1","0.038","ppm","35","Millville","17","100.0000","44201","Ozone","47220","Vineland-Bridgeton, NJ","34","New Jersey","011","Cumberland","39.422273","-75.025204"
"03/07/2007","AQS","340110007","1","0.031","ppm","29","Millville","17","100.0000","44201","Ozone","47220","Vineland-Bridgeton, NJ","34","New Jersey","011","Cumberland","39.422273","-75.025204"
"03/08/2007","AQS","340110007","1","0.036","ppm","33","Millville","17","100.0000","44201","Ozone","47220","Vineland-Bridgeton, NJ","34","New Jersey","011","Cumberland","39.422273","-75.025204"
"03/09/2007","AQS","340110007","1","0.04","ppm","37","Millville","17","100.0000","44201","Ozone","47220","Vineland-Bridgeton, NJ","34","New Jersey","011","Cumberland","39.422273","-75.025204"
"03/10/2007","AQS","340110007","1","0.046","ppm","43","Millville","17","100.0000","44201","Ozone","47220","Vineland-Bridgeton, NJ","34","New Jersey","011","Cumberland","39.422273","-75.025204"
"03/11/2007","AQS","340110007","1","0.047","ppm","44","Millville","17","100.0000","44201","Ozone","47220","Vineland-Bridgeton, NJ","34","New Jersey","011","Cumberland","39.422273","-75.025204"
"03/12/2007","AQS","340110007","1","0.037","ppm","34","Millville","17","100.0000","44201","Ozone","47220","Vineland-Bridgeton, NJ","34","New Jersey","011","Cumberland","39.422273","-75.025204"
"03/13/2007","AQS","340110007","1","0.051","ppm","47","Millville","17","100.0000","44201","Ozone","47220","Vineland-Bridgeton, NJ","34","New Jersey","011","Cumberland","39.422273","-75.025204"
"03/14/2007","AQS","340110007","1","0.061","ppm","71","Millville","17","100.0000","44201","Ozone","47220","Vineland-Bridgeton, NJ","34","New Jersey","011","Cumberland","39.422273","-75.025204"
"03/15/2007","AQS","340110007","1","0.041","ppm","38","Millville","17","100.0000","44201","Ozone","47220","Vineland-Bridgeton, NJ","34","New Jersey","011","Cumberland","39.422273","-75.025204"
"03/16/2007","AQS","340110007","1","0.034","ppm","31","Millville","17","100.0000","44201","Ozone","47220","Vineland-Bridgeton, NJ","34","New Jersey","011","Cumberland","39.422273","-75.025204"
"03/17/2007","AQS","340110007","1","0.041","ppm","38","Millville","17","100.0000","44201","Ozone","47220","Vineland-Bridgeton, NJ","34","New Jersey","011","Cumberland","39.422273","-75.025204"
"03/18/2007","AQS","340110007","1","0.043","ppm","40","Millville","17","100.0000","44201","Ozone","47220","Vineland-Bridgeton, NJ","34","New Jersey","011","Cumberland","39.422273","-75.025204"
"03/19/2007","AQS","340110007","1","0.047","ppm","44","Millville","17","100.0000","44201","Ozone","47220","Vineland-Bridgeton, NJ","34","New Jersey","011","Cumberland","39.422273","-75.025204"
"03/20/2007","AQS","340110007","1","0.044","ppm","41","Millville","17","100.0000","44201","Ozone","47220","Vineland-Bridgeton, NJ","34","New Jersey","011","Cumberland","39.422273","-75.025204"
"03/21/2007","AQS","340110007","1","0.046","ppm","43","Millville","17","100.0000","44201","Ozone","47220","Vineland-Bridgeton, NJ","34","New Jersey","011","Cumberland","39.422273","-75.025204"
"03/22/2007","AQS","340110007","1","0.048","ppm","44","Millville","17","100.0000","44201","Ozone","47220","Vineland-Bridgeton, NJ","34","New Jersey","011","Cumberland","39.422273","-75.025204"
"03/23/2007","AQS","340110007","1","0.03","ppm","28","Millville","17","100.0000","44201","Ozone","47220","Vineland-Bridgeton, NJ","34","New Jersey","011","Cumberland","39.422273","-75.025204"
"03/24/2007","AQS","340110007","1","0.037","ppm","34","Millville","17","100.0000","44201","Ozone","47220","Vineland-Bridgeton, NJ","34","New Jersey","011","Cumberland","39.422273","-75.025204"
"03/25/2007","AQS","340110007","1","0.041","ppm","38","Millville","17","100.0000","44201","Ozone","47220","Vineland-Bridgeton, NJ","34","New Jersey","011","Cumberland","39.422273","-75.025204"
"03/26/2007","AQS","340110007","1","0.04","ppm","37","Millville","17","100.0000","44201","Ozone","47220","Vineland-Bridgeton, NJ","34","New Jersey","011","Cumberland","39.422273","-75.025204"
"03/27/2007","AQS","340110007","1","0.048","ppm","44","Millville","17","100.0000","44201","Ozone","47220","Vineland-Bridgeton, NJ","34","New Jersey","011","Cumberland","39.422273","-75.025204"
"03/28/2007","AQS","340110007","1","0.04","ppm","37","Millville","17","100.0000","44201","Ozone","47220","Vineland-Bridgeton, NJ","34","New Jersey","011","Cumberland","39.422273","-75.025204"
"03/29/2007","AQS","340110007","1","0.04","ppm","37","Millville","17","100.0000","44201","Ozone","47220","Vineland-Bridgeton, NJ","34","New Jersey","011","Cumberland","39.422273","-75.025204"
"03/30/2007","AQS","340110007","1","0.041","ppm","38","Millville","17","100.0000","44201","Ozone","47220","Vineland-Bridgeton, NJ","34","New Jersey","011","Cumberland","39.422273","-75.025204"
"03/31/2007","AQS","340110007","1","0.046","ppm","43","Millville","17","100.0000","44201","Ozone","47220","Vineland-Bridgeton, NJ","34","New Jersey","011","Cumberland","39.422273","-75.025204"
"04/01/2007","AQS","340110007","1","0.045","ppm","42","Millville","17","100.0000","44201","Ozone","47220","Vineland-Bridgeton, NJ","34","New Jersey","011","Cumberland","39.422273","-75.025204"
"04/02/2007","AQS","340110007","1","0.048","ppm","44","Millville","17","100.0000","44201","Ozone","47220","Vineland-Bridgeton, NJ","34","New Jersey","011","Cumberland","39.422273","-75.025204"
"04/03/2007","AQS","340110007","1","0.046","ppm","43","Millville","17","100.0000","44201","Ozone","47220","Vineland-Bridgeton, NJ","34","New Jersey","011","Cumberland","39.422273","-75.025204"
"04/04/2007","AQS","340110007","1","0.034","ppm","31","Millville","17","100.0000","44201","Ozone","47220","Vineland-Bridgeton, NJ","34","New Jersey","011","Cumberland","39.422273","-75.025204"
"04/05/2007","AQS","340110007","1","0.033","ppm","31","Millville","17","100.0000","44201","Ozone","47220","Vineland-Bridgeton, NJ","34","New Jersey","011","Cumberland","39.422273","-75.025204"
"04/06/2007","AQS","340110007","1","0.035","ppm","32","Millville","17","100.0000","44201","Ozone","47220","Vineland-Bridgeton, NJ","34","New Jersey","011","Cumberland","39.422273","-75.025204"
"04/07/2007","AQS","340110007","1","0.034","ppm","31","Millville","17","100.0000","44201","Ozone","47220","Vineland-Bridgeton, NJ","34","New Jersey","011","Cumberland","39.422273","-75.025204"
"04/08/2007","AQS","340110007","1","0.03","ppm","28","Millville","17","100.0000","44201","Ozone","47220","Vineland-Bridgeton, NJ","34","New Jersey","011","Cumberland","39.422273","-75.025204"
"04/09/2007","AQS","340110007","1","0.029","ppm","27","Millville","17","100.0000","44201","Ozone","47220","Vineland-Bridgeton, NJ","34","New Jersey","011","Cumberland","39.422273","-75.025204"
"04/10/2007","AQS","340110007","1","0.038","ppm","35","Millville","17","100.0000","44201","Ozone","47220","Vineland-Bridgeton, NJ","34","New Jersey","011","Cumberland","39.422273","-75.025204"
"04/11/2007","AQS","340110007","1","0.05","ppm","46","Millville","17","100.0000","44201","Ozone","47220","Vineland-Bridgeton, NJ","34","New Jersey","011","Cumberland","39.422273","-75.025204"
"04/12/2007","AQS","340110007","1","0.035","ppm","32","Millville","17","100.0000","44201","Ozone","47220","Vineland-Bridgeton, NJ","34","New Jersey","011","Cumberland","39.422273","-75.025204"
"04/13/2007","AQS","340110007","1","0.039","ppm","36","Millville","17","100.0000","44201","Ozone","47220","Vineland-Bridgeton, NJ","34","New Jersey","011","Cumberland","39.422273","-75.025204"
"04/14/2007","AQS","340110007","1","0.051","ppm","47","Millville","17","100.0000","44201","Ozone","47220","Vineland-Bridgeton, NJ","34","New Jersey","011","Cumberland","39.422273","-75.025204"
"04/15/2007","AQS","340110007","1","0.053","ppm","49","Millville","17","100.0000","44201","Ozone","47220","Vineland-Bridgeton, NJ","34","New Jersey","011","Cumberland","39.422273","-75.025204"
"04/16/2007","AQS","340110007","1","0.037","ppm","34","Millville","15","88.0000","44201","Ozone","47220","Vineland-Bridgeton, NJ","34","New Jersey","011","Cumberland","39.422273","-75.025204"
"04/17/2007","AQS","340110007","1","0.041","ppm","38","Millville","17","100.0000","44201","Ozone","47220","Vineland-Bridgeton, NJ","34","New Jersey","011","Cumberland","39.422273","-75.025204"
"04/18/2007","AQS","340110007","1","0.026","ppm","24","Millville","17","100.0000","44201","Ozone","47220","Vineland-Bridgeton, NJ","34","New Jersey","011","Cumberland","39.422273","-75.025204"
"04/19/2007","AQS","340110007","1","0.026","ppm","24","Millville","17","100.0000","44201","Ozone","47220","Vineland-Bridgeton, NJ","34","New Jersey","011","Cumberland","39.422273","-75.025204"
"04/20/2007","AQS","340110007","1","0.046","ppm","43","Millville","17","100.0000","44201","Ozone","47220","Vineland-Bridgeton, NJ","34","New Jersey","011","Cumberland","39.422273","-75.025204"
"04/21/2007","AQS","340110007","1","0.056","ppm","54","Millville","17","100.0000","44201","Ozone","47220","Vineland-Bridgeton, NJ","34","New Jersey","011","Cumberland","39.422273","-75.025204"
"04/22/2007","AQS","340110007","1","0.072","ppm","105","Millville","17","100.0000","44201","Ozone","47220","Vineland-Bridgeton, NJ","34","New Jersey","011","Cumberland","39.422273","-75.025204"
"04/23/2007","AQS","340110007","1","0.071","ppm","101","Millville","17","100.0000","44201","Ozone","47220","Vineland-Bridgeton, NJ","34","New Jersey","011","Cumberland","39.422273","-75.025204"
"04/24/2007","AQS","340110007","1","0.061","ppm","71","Millville","17","100.0000","44201","Ozone","47220","Vineland-Bridgeton, NJ","34","New Jersey","011","Cumberland","39.422273","-75.025204"
"04/25/2007","AQS","340110007","1","0.054","ppm","50","Millville","17","100.0000","44201","Ozone","47220","Vineland-Bridgeton, NJ","34","New Jersey","011","Cumberland","39.422273","-75.025204"
"04/26/2007","AQS","340110007","1","0.049","ppm","45","Millville","17","100.0000","44201","Ozone","47220","Vineland-Bridgeton, NJ","34","New Jersey","011","Cumberland","39.422273","-75.025204"
"04/27/2007","AQS","340110007","1","0.016","ppm","15","Millville","17","100.0000","44201","Ozone","47220","Vineland-Bridgeton, NJ","34","New Jersey","011","Cumberland","39.422273","-75.025204"
"04/28/2007","AQS","340110007","1","0.043","ppm","40","Millville","17","100.0000","44201","Ozone","47220","Vineland-Bridgeton, NJ","34","New Jersey","011","Cumberland","39.422273","-75.025204"
"04/29/2007","AQS","340110007","1","0.051","ppm","47","Millville","17","100.0000","44201","Ozone","47220","Vineland-Bridgeton, NJ","34","New Jersey","011","Cumberland","39.422273","-75.025204"
"04/30/2007","AQS","340110007","1","0.062","ppm","74","Millville","17","100.0000","44201","Ozone","47220","Vineland-Bridgeton, NJ","34","New Jersey","011","Cumberland","39.422273","-75.025204"
"05/01/2007","AQS","340110007","1","0.056","ppm","54","Millville","13","76.0000","44201","Ozone","47220","Vineland-Bridgeton, NJ","34","New Jersey","011","Cumberland","39.422273","-75.025204"
"05/02/2007","AQS","340110007","1","0.049","ppm","45","Millville","17","100.0000","44201","Ozone","47220","Vineland-Bridgeton, NJ","34","New Jersey","011","Cumberland","39.422273","-75.025204"
"05/03/2007","AQS","340110007","1","0.05","ppm","46","Millville","17","100.0000","44201","Ozone","47220","Vineland-Bridgeton, NJ","34","New Jersey","011","Cumberland","39.422273","-75.025204"
"05/04/2007","AQS","340110007","1","0.048","ppm","44","Millville","17","100.0000","44201","Ozone","47220","Vineland-Bridgeton, NJ","34","New Jersey","011","Cumberland","39.422273","-75.025204"
"05/05/2007","AQS","340110007","1","0.065","ppm","84","Millville","17","100.0000","44201","Ozone","47220","Vineland-Bridgeton, NJ","34","New Jersey","011","Cumberland","39.422273","-75.025204"
"05/06/2007","AQS","340110007","1","0.044","ppm","41","Millville","17","100.0000","44201","Ozone","47220","Vineland-Bridgeton, NJ","34","New Jersey","011","Cumberland","39.422273","-75.025204"
"05/07/2007","AQS","340110007","1","0.041","ppm","38","Millville","17","100.0000","44201","Ozone","47220","Vineland-Bridgeton, NJ","34","New Jersey","011","Cumberland","39.422273","-75.025204"
"05/08/2007","AQS","340110007","1","0.04","ppm","37","Millville","17","100.0000","44201","Ozone","47220","Vineland-Bridgeton, NJ","34","New Jersey","011","Cumberland","39.422273","-75.025204"
"05/09/2007","AQS","340110007","1","0.032","ppm","30","Millville","15","88.0000","44201","Ozone","47220","Vineland-Bridgeton, NJ","34","New Jersey","011","Cumberland","39.422273","-75.025204"
"05/10/2007","AQS","340110007","1","0.034","ppm","31","Millville","17","100.0000","44201","Ozone","47220","Vineland-Bridgeton, NJ","34","New Jersey","011","Cumberland","39.422273","-75.025204"
"05/11/2007","AQS","340110007","1","0.056","ppm","54","Millville","17","100.0000","44201","Ozone","47220","Vineland-Bridgeton, NJ","34","New Jersey","011","Cumberland","39.422273","-75.025204"
"05/12/2007","AQS","340110007","1","0.044","ppm","41","Millville","17","100.0000","44201","Ozone","47220","Vineland-Bridgeton, NJ","34","New Jersey","011","Cumberland","39.422273","-75.025204"
"05/13/2007","AQS","340110007","1","0.05","ppm","46","Millville","17","100.0000","44201","Ozone","47220","Vineland-Bridgeton, NJ","34","New Jersey","011","Cumberland","39.422273","-75.025204"
"05/14/2007","AQS","340110007","1","0.055","ppm","51","Millville","17","100.0000","44201","Ozone","47220","Vineland-Bridgeton, NJ","34","New Jersey","011","Cumberland","39.422273","-75.025204"
"05/15/2007","AQS","340110007","1","0.067","ppm","90","Millville","17","100.0000","44201","Ozone","47220","Vineland-Bridgeton, NJ","34","New Jersey","011","Cumberland","39.422273","-75.025204"
"05/16/2007","AQS","340110007","1","0.067","ppm","90","Millville","17","100.0000","44201","Ozone","47220","Vineland-Bridgeton, NJ","34","New Jersey","011","Cumberland","39.422273","-75.025204"
"05/17/2007","AQS","340110007","1","0.04","ppm","37","Millville","17","100.0000","44201","Ozone","47220","Vineland-Bridgeton, NJ","34","New Jersey","011","Cumberland","39.422273","-75.025204"
"05/18/2007","AQS","340110007","1","0.025","ppm","23","Millville","17","100.0000","44201","Ozone","47220","Vineland-Bridgeton, NJ","34","New Jersey","011","Cumberland","39.422273","-75.025204"
"05/19/2007","AQS","340110007","1","0.047","ppm","44","Millville","17","100.0000","44201","Ozone","47220","Vineland-Bridgeton, NJ","34","New Jersey","011","Cumberland","39.422273","-75.025204"
"05/20/2007","AQS","340110007","1","0.062","ppm","74","Millville","17","100.0000","44201","Ozone","47220","Vineland-Bridgeton, NJ","34","New Jersey","011","Cumberland","39.422273","-75.025204"
"05/21/2007","AQS","340110007","1","0.046","ppm","43","Millville","17","100.0000","44201","Ozone","47220","Vineland-Bridgeton, NJ","34","New Jersey","011","Cumberland","39.422273","-75.025204"
"05/22/2007","AQS","340110007","1","0.054","ppm","50","Millville","17","100.0000","44201","Ozone","47220","Vineland-Bridgeton, NJ","34","New Jersey","011","Cumberland","39.422273","-75.025204"
"05/23/2007","AQS","340110007","1","0.054","ppm","50","Millville","17","100.0000","44201","Ozone","47220","Vineland-Bridgeton, NJ","34","New Jersey","011","Cumberland","39.422273","-75.025204"
"05/24/2007","AQS","340110007","1","0.065","ppm","84","Millville","17","100.0000","44201","Ozone","47220","Vineland-Bridgeton, NJ","34","New Jersey","011","Cumberland","39.422273","-75.025204"
"05/25/2007","AQS","340110007","1","0.068","ppm","93","Millville","17","100.0000","44201","Ozone","47220","Vineland-Bridgeton, NJ","34","New Jersey","011","Cumberland","39.422273","-75.025204"
"05/26/2007","AQS","340110007","1","0.085","ppm","150","Millville","17","100.0000","44201","Ozone","47220","Vineland-Bridgeton, NJ","34","New Jersey","011","Cumberland","39.422273","-75.025204"
"05/27/2007","AQS","340110007","1","0.075","ppm","115","Millville","17","100.0000","44201","Ozone","47220","Vineland-Bridgeton, NJ","34","New Jersey","011","Cumberland","39.422273","-75.025204"
"05/28/2007","AQS","340110007","1","0.071","ppm","101","Millville","17","100.0000","44201","Ozone","47220","Vineland-Bridgeton, NJ","34","New Jersey","011","Cumberland","39.422273","-75.025204"
"05/29/2007","AQS","340110007","1","0.059","ppm","64","Millville","17","100.0000","44201","Ozone","47220","Vineland-Bridgeton, NJ","34","New Jersey","011","Cumberland","39.422273","-75.025204"
"05/30/2007","AQS","340110007","1","0.07","ppm","100","Millville","17","100.0000","44201","Ozone","47220","Vineland-Bridgeton, NJ","34","New Jersey","011","Cumberland","39.422273","-75.025204"
"05/31/2007","AQS","340110007","1","0.083","ppm","143","Millville","17","100.0000","44201","Ozone","47220","Vineland-Bridgeton, NJ","34","New Jersey","011","Cumberland","39.422273","-75.025204"
"06/01/2007","AQS","340110007","1","0.068","ppm","93","Millville","17","100.0000","44201","Ozone","47220","Vineland-Bridgeton, NJ","34","New Jersey","011","Cumberland","39.422273","-75.025204"
"06/02/2007","AQS","340110007","1","0.06","ppm","67","Millville","17","100.0000","44201","Ozone","47220","Vineland-Bridgeton, NJ","34","New Jersey","011","Cumberland","39.422273","-75.025204"
"06/03/2007","AQS","340110007","1","0.033","ppm","31","Millville","17","100.0000","44201","Ozone","47220","Vineland-Bridgeton, NJ","34","New Jersey","011","Cumberland","39.422273","-75.025204"
"06/04/2007","AQS","340110007","1","0.043","ppm","40","Millville","17","100.0000","44201","Ozone","47220","Vineland-Bridgeton, NJ","34","New Jersey","011","Cumberland","39.422273","-75.025204"
"06/05/2007","AQS","340110007","1","0.061","ppm","71","Millville","17","100.0000","44201","Ozone","47220","Vineland-Bridgeton, NJ","34","New Jersey","011","Cumberland","39.422273","-75.025204"
"06/06/2007","AQS","340110007","1","0.041","ppm","38","Millville","17","100.0000","44201","Ozone","47220","Vineland-Bridgeton, NJ","34","New Jersey","011","Cumberland","39.422273","-75.025204"
"06/07/2007","AQS","340110007","1","0.064","ppm","80","Millville","17","100.0000","44201","Ozone","47220","Vineland-Bridgeton, NJ","34","New Jersey","011","Cumberland","39.422273","-75.025204"
"06/08/2007","AQS","340110007","1","0.083","ppm","143","Millville","17","100.0000","44201","Ozone","47220","Vineland-Bridgeton, NJ","34","New Jersey","011","Cumberland","39.422273","-75.025204"
"06/09/2007","AQS","340110007","1","0.064","ppm","80","Millville","17","100.0000","44201","Ozone","47220","Vineland-Bridgeton, NJ","34","New Jersey","011","Cumberland","39.422273","-75.025204"
"06/10/2007","AQS","340110007","1","0.049","ppm","45","Millville","17","100.0000","44201","Ozone","47220","Vineland-Bridgeton, NJ","34","New Jersey","011","Cumberland","39.422273","-75.025204"
"06/11/2007","AQS","340110007","1","0.053","ppm","49","Millville","17","100.0000","44201","Ozone","47220","Vineland-Bridgeton, NJ","34","New Jersey","011","Cumberland","39.422273","-75.025204"
"06/12/2007","AQS","340110007","1","0.041","ppm","38","Millville","17","100.0000","44201","Ozone","47220","Vineland-Bridgeton, NJ","34","New Jersey","011","Cumberland","39.422273","-75.025204"
"06/13/2007","AQS","340110007","1","0.028","ppm","26","Millville","17","100.0000","44201","Ozone","47220","Vineland-Bridgeton, NJ","34","New Jersey","011","Cumberland","39.422273","-75.025204"
"06/14/2007","AQS","340110007","1","0.024","ppm","22","Millville","17","100.0000","44201","Ozone","47220","Vineland-Bridgeton, NJ","34","New Jersey","011","Cumberland","39.422273","-75.025204"
"06/15/2007","AQS","340110007","1","0.042","ppm","39","Millville","17","100.0000","44201","Ozone","47220","Vineland-Bridgeton, NJ","34","New Jersey","011","Cumberland","39.422273","-75.025204"
"06/16/2007","AQS","340110007","1","0.062","ppm","74","Millville","17","100.0000","44201","Ozone","47220","Vineland-Bridgeton, NJ","34","New Jersey","011","Cumberland","39.422273","-75.025204"
"06/17/2007","AQS","340110007","1","0.067","ppm","90","Millville","17","100.0000","44201","Ozone","47220","Vineland-Bridgeton, NJ","34","New Jersey","011","Cumberland","39.422273","-75.025204"
"06/18/2007","AQS","340110007","1","0.062","ppm","74","Millville","17","100.0000","44201","Ozone","47220","Vineland-Bridgeton, NJ","34","New Jersey","011","Cumberland","39.422273","-75.025204"
"06/19/2007","AQS","340110007","1","0.072","ppm","105","Millville","17","100.0000","44201","Ozone","47220","Vineland-Bridgeton, NJ","34","New Jersey","011","Cumberland","39.422273","-75.025204"
"06/20/2007","AQS","340110007","1","0.046","ppm","43","Millville","17","100.0000","44201","Ozone","47220","Vineland-Bridgeton, NJ","34","New Jersey","011","Cumberland","39.422273","-75.025204"
"06/21/2007","AQS","340110007","1","0.072","ppm","105","Millville","17","100.0000","44201","Ozone","47220","Vineland-Bridgeton, NJ","34","New Jersey","011","Cumberland","39.422273","-75.025204"
"06/22/2007","AQS","340110007","1","0.044","ppm","41","Millville","17","100.0000","44201","Ozone","47220","Vineland-Bridgeton, NJ","34","New Jersey","011","Cumberland","39.422273","-75.025204"
"06/23/2007","AQS","340110007","1","0.052","ppm","48","Millville","17","100.0000","44201","Ozone","47220","Vineland-Bridgeton, NJ","34","New Jersey","011","Cumberland","39.422273","-75.025204"
"06/24/2007","AQS","340110007","1","0.06","ppm","67","Millville","17","100.0000","44201","Ozone","47220","Vineland-Bridgeton, NJ","34","New Jersey","011","Cumberland","39.422273","-75.025204"
"06/25/2007","AQS","340110007","1","0.053","ppm","49","Millville","17","100.0000","44201","Ozone","47220","Vineland-Bridgeton, NJ","34","New Jersey","011","Cumberland","39.422273","-75.025204"
"06/26/2007","AQS","340110007","1","0.077","ppm","122","Millville","17","100.0000","44201","Ozone","47220","Vineland-Bridgeton, NJ","34","New Jersey","011","Cumberland","39.422273","-75.025204"
"06/27/2007","AQS","340110007","1","0.07","ppm","100","Millville","17","100.0000","44201","Ozone","47220","Vineland-Bridgeton, NJ","34","New Jersey","011","Cumberland","39.422273","-75.025204"
"06/28/2007","AQS","340110007","1","0.076","ppm","119","Millville","17","100.0000","44201","Ozone","47220","Vineland-Bridgeton, NJ","34","New Jersey","011","Cumberland","39.422273","-75.025204"
"06/29/2007","AQS","340110007","1","0.034","ppm","31","Millville","17","100.0000","44201","Ozone","47220","Vineland-Bridgeton, NJ","34","New Jersey","011","Cumberland","39.422273","-75.025204"
"06/30/2007","AQS","340110007","1","0.048","ppm","44","Millville","17","100.0000","44201","Ozone","47220","Vineland-Bridgeton, NJ","34","New Jersey","011","Cumberland","39.422273","-75.025204"
"07/01/2007","AQS","340110007","1","0.043","ppm","40","Millville","17","100.0000","44201","Ozone","47220","Vineland-Bridgeton, NJ","34","New Jersey","011","Cumberland","39.422273","-75.025204"
"07/02/2007","AQS","340110007","1","0.037","ppm","34","Millville","17","100.0000","44201","Ozone","47220","Vineland-Bridgeton, NJ","34","New Jersey","011","Cumberland","39.422273","-75.025204"
"07/03/2007","AQS","340110007","1","0.056","ppm","54","Millville","17","100.0000","44201","Ozone","47220","Vineland-Bridgeton, NJ","34","New Jersey","011","Cumberland","39.422273","-75.025204"
"07/04/2007","AQS","340110007","1","0.044","ppm","41","Millville","17","100.0000","44201","Ozone","47220","Vineland-Bridgeton, NJ","34","New Jersey","011","Cumberland","39.422273","-75.025204"
"07/05/2007","AQS","340110007","1","0.049","ppm","45","Millville","17","100.0000","44201","Ozone","47220","Vineland-Bridgeton, NJ","34","New Jersey","011","Cumberland","39.422273","-75.025204"
"07/06/2007","AQS","340110007","1","0.061","ppm","71","Millville","17","100.0000","44201","Ozone","47220","Vineland-Bridgeton, NJ","34","New Jersey","011","Cumberland","39.422273","-75.025204"
"07/07/2007","AQS","340110007","1","0.061","ppm","71","Millville","17","100.0000","44201","Ozone","47220","Vineland-Bridgeton, NJ","34","New Jersey","011","Cumberland","39.422273","-75.025204"
"07/08/2007","AQS","340110007","1","0.078","ppm","126","Millville","17","100.0000","44201","Ozone","47220","Vineland-Bridgeton, NJ","34","New Jersey","011","Cumberland","39.422273","-75.025204"
"07/09/2007","AQS","340110007","1","0.082","ppm","140","Millville","17","100.0000","44201","Ozone","47220","Vineland-Bridgeton, NJ","34","New Jersey","011","Cumberland","39.422273","-75.025204"
"07/10/2007","AQS","340110007","1","0.052","ppm","48","Millville","17","100.0000","44201","Ozone","47220","Vineland-Bridgeton, NJ","34","New Jersey","011","Cumberland","39.422273","-75.025204"
"07/11/2007","AQS","340110007","1","0.063","ppm","77","Millville","17","100.0000","44201","Ozone","47220","Vineland-Bridgeton, NJ","34","New Jersey","011","Cumberland","39.422273","-75.025204"
"07/12/2007","AQS","340110007","1","0.056","ppm","54","Millville","17","100.0000","44201","Ozone","47220","Vineland-Bridgeton, NJ","34","New Jersey","011","Cumberland","39.422273","-75.025204"
"07/13/2007","AQS","340110007","1","0.064","ppm","80","Millville","17","100.0000","44201","Ozone","47220","Vineland-Bridgeton, NJ","34","New Jersey","011","Cumberland","39.422273","-75.025204"
"07/14/2007","AQS","340110007","1","0.065","ppm","84","Millville","17","100.0000","44201","Ozone","47220","Vineland-Bridgeton, NJ","34","New Jersey","011","Cumberland","39.422273","-75.025204"
"07/15/2007","AQS","340110007","1","0.068","ppm","93","Millville","17","100.0000","44201","Ozone","47220","Vineland-Bridgeton, NJ","34","New Jersey","011","Cumberland","39.422273","-75.025204"
"07/16/2007","AQS","340110007","1","0.064","ppm","80","Millville","17","100.0000","44201","Ozone","47220","Vineland-Bridgeton, NJ","34","New Jersey","011","Cumberland","39.422273","-75.025204"
"07/17/2007","AQS","340110007","1","0.073","ppm","108","Millville","17","100.0000","44201","Ozone","47220","Vineland-Bridgeton, NJ","34","New Jersey","011","Cumberland","39.422273","-75.025204"
"07/18/2007","AQS","340110007","1","0.058","ppm","61","Millville","17","100.0000","44201","Ozone","47220","Vineland-Bridgeton, NJ","34","New Jersey","011","Cumberland","39.422273","-75.025204"
"07/19/2007","AQS","340110007","1","0.063","ppm","77","Millville","17","100.0000","44201","Ozone","47220","Vineland-Bridgeton, NJ","34","New Jersey","011","Cumberland","39.422273","-75.025204"
"07/20/2007","AQS","340110007","1","0.053","ppm","49","Millville","17","100.0000","44201","Ozone","47220","Vineland-Bridgeton, NJ","34","New Jersey","011","Cumberland","39.422273","-75.025204"
"07/21/2007","AQS","340110007","1","0.036","ppm","33","Millville","17","100.0000","44201","Ozone","47220","Vineland-Bridgeton, NJ","34","New Jersey","011","Cumberland","39.422273","-75.025204"
"07/22/2007","AQS","340110007","1","0.038","ppm","35","Millville","17","100.0000","44201","Ozone","47220","Vineland-Bridgeton, NJ","34","New Jersey","011","Cumberland","39.422273","-75.025204"
"07/23/2007","AQS","340110007","1","0.038","ppm","35","Millville","17","100.0000","44201","Ozone","47220","Vineland-Bridgeton, NJ","34","New Jersey","011","Cumberland","39.422273","-75.025204"
"07/24/2007","AQS","340110007","1","0.066","ppm","87","Millville","14","82.0000","44201","Ozone","47220","Vineland-Bridgeton, NJ","34","New Jersey","011","Cumberland","39.422273","-75.025204"
"07/25/2007","AQS","340110007","1","0.049","ppm","45","Millville","17","100.0000","44201","Ozone","47220","Vineland-Bridgeton, NJ","34","New Jersey","011","Cumberland","39.422273","-75.025204"
"07/26/2007","AQS","340110007","1","0.038","ppm","35","Millville","17","100.0000","44201","Ozone","47220","Vineland-Bridgeton, NJ","34","New Jersey","011","Cumberland","39.422273","-75.025204"
"07/27/2007","AQS","340110007","1","0.033","ppm","31","Millville","17","100.0000","44201","Ozone","47220","Vineland-Bridgeton, NJ","34","New Jersey","011","Cumberland","39.422273","-75.025204"
"07/28/2007","AQS","340110007","1","0.07","ppm","100","Millville","17","100.0000","44201","Ozone","47220","Vineland-Bridgeton, NJ","34","New Jersey","011","Cumberland","39.422273","-75.025204"
"08/01/2007","AQS","340110007","1","0.076","ppm","119","Millville","17","100.0000","44201","Ozone","47220","Vineland-Bridgeton, NJ","34","New Jersey","011","Cumberland","39.422273","-75.025204"
"08/02/2007","AQS","340110007","1","0.077","ppm","122","Millville","17","100.0000","44201","Ozone","47220","Vineland-Bridgeton, NJ","34","New Jersey","011","Cumberland","39.422273","-75.025204"
"08/03/2007","AQS","340110007","1","0.058","ppm","61","Millville","17","100.0000","44201","Ozone","47220","Vineland-Bridgeton, NJ","34","New Jersey","011","Cumberland","39.422273","-75.025204"
"08/04/2007","AQS","340110007","1","0.088","ppm","156","Millville","17","100.0000","44201","Ozone","47220","Vineland-Bridgeton, NJ","34","New Jersey","011","Cumberland","39.422273","-75.025204"
"08/05/2007","AQS","340110007","1","0.041","ppm","38","Millville","17","100.0000","44201","Ozone","47220","Vineland-Bridgeton, NJ","34","New Jersey","011","Cumberland","39.422273","-75.025204"
"08/06/2007","AQS","340110007","1","0.049","ppm","45","Millville","17","100.0000","44201","Ozone","47220","Vineland-Bridgeton, NJ","34","New Jersey","011","Cumberland","39.422273","-75.025204"
"08/07/2007","AQS","340110007","1","0.07","ppm","100","Millville","17","100.0000","44201","Ozone","47220","Vineland-Bridgeton, NJ","34","New Jersey","011","Cumberland","39.422273","-75.025204"
"08/08/2007","AQS","340110007","1","0.075","ppm","115","Millville","17","100.0000","44201","Ozone","47220","Vineland-Bridgeton, NJ","34","New Jersey","011","Cumberland","39.422273","-75.025204"
"08/09/2007","AQS","340110007","1","0.052","ppm","48","Millville","17","100.0000","44201","Ozone","47220","Vineland-Bridgeton, NJ","34","New Jersey","011","Cumberland","39.422273","-75.025204"
"08/10/2007","AQS","340110007","1","0.049","ppm","45","Millville","17","100.0000","44201","Ozone","47220","Vineland-Bridgeton, NJ","34","New Jersey","011","Cumberland","39.422273","-75.025204"
"08/11/2007","AQS","340110007","1","0.053","ppm","49","Millville","17","100.0000","44201","Ozone","47220","Vineland-Bridgeton, NJ","34","New Jersey","011","Cumberland","39.422273","-75.025204"
"08/12/2007","AQS","340110007","1","0.054","ppm","50","Millville","17","100.0000","44201","Ozone","47220","Vineland-Bridgeton, NJ","34","New Jersey","011","Cumberland","39.422273","-75.025204"
"08/13/2007","AQS","340110007","1","0.066","ppm","87","Millville","17","100.0000","44201","Ozone","47220","Vineland-Bridgeton, NJ","34","New Jersey","011","Cumberland","39.422273","-75.025204"
"08/14/2007","AQS","340110007","1","0.056","ppm","54","Millville","17","100.0000","44201","Ozone","47220","Vineland-Bridgeton, NJ","34","New Jersey","011","Cumberland","39.422273","-75.025204"
"08/15/2007","AQS","340110007","1","0.067","ppm","90","Millville","17","100.0000","44201","Ozone","47220","Vineland-Bridgeton, NJ","34","New Jersey","011","Cumberland","39.422273","-75.025204"
"08/16/2007","AQS","340110007","1","0.059","ppm","64","Millville","17","100.0000","44201","Ozone","47220","Vineland-Bridgeton, NJ","34","New Jersey","011","Cumberland","39.422273","-75.025204"
"08/17/2007","AQS","340110007","1","0.074","ppm","112","Millville","17","100.0000","44201","Ozone","47220","Vineland-Bridgeton, NJ","34","New Jersey","011","Cumberland","39.422273","-75.025204"
"08/18/2007","AQS","340110007","1","0.036","ppm","33","Millville","17","100.0000","44201","Ozone","47220","Vineland-Bridgeton, NJ","34","New Jersey","011","Cumberland","39.422273","-75.025204"
"08/19/2007","AQS","340110007","1","0.033","ppm","31","Millville","17","100.0000","44201","Ozone","47220","Vineland-Bridgeton, NJ","34","New Jersey","011","Cumberland","39.422273","-75.025204"
"08/20/2007","AQS","340110007","1","0.034","ppm","31","Millville","17","100.0000","44201","Ozone","47220","Vineland-Bridgeton, NJ","34","New Jersey","011","Cumberland","39.422273","-75.025204"
"08/21/2007","AQS","340110007","1","0.028","ppm","26","Millville","17","100.0000","44201","Ozone","47220","Vineland-Bridgeton, NJ","34","New Jersey","011","Cumberland","39.422273","-75.025204"
"08/22/2007","AQS","340110007","1","0.019","ppm","18","Millville","17","100.0000","44201","Ozone","47220","Vineland-Bridgeton, NJ","34","New Jersey","011","Cumberland","39.422273","-75.025204"
"08/23/2007","AQS","340110007","1","0.024","ppm","22","Millville","17","100.0000","44201","Ozone","47220","Vineland-Bridgeton, NJ","34","New Jersey","011","Cumberland","39.422273","-75.025204"
"08/24/2007","AQS","340110007","1","0.044","ppm","41","Millville","17","100.0000","44201","Ozone","47220","Vineland-Bridgeton, NJ","34","New Jersey","011","Cumberland","39.422273","-75.025204"
"08/25/2007","AQS","340110007","1","0.067","ppm","90","Millville","17","100.0000","44201","Ozone","47220","Vineland-Bridgeton, NJ","34","New Jersey","011","Cumberland","39.422273","-75.025204"
"08/26/2007","AQS","340110007","1","0.052","ppm","48","Millville","17","100.0000","44201","Ozone","47220","Vineland-Bridgeton, NJ","34","New Jersey","011","Cumberland","39.422273","-75.025204"
"08/27/2007","AQS","340110007","1","0.047","ppm","44","Millville","17","100.0000","44201","Ozone","47220","Vineland-Bridgeton, NJ","34","New Jersey","011","Cumberland","39.422273","-75.025204"
"08/28/2007","AQS","340110007","1","0.048","ppm","44","Millville","17","100.0000","44201","Ozone","47220","Vineland-Bridgeton, NJ","34","New Jersey","011","Cumberland","39.422273","-75.025204"
"08/29/2007","AQS","340110007","1","0.054","ppm","50","Millville","17","100.0000","44201","Ozone","47220","Vineland-Bridgeton, NJ","34","New Jersey","011","Cumberland","39.422273","-75.025204"
"08/30/2007","AQS","340110007","1","0.072","ppm","105","Millville","17","100.0000","44201","Ozone","47220","Vineland-Bridgeton, NJ","34","New Jersey","011","Cumberland","39.422273","-75.025204"
"08/31/2007","AQS","340110007","1","0.061","ppm","71","Millville","17","100.0000","44201","Ozone","47220","Vineland-Bridgeton, NJ","34","New Jersey","011","Cumberland","39.422273","-75.025204"
"09/01/2007","AQS","340110007","1","0.041","ppm","38","Millville","17","100.0000","44201","Ozone","47220","Vineland-Bridgeton, NJ","34","New Jersey","011","Cumberland","39.422273","-75.025204"
"09/02/2007","AQS","340110007","1","0.046","ppm","43","Millville","17","100.0000","44201","Ozone","47220","Vineland-Bridgeton, NJ","34","New Jersey","011","Cumberland","39.422273","-75.025204"
"09/03/2007","AQS","340110007","1","0.058","ppm","61","Millville","17","100.0000","44201","Ozone","47220","Vineland-Bridgeton, NJ","34","New Jersey","011","Cumberland","39.422273","-75.025204"
"09/04/2007","AQS","340110007","1","0.064","ppm","80","Millville","17","100.0000","44201","Ozone","47220","Vineland-Bridgeton, NJ","34","New Jersey","011","Cumberland","39.422273","-75.025204"
"09/05/2007","AQS","340110007","1","0.062","ppm","74","Millville","17","100.0000","44201","Ozone","47220","Vineland-Bridgeton, NJ","34","New Jersey","011","Cumberland","39.422273","-75.025204"
"09/07/2007","AQS","340110007","1","0.051","ppm","47","Millville","17","100.0000","44201","Ozone","47220","Vineland-Bridgeton, NJ","34","New Jersey","011","Cumberland","39.422273","-75.025204"
"09/08/2007","AQS","340110007","1","0.046","ppm","43","Millville","17","100.0000","44201","Ozone","47220","Vineland-Bridgeton, NJ","34","New Jersey","011","Cumberland","39.422273","-75.025204"
"09/09/2007","AQS","340110007","1","0.03","ppm","28","Millville","17","100.0000","44201","Ozone","47220","Vineland-Bridgeton, NJ","34","New Jersey","011","Cumberland","39.422273","-75.025204"
"09/10/2007","AQS","340110007","1","0.043","ppm","40","Millville","17","100.0000","44201","Ozone","47220","Vineland-Bridgeton, NJ","34","New Jersey","011","Cumberland","39.422273","-75.025204"
"09/11/2007","AQS","340110007","1","0.038","ppm","35","Millville","17","100.0000","44201","Ozone","47220","Vineland-Bridgeton, NJ","34","New Jersey","011","Cumberland","39.422273","-75.025204"
"09/12/2007","AQS","340110007","1","0.044","ppm","41","Millville","17","100.0000","44201","Ozone","47220","Vineland-Bridgeton, NJ","34","New Jersey","011","Cumberland","39.422273","-75.025204"
"09/13/2007","AQS","340110007","1","0.054","ppm","50","Millville","17","100.0000","44201","Ozone","47220","Vineland-Bridgeton, NJ","34","New Jersey","011","Cumberland","39.422273","-75.025204"
"09/14/2007","AQS","340110007","1","0.052","ppm","48","Millville","17","100.0000","44201","Ozone","47220","Vineland-Bridgeton, NJ","34","New Jersey","011","Cumberland","39.422273","-75.025204"
"09/15/2007","AQS","340110007","1","0.032","ppm","30","Millville","17","100.0000","44201","Ozone","47220","Vineland-Bridgeton, NJ","34","New Jersey","011","Cumberland","39.422273","-75.025204"
"09/16/2007","AQS","340110007","1","0.029","ppm","27","Millville","17","100.0000","44201","Ozone","47220","Vineland-Bridgeton, NJ","34","New Jersey","011","Cumberland","39.422273","-75.025204"
"09/17/2007","AQS","340110007","1","0.034","ppm","31","Millville","17","100.0000","44201","Ozone","47220","Vineland-Bridgeton, NJ","34","New Jersey","011","Cumberland","39.422273","-75.025204"
"09/18/2007","AQS","340110007","1","0.038","ppm","35","Millville","17","100.0000","44201","Ozone","47220","Vineland-Bridgeton, NJ","34","New Jersey","011","Cumberland","39.422273","-75.025204"
"09/19/2007","AQS","340110007","1","0.044","ppm","41","Millville","17","100.0000","44201","Ozone","47220","Vineland-Bridgeton, NJ","34","New Jersey","011","Cumberland","39.422273","-75.025204"
"09/20/2007","AQS","340110007","1","0.052","ppm","48","Millville","17","100.0000","44201","Ozone","47220","Vineland-Bridgeton, NJ","34","New Jersey","011","Cumberland","39.422273","-75.025204"
"09/21/2007","AQS","340110007","1","0.061","ppm","71","Millville","17","100.0000","44201","Ozone","47220","Vineland-Bridgeton, NJ","34","New Jersey","011","Cumberland","39.422273","-75.025204"
"09/22/2007","AQS","340110007","1","0.027","ppm","25","Millville","17","100.0000","44201","Ozone","47220","Vineland-Bridgeton, NJ","34","New Jersey","011","Cumberland","39.422273","-75.025204"
"09/23/2007","AQS","340110007","1","0.051","ppm","47","Millville","17","100.0000","44201","Ozone","47220","Vineland-Bridgeton, NJ","34","New Jersey","011","Cumberland","39.422273","-75.025204"
"09/24/2007","AQS","340110007","1","0.043","ppm","40","Millville","17","100.0000","44201","Ozone","47220","Vineland-Bridgeton, NJ","34","New Jersey","011","Cumberland","39.422273","-75.025204"
"09/25/2007","AQS","340110007","1","0.053","ppm","49","Millville","17","100.0000","44201","Ozone","47220","Vineland-Bridgeton, NJ","34","New Jersey","011","Cumberland","39.422273","-75.025204"
"09/26/2007","AQS","340110007","1","0.066","ppm","87","Millville","17","100.0000","44201","Ozone","47220","Vineland-Bridgeton, NJ","34","New Jersey","011","Cumberland","39.422273","-75.025204"
"09/27/2007","AQS","340110007","1","0.025","ppm","23","Millville","17","100.0000","44201","Ozone","47220","Vineland-Bridgeton, NJ","34","New Jersey","011","Cumberland","39.422273","-75.025204"
"09/28/2007","AQS","340110007","1","0.043","ppm","40","Millville","17","100.0000","44201","Ozone","47220","Vineland-Bridgeton, NJ","34","New Jersey","011","Cumberland","39.422273","-75.025204"
"09/29/2007","AQS","340110007","1","0.039","ppm","36","Millville","17","100.0000","44201","Ozone","47220","Vineland-Bridgeton, NJ","34","New Jersey","011","Cumberland","39.422273","-75.025204"
"09/30/2007","AQS","340110007","1","0.046","ppm","43","Millville","17","100.0000","44201","Ozone","47220","Vineland-Bridgeton, NJ","34","New Jersey","011","Cumberland","39.422273","-75.025204"
"10/01/2007","AQS","340110007","1","0.036","ppm","33","Millville","17","100.0000","44201","Ozone","47220","Vineland-Bridgeton, NJ","34","New Jersey","011","Cumberland","39.422273","-75.025204"
"10/02/2007","AQS","340110007","1","0.031","ppm","29","Millville","17","100.0000","44201","Ozone","47220","Vineland-Bridgeton, NJ","34","New Jersey","011","Cumberland","39.422273","-75.025204"
"10/03/2007","AQS","340110007","1","0.034","ppm","31","Millville","17","100.0000","44201","Ozone","47220","Vineland-Bridgeton, NJ","34","New Jersey","011","Cumberland","39.422273","-75.025204"
"10/04/2007","AQS","340110007","1","0.03","ppm","28","Millville","17","100.0000","44201","Ozone","47220","Vineland-Bridgeton, NJ","34","New Jersey","011","Cumberland","39.422273","-75.025204"
"10/05/2007","AQS","340110007","1","0.025","ppm","23","Millville","17","100.0000","44201","Ozone","47220","Vineland-Bridgeton, NJ","34","New Jersey","011","Cumberland","39.422273","-75.025204"
"10/06/2007","AQS","340110007","1","0.032","ppm","30","Millville","17","100.0000","44201","Ozone","47220","Vineland-Bridgeton, NJ","34","New Jersey","011","Cumberland","39.422273","-75.025204"
"10/07/2007","AQS","340110007","1","0.054","ppm","50","Millville","17","100.0000","44201","Ozone","47220","Vineland-Bridgeton, NJ","34","New Jersey","011","Cumberland","39.422273","-75.025204"
"10/08/2007","AQS","340110007","1","0.06","ppm","67","Millville","17","100.0000","44201","Ozone","47220","Vineland-Bridgeton, NJ","34","New Jersey","011","Cumberland","39.422273","-75.025204"
"10/09/2007","AQS","340110007","1","0.036","ppm","33","Millville","17","100.0000","44201","Ozone","47220","Vineland-Bridgeton, NJ","34","New Jersey","011","Cumberland","39.422273","-75.025204"
"10/10/2007","AQS","340110007","1","0.041","ppm","38","Millville","17","100.0000","44201","Ozone","47220","Vineland-Bridgeton, NJ","34","New Jersey","011","Cumberland","39.422273","-75.025204"
"10/11/2007","AQS","340110007","1","0.018","ppm","17","Millville","17","100.0000","44201","Ozone","47220","Vineland-Bridgeton, NJ","34","New Jersey","011","Cumberland","39.422273","-75.025204"
"10/12/2007","AQS","340110007","1","0.025","ppm","23","Millville","17","100.0000","44201","Ozone","47220","Vineland-Bridgeton, NJ","34","New Jersey","011","Cumberland","39.422273","-75.025204"
"10/13/2007","AQS","340110007","1","0.034","ppm","31","Millville","17","100.0000","44201","Ozone","47220","Vineland-Bridgeton, NJ","34","New Jersey","011","Cumberland","39.422273","-75.025204"
"10/14/2007","AQS","340110007","1","0.038","ppm","35","Millville","17","100.0000","44201","Ozone","47220","Vineland-Bridgeton, NJ","34","New Jersey","011","Cumberland","39.422273","-75.025204"
"10/15/2007","AQS","340110007","1","0.039","ppm","36","Millville","17","100.0000","44201","Ozone","47220","Vineland-Bridgeton, NJ","34","New Jersey","011","Cumberland","39.422273","-75.025204"
"10/16/2007","AQS","340110007","1","0.041","ppm","38","Millville","17","100.0000","44201","Ozone","47220","Vineland-Bridgeton, NJ","34","New Jersey","011","Cumberland","39.422273","-75.025204"
"10/17/2007","AQS","340110007","1","0.054","ppm","50","Millville","17","100.0000","44201","Ozone","47220","Vineland-Bridgeton, NJ","34","New Jersey","011","Cumberland","39.422273","-75.025204"
"10/18/2007","AQS","340110007","1","0.036","ppm","33","Millville","17","100.0000","44201","Ozone","47220","Vineland-Bridgeton, NJ","34","New Jersey","011","Cumberland","39.422273","-75.025204"
"10/19/2007","AQS","340110007","1","0.033","ppm","31","Millville","17","100.0000","44201","Ozone","47220","Vineland-Bridgeton, NJ","34","New Jersey","011","Cumberland","39.422273","-75.025204"
"10/20/2007","AQS","340110007","1","0.04","ppm","37","Millville","17","100.0000","44201","Ozone","47220","Vineland-Bridgeton, NJ","34","New Jersey","011","Cumberland","39.422273","-75.025204"
"10/21/2007","AQS","340110007","1","0.05","ppm","46","Millville","17","100.0000","44201","Ozone","47220","Vineland-Bridgeton, NJ","34","New Jersey","011","Cumberland","39.422273","-75.025204"
"10/22/2007","AQS","340110007","1","0.049","ppm","45","Millville","17","100.0000","44201","Ozone","47220","Vineland-Bridgeton, NJ","34","New Jersey","011","Cumberland","39.422273","-75.025204"
"10/23/2007","AQS","340110007","1","0.041","ppm","38","Millville","17","100.0000","44201","Ozone","47220","Vineland-Bridgeton, NJ","34","New Jersey","011","Cumberland","39.422273","-75.025204"
"10/24/2007","AQS","340110007","1","0.018","ppm","17","Millville","17","100.0000","44201","Ozone","47220","Vineland-Bridgeton, NJ","34","New Jersey","011","Cumberland","39.422273","-75.025204"
"10/25/2007","AQS","340110007","1","0.031","ppm","29","Millville","17","100.0000","44201","Ozone","47220","Vineland-Bridgeton, NJ","34","New Jersey","011","Cumberland","39.422273","-75.025204"
"10/26/2007","AQS","340110007","1","0.029","ppm","27","Millville","17","100.0000","44201","Ozone","47220","Vineland-Bridgeton, NJ","34","New Jersey","011","Cumberland","39.422273","-75.025204"
"10/27/2007","AQS","340110007","1","0.026","ppm","24","Millville","17","100.0000","44201","Ozone","47220","Vineland-Bridgeton, NJ","34","New Jersey","011","Cumberland","39.422273","-75.025204"
"10/28/2007","AQS","340110007","1","0.032","ppm","30","Millville","17","100.0000","44201","Ozone","47220","Vineland-Bridgeton, NJ","34","New Jersey","011","Cumberland","39.422273","-75.025204"
"10/29/2007","AQS","340110007","1","0.024","ppm","22","Millville","17","100.0000","44201","Ozone","47220","Vineland-Bridgeton, NJ","34","New Jersey","011","Cumberland","39.422273","-75.025204"
"10/30/2007","AQS","340110007","1","0.033","ppm","31","Millville","17","100.0000","44201","Ozone","47220","Vineland-Bridgeton, NJ","34","New Jersey","011","Cumberland","39.422273","-75.025204"
"10/31/2007","AQS","340110007","1","0.044","ppm","41","Millville","17","100.0000","44201","Ozone","47220","Vineland-Bridgeton, NJ","34","New Jersey","011","Cumberland","39.422273","-75.025204"
"11/01/2007","AQS","340110007","1","0.031","ppm","29","Millville","17","100.0000","44201","Ozone","47220","Vineland-Bridgeton, NJ","34","New Jersey","011","Cumberland","39.422273","-75.025204"
"11/02/2007","AQS","340110007","1","0.032","ppm","30","Millville","17","100.0000","44201","Ozone","47220","Vineland-Bridgeton, NJ","34","New Jersey","011","Cumberland","39.422273","-75.025204"
"11/03/2007","AQS","340110007","1","0.029","ppm","27","Millville","17","100.0000","44201","Ozone","47220","Vineland-Bridgeton, NJ","34","New Jersey","011","Cumberland","39.422273","-75.025204"
"11/04/2007","AQS","340110007","1","0.035","ppm","32","Millville","17","100.0000","44201","Ozone","47220","Vineland-Bridgeton, NJ","34","New Jersey","011","Cumberland","39.422273","-75.025204"
"11/05/2007","AQS","340110007","1","0.038","ppm","35","Millville","17","100.0000","44201","Ozone","47220","Vineland-Bridgeton, NJ","34","New Jersey","011","Cumberland","39.422273","-75.025204"
"11/06/2007","AQS","340110007","1","0.027","ppm","25","Millville","17","100.0000","44201","Ozone","47220","Vineland-Bridgeton, NJ","34","New Jersey","011","Cumberland","39.422273","-75.025204"
"11/07/2007","AQS","340110007","1","0.024","ppm","22","Millville","17","100.0000","44201","Ozone","47220","Vineland-Bridgeton, NJ","34","New Jersey","011","Cumberland","39.422273","-75.025204"
"11/08/2007","AQS","340110007","1","0.024","ppm","22","Millville","17","100.0000","44201","Ozone","47220","Vineland-Bridgeton, NJ","34","New Jersey","011","Cumberland","39.422273","-75.025204"
"11/09/2007","AQS","340110007","1","0.018","ppm","17","Millville","17","100.0000","44201","Ozone","47220","Vineland-Bridgeton, NJ","34","New Jersey","011","Cumberland","39.422273","-75.025204"
"11/10/2007","AQS","340110007","1","0.013","ppm","12","Millville","17","100.0000","44201","Ozone","47220","Vineland-Bridgeton, NJ","34","New Jersey","011","Cumberland","39.422273","-75.025204"
"11/11/2007","AQS","340110007","1","0.026","ppm","24","Millville","17","100.0000","44201","Ozone","47220","Vineland-Bridgeton, NJ","34","New Jersey","011","Cumberland","39.422273","-75.025204"
"11/12/2007","AQS","340110007","1","0.023","ppm","21","Millville","17","100.0000","44201","Ozone","47220","Vineland-Bridgeton, NJ","34","New Jersey","011","Cumberland","39.422273","-75.025204"
"11/13/2007","AQS","340110007","1","0.008","ppm","7","Millville","17","100.0000","44201","Ozone","47220","Vineland-Bridgeton, NJ","34","New Jersey","011","Cumberland","39.422273","-75.025204"
"11/14/2007","AQS","340110007","1","0.036","ppm","33","Millville","17","100.0000","44201","Ozone","47220","Vineland-Bridgeton, NJ","34","New Jersey","011","Cumberland","39.422273","-75.025204"
"11/15/2007","AQS","340110007","1","0.023","ppm","21","Millville","17","100.0000","44201","Ozone","47220","Vineland-Bridgeton, NJ","34","New Jersey","011","Cumberland","39.422273","-75.025204"
"11/16/2007","AQS","340110007","1","0.027","ppm","25","Millville","17","100.0000","44201","Ozone","47220","Vineland-Bridgeton, NJ","34","New Jersey","011","Cumberland","39.422273","-75.025204"
"11/17/2007","AQS","340110007","1","0.023","ppm","21","Millville","17","100.0000","44201","Ozone","47220","Vineland-Bridgeton, NJ","34","New Jersey","011","Cumberland","39.422273","-75.025204"
"11/18/2007","AQS","340110007","1","0.032","ppm","30","Millville","17","100.0000","44201","Ozone","47220","Vineland-Bridgeton, NJ","34","New Jersey","011","Cumberland","39.422273","-75.025204"
"11/19/2007","AQS","340110007","1","0.026","ppm","24","Millville","17","100.0000","44201","Ozone","47220","Vineland-Bridgeton, NJ","34","New Jersey","011","Cumberland","39.422273","-75.025204"
"11/20/2007","AQS","340110007","1","0.022","ppm","20","Millville","17","100.0000","44201","Ozone","47220","Vineland-Bridgeton, NJ","34","New Jersey","011","Cumberland","39.422273","-75.025204"
"11/21/2007","AQS","340110007","1","0.034","ppm","31","Millville","17","100.0000","44201","Ozone","47220","Vineland-Bridgeton, NJ","34","New Jersey","011","Cumberland","39.422273","-75.025204"
"11/22/2007","AQS","340110007","1","0.037","ppm","34","Millville","17","100.0000","44201","Ozone","47220","Vineland-Bridgeton, NJ","34","New Jersey","011","Cumberland","39.422273","-75.025204"
"11/23/2007","AQS","340110007","1","0.03","ppm","28","Millville","17","100.0000","44201","Ozone","47220","Vineland-Bridgeton, NJ","34","New Jersey","011","Cumberland","39.422273","-75.025204"
"11/24/2007","AQS","340110007","1","0.029","ppm","27","Millville","17","100.0000","44201","Ozone","47220","Vineland-Bridgeton, NJ","34","New Jersey","011","Cumberland","39.422273","-75.025204"
"11/25/2007","AQS","340110007","1","0.026","ppm","24","Millville","17","100.0000","44201","Ozone","47220","Vineland-Bridgeton, NJ","34","New Jersey","011","Cumberland","39.422273","-75.025204"
"11/26/2007","AQS","340110007","1","0.015","ppm","14","Millville","17","100.0000","44201","Ozone","47220","Vineland-Bridgeton, NJ","34","New Jersey","011","Cumberland","39.422273","-75.025204"
"11/27/2007","AQS","340110007","1","0.022","ppm","20","Millville","17","100.0000","44201","Ozone","47220","Vineland-Bridgeton, NJ","34","New Jersey","011","Cumberland","39.422273","-75.025204"
"11/28/2007","AQS","340110007","1","0.021","ppm","19","Millville","17","100.0000","44201","Ozone","47220","Vineland-Bridgeton, NJ","34","New Jersey","011","Cumberland","39.422273","-75.025204"
"11/29/2007","AQS","340110007","1","0.024","ppm","22","Millville","17","100.0000","44201","Ozone","47220","Vineland-Bridgeton, NJ","34","New Jersey","011","Cumberland","39.422273","-75.025204"
"11/30/2007","AQS","340110007","1","0.021","ppm","19","Millville","17","100.0000","44201","Ozone","47220","Vineland-Bridgeton, NJ","34","New Jersey","011","Cumberland","39.422273","-75.025204"
"12/01/2007","AQS","340110007","1","0.031","ppm","29","Millville","17","100.0000","44201","Ozone","47220","Vineland-Bridgeton, NJ","34","New Jersey","011","Cumberland","39.422273","-75.025204"
"12/02/2007","AQS","340110007","1","0.03","ppm","28","Millville","17","100.0000","44201","Ozone","47220","Vineland-Bridgeton, NJ","34","New Jersey","011","Cumberland","39.422273","-75.025204"
"12/03/2007","AQS","340110007","1","0.033","ppm","31","Millville","17","100.0000","44201","Ozone","47220","Vineland-Bridgeton, NJ","34","New Jersey","011","Cumberland","39.422273","-75.025204"
"12/04/2007","AQS","340110007","1","0.033","ppm","31","Millville","17","100.0000","44201","Ozone","47220","Vineland-Bridgeton, NJ","34","New Jersey","011","Cumberland","39.422273","-75.025204"
"12/05/2007","AQS","340110007","1","0.019","ppm","18","Millville","17","100.0000","44201","Ozone","47220","Vineland-Bridgeton, NJ","34","New Jersey","011","Cumberland","39.422273","-75.025204"
"12/06/2007","AQS","340110007","1","0.024","ppm","22","Millville","17","100.0000","44201","Ozone","47220","Vineland-Bridgeton, NJ","34","New Jersey","011","Cumberland","39.422273","-75.025204"
"12/07/2007","AQS","340110007","1","0.02","ppm","19","Millville","15","88.0000","44201","Ozone","47220","Vineland-Bridgeton, NJ","34","New Jersey","011","Cumberland","39.422273","-75.025204"
"12/08/2007","AQS","340110007","1","0.012","ppm","11","Millville","17","100.0000","44201","Ozone","47220","Vineland-Bridgeton, NJ","34","New Jersey","011","Cumberland","39.422273","-75.025204"
"12/09/2007","AQS","340110007","1","0.012","ppm","11","Millville","17","100.0000","44201","Ozone","47220","Vineland-Bridgeton, NJ","34","New Jersey","011","Cumberland","39.422273","-75.025204"
"12/10/2007","AQS","340110007","1","0.001","ppm","1","Millville","17","100.0000","44201","Ozone","47220","Vineland-Bridgeton, NJ","34","New Jersey","011","Cumberland","39.422273","-75.025204"
"12/11/2007","AQS","340110007","1","0.009","ppm","8","Millville","17","100.0000","44201","Ozone","47220","Vineland-Bridgeton, NJ","34","New Jersey","011","Cumberland","39.422273","-75.025204"
"12/12/2007","AQS","340110007","1","0.024","ppm","22","Millville","17","100.0000","44201","Ozone","47220","Vineland-Bridgeton, NJ","34","New Jersey","011","Cumberland","39.422273","-75.025204"
"12/13/2007","AQS","340110007","1","0.018","ppm","17","Millville","17","100.0000","44201","Ozone","47220","Vineland-Bridgeton, NJ","34","New Jersey","011","Cumberland","39.422273","-75.025204"
"12/14/2007","AQS","340110007","1","0.013","ppm","12","Millville","17","100.0000","44201","Ozone","47220","Vineland-Bridgeton, NJ","34","New Jersey","011","Cumberland","39.422273","-75.025204"
"12/15/2007","AQS","340110007","1","0.039","ppm","36","Millville","17","100.0000","44201","Ozone","47220","Vineland-Bridgeton, NJ","34","New Jersey","011","Cumberland","39.422273","-75.025204"
"12/16/2007","AQS","340110007","1","0.034","ppm","31","Millville","17","100.0000","44201","Ozone","47220","Vineland-Bridgeton, NJ","34","New Jersey","011","Cumberland","39.422273","-75.025204"
"12/17/2007","AQS","340110007","1","0.036","ppm","33","Millville","17","100.0000","44201","Ozone","47220","Vineland-Bridgeton, NJ","34","New Jersey","011","Cumberland","39.422273","-75.025204"
"12/18/2007","AQS","340110007","1","0.022","ppm","20","Millville","17","100.0000","44201","Ozone","47220","Vineland-Bridgeton, NJ","34","New Jersey","011","Cumberland","39.422273","-75.025204"
"12/19/2007","AQS","340110007","1","0.029","ppm","27","Millville","17","100.0000","44201","Ozone","47220","Vineland-Bridgeton, NJ","34","New Jersey","011","Cumberland","39.422273","-75.025204"
"12/20/2007","AQS","340110007","1","0.018","ppm","17","Millville","17","100.0000","44201","Ozone","47220","Vineland-Bridgeton, NJ","34","New Jersey","011","Cumberland","39.422273","-75.025204"
"12/21/2007","AQS","340110007","1","0.031","ppm","29","Millville","17","100.0000","44201","Ozone","47220","Vineland-Bridgeton, NJ","34","New Jersey","011","Cumberland","39.422273","-75.025204"
"12/22/2007","AQS","340110007","1","0.035","ppm","32","Millville","17","100.0000","44201","Ozone","47220","Vineland-Bridgeton, NJ","34","New Jersey","011","Cumberland","39.422273","-75.025204"
"12/23/2007","AQS","340110007","1","0.038","ppm","35","Millville","17","100.0000","44201","Ozone","47220","Vineland-Bridgeton, NJ","34","New Jersey","011","Cumberland","39.422273","-75.025204"
"12/24/2007","AQS","340110007","1","0.034","ppm","31","Millville","17","100.0000","44201","Ozone","47220","Vineland-Bridgeton, NJ","34","New Jersey","011","Cumberland","39.422273","-75.025204"
"12/25/2007","AQS","340110007","1","0.021","ppm","19","Millville","17","100.0000","44201","Ozone","47220","Vineland-Bridgeton, NJ","34","New Jersey","011","Cumberland","39.422273","-75.025204"
"12/26/2007","AQS","340110007","1","0.006","ppm","6","Millville","17","100.0000","44201","Ozone","47220","Vineland-Bridgeton, NJ","34","New Jersey","011","Cumberland","39.422273","-75.025204"
"12/27/2007","AQS","340110007","1","0.009","ppm","8","Millville","17","100.0000","44201","Ozone","47220","Vineland-Bridgeton, NJ","34","New Jersey","011","Cumberland","39.422273","-75.025204"
"12/28/2007","AQS","340110007","1","0.031","ppm","29","Millville","17","100.0000","44201","Ozone","47220","Vineland-Bridgeton, NJ","34","New Jersey","011","Cumberland","39.422273","-75.025204"
"12/29/2007","AQS","340110007","1","0.017","ppm","16","Millville","17","100.0000","44201","Ozone","47220","Vineland-Bridgeton, NJ","34","New Jersey","011","Cumberland","39.422273","-75.025204"
"12/30/2007","AQS","340110007","1","0.024","ppm","22","Millville","17","100.0000","44201","Ozone","47220","Vineland-Bridgeton, NJ","34","New Jersey","011","Cumberland","39.422273","-75.025204"
"01/01/2007","AQS","340150002","1","0.025","ppm","23","Clarksboro","17","100.0000","44201","Ozone","37980","Philadelphia-Camden-Wilmington, PA-NJ-DE-MD","34","New Jersey","015","Gloucester","39.800339","-75.212119"
"01/02/2007","AQS","340150002","1","0.027","ppm","25","Clarksboro","17","100.0000","44201","Ozone","37980","Philadelphia-Camden-Wilmington, PA-NJ-DE-MD","34","New Jersey","015","Gloucester","39.800339","-75.212119"
"01/03/2007","AQS","340150002","1","0.017","ppm","16","Clarksboro","17","100.0000","44201","Ozone","37980","Philadelphia-Camden-Wilmington, PA-NJ-DE-MD","34","New Jersey","015","Gloucester","39.800339","-75.212119"
"01/04/2007","AQS","340150002","1","0.016","ppm","15","Clarksboro","17","100.0000","44201","Ozone","37980","Philadelphia-Camden-Wilmington, PA-NJ-DE-MD","34","New Jersey","015","Gloucester","39.800339","-75.212119"
"01/05/2007","AQS","340150002","1","0.015","ppm","14","Clarksboro","17","100.0000","44201","Ozone","37980","Philadelphia-Camden-Wilmington, PA-NJ-DE-MD","34","New Jersey","015","Gloucester","39.800339","-75.212119"
"01/06/2007","AQS","340150002","1","0.027","ppm","25","Clarksboro","17","100.0000","44201","Ozone","37980","Philadelphia-Camden-Wilmington, PA-NJ-DE-MD","34","New Jersey","015","Gloucester","39.800339","-75.212119"
"01/07/2007","AQS","340150002","1","0.026","ppm","24","Clarksboro","17","100.0000","44201","Ozone","37980","Philadelphia-Camden-Wilmington, PA-NJ-DE-MD","34","New Jersey","015","Gloucester","39.800339","-75.212119"
"01/08/2007","AQS","340150002","1","0.029","ppm","27","Clarksboro","17","100.0000","44201","Ozone","37980","Philadelphia-Camden-Wilmington, PA-NJ-DE-MD","34","New Jersey","015","Gloucester","39.800339","-75.212119"
"01/09/2007","AQS","340150002","1","0.024","ppm","22","Clarksboro","17","100.0000","44201","Ozone","37980","Philadelphia-Camden-Wilmington, PA-NJ-DE-MD","34","New Jersey","015","Gloucester","39.800339","-75.212119"
"01/10/2007","AQS","340150002","1","0.028","ppm","26","Clarksboro","17","100.0000","44201","Ozone","37980","Philadelphia-Camden-Wilmington, PA-NJ-DE-MD","34","New Jersey","015","Gloucester","39.800339","-75.212119"
"01/11/2007","AQS","340150002","1","0.023","ppm","21","Clarksboro","17","100.0000","44201","Ozone","37980","Philadelphia-Camden-Wilmington, PA-NJ-DE-MD","34","New Jersey","015","Gloucester","39.800339","-75.212119"
"01/12/2007","AQS","340150002","1","0.017","ppm","16","Clarksboro","17","100.0000","44201","Ozone","37980","Philadelphia-Camden-Wilmington, PA-NJ-DE-MD","34","New Jersey","015","Gloucester","39.800339","-75.212119"
"01/13/2007","AQS","340150002","1","0.015","ppm","14","Clarksboro","17","100.0000","44201","Ozone","37980","Philadelphia-Camden-Wilmington, PA-NJ-DE-MD","34","New Jersey","015","Gloucester","39.800339","-75.212119"
"01/14/2007","AQS","340150002","1","0.002","ppm","2","Clarksboro","17","100.0000","44201","Ozone","37980","Philadelphia-Camden-Wilmington, PA-NJ-DE-MD","34","New Jersey","015","Gloucester","39.800339","-75.212119"
"01/15/2007","AQS","340150002","1","0.025","ppm","23","Clarksboro","17","100.0000","44201","Ozone","37980","Philadelphia-Camden-Wilmington, PA-NJ-DE-MD","34","New Jersey","015","Gloucester","39.800339","-75.212119"
"01/16/2007","AQS","340150002","1","0.028","ppm","26","Clarksboro","17","100.0000","44201","Ozone","37980","Philadelphia-Camden-Wilmington, PA-NJ-DE-MD","34","New Jersey","015","Gloucester","39.800339","-75.212119"
"01/17/2007","AQS","340150002","1","0.03","ppm","28","Clarksboro","17","100.0000","44201","Ozone","37980","Philadelphia-Camden-Wilmington, PA-NJ-DE-MD","34","New Jersey","015","Gloucester","39.800339","-75.212119"
"01/18/2007","AQS","340150002","1","0.005","ppm","5","Clarksboro","17","100.0000","44201","Ozone","37980","Philadelphia-Camden-Wilmington, PA-NJ-DE-MD","34","New Jersey","015","Gloucester","39.800339","-75.212119"
"01/19/2007","AQS","340150002","1","0.025","ppm","23","Clarksboro","17","100.0000","44201","Ozone","37980","Philadelphia-Camden-Wilmington, PA-NJ-DE-MD","34","New Jersey","015","Gloucester","39.800339","-75.212119"
"01/20/2007","AQS","340150002","1","0.032","ppm","30","Clarksboro","17","100.0000","44201","Ozone","37980","Philadelphia-Camden-Wilmington, PA-NJ-DE-MD","34","New Jersey","015","Gloucester","39.800339","-75.212119"
"01/21/2007","AQS","340150002","1","0.029","ppm","27","Clarksboro","17","100.0000","44201","Ozone","37980","Philadelphia-Camden-Wilmington, PA-NJ-DE-MD","34","New Jersey","015","Gloucester","39.800339","-75.212119"
"01/22/2007","AQS","340150002","1","0.004","ppm","4","Clarksboro","17","100.0000","44201","Ozone","37980","Philadelphia-Camden-Wilmington, PA-NJ-DE-MD","34","New Jersey","015","Gloucester","39.800339","-75.212119"
"01/23/2007","AQS","340150002","1","0.025","ppm","23","Clarksboro","17","100.0000","44201","Ozone","37980","Philadelphia-Camden-Wilmington, PA-NJ-DE-MD","34","New Jersey","015","Gloucester","39.800339","-75.212119"
"01/24/2007","AQS","340150002","1","0.02","ppm","19","Clarksboro","17","100.0000","44201","Ozone","37980","Philadelphia-Camden-Wilmington, PA-NJ-DE-MD","34","New Jersey","015","Gloucester","39.800339","-75.212119"
"01/25/2007","AQS","340150002","1","0.028","ppm","26","Clarksboro","17","100.0000","44201","Ozone","37980","Philadelphia-Camden-Wilmington, PA-NJ-DE-MD","34","New Jersey","015","Gloucester","39.800339","-75.212119"
"01/26/2007","AQS","340150002","1","0.032","ppm","30","Clarksboro","17","100.0000","44201","Ozone","37980","Philadelphia-Camden-Wilmington, PA-NJ-DE-MD","34","New Jersey","015","Gloucester","39.800339","-75.212119"
"01/27/2007","AQS","340150002","1","0.019","ppm","18","Clarksboro","17","100.0000","44201","Ozone","37980","Philadelphia-Camden-Wilmington, PA-NJ-DE-MD","34","New Jersey","015","Gloucester","39.800339","-75.212119"
"01/28/2007","AQS","340150002","1","0.02","ppm","19","Clarksboro","17","100.0000","44201","Ozone","37980","Philadelphia-Camden-Wilmington, PA-NJ-DE-MD","34","New Jersey","015","Gloucester","39.800339","-75.212119"
"01/29/2007","AQS","340150002","1","0.027","ppm","25","Clarksboro","17","100.0000","44201","Ozone","37980","Philadelphia-Camden-Wilmington, PA-NJ-DE-MD","34","New Jersey","015","Gloucester","39.800339","-75.212119"
"01/30/2007","AQS","340150002","1","0.029","ppm","27","Clarksboro","17","100.0000","44201","Ozone","37980","Philadelphia-Camden-Wilmington, PA-NJ-DE-MD","34","New Jersey","015","Gloucester","39.800339","-75.212119"
"01/31/2007","AQS","340150002","1","0.022","ppm","20","Clarksboro","17","100.0000","44201","Ozone","37980","Philadelphia-Camden-Wilmington, PA-NJ-DE-MD","34","New Jersey","015","Gloucester","39.800339","-75.212119"
"02/01/2007","AQS","340150002","1","0.024","ppm","22","Clarksboro","17","100.0000","44201","Ozone","37980","Philadelphia-Camden-Wilmington, PA-NJ-DE-MD","34","New Jersey","015","Gloucester","39.800339","-75.212119"
"02/02/2007","AQS","340150002","1","0.016","ppm","15","Clarksboro","17","100.0000","44201","Ozone","37980","Philadelphia-Camden-Wilmington, PA-NJ-DE-MD","34","New Jersey","015","Gloucester","39.800339","-75.212119"
"02/03/2007","AQS","340150002","1","0.031","ppm","29","Clarksboro","17","100.0000","44201","Ozone","37980","Philadelphia-Camden-Wilmington, PA-NJ-DE-MD","34","New Jersey","015","Gloucester","39.800339","-75.212119"
"02/04/2007","AQS","340150002","1","0.03","ppm","28","Clarksboro","17","100.0000","44201","Ozone","37980","Philadelphia-Camden-Wilmington, PA-NJ-DE-MD","34","New Jersey","015","Gloucester","39.800339","-75.212119"
"02/05/2007","AQS","340150002","1","0.028","ppm","26","Clarksboro","17","100.0000","44201","Ozone","37980","Philadelphia-Camden-Wilmington, PA-NJ-DE-MD","34","New Jersey","015","Gloucester","39.800339","-75.212119"
"02/06/2007","AQS","340150002","1","0.025","ppm","23","Clarksboro","17","100.0000","44201","Ozone","37980","Philadelphia-Camden-Wilmington, PA-NJ-DE-MD","34","New Jersey","015","Gloucester","39.800339","-75.212119"
"02/07/2007","AQS","340150002","1","0.028","ppm","26","Clarksboro","17","100.0000","44201","Ozone","37980","Philadelphia-Camden-Wilmington, PA-NJ-DE-MD","34","New Jersey","015","Gloucester","39.800339","-75.212119"
"02/08/2007","AQS","340150002","1","0.029","ppm","27","Clarksboro","17","100.0000","44201","Ozone","37980","Philadelphia-Camden-Wilmington, PA-NJ-DE-MD","34","New Jersey","015","Gloucester","39.800339","-75.212119"
"02/09/2007","AQS","340150002","1","0.028","ppm","26","Clarksboro","17","100.0000","44201","Ozone","37980","Philadelphia-Camden-Wilmington, PA-NJ-DE-MD","34","New Jersey","015","Gloucester","39.800339","-75.212119"
"02/10/2007","AQS","340150002","1","0.03","ppm","28","Clarksboro","17","100.0000","44201","Ozone","37980","Philadelphia-Camden-Wilmington, PA-NJ-DE-MD","34","New Jersey","015","Gloucester","39.800339","-75.212119"
"02/11/2007","AQS","340150002","1","0.031","ppm","29","Clarksboro","17","100.0000","44201","Ozone","37980","Philadelphia-Camden-Wilmington, PA-NJ-DE-MD","34","New Jersey","015","Gloucester","39.800339","-75.212119"
"02/12/2007","AQS","340150002","1","0.024","ppm","22","Clarksboro","17","100.0000","44201","Ozone","37980","Philadelphia-Camden-Wilmington, PA-NJ-DE-MD","34","New Jersey","015","Gloucester","39.800339","-75.212119"
"02/13/2007","AQS","340150002","1","0.023","ppm","21","Clarksboro","17","100.0000","44201","Ozone","37980","Philadelphia-Camden-Wilmington, PA-NJ-DE-MD","34","New Jersey","015","Gloucester","39.800339","-75.212119"
"02/14/2007","AQS","340150002","1","0.028","ppm","26","Clarksboro","17","100.0000","44201","Ozone","37980","Philadelphia-Camden-Wilmington, PA-NJ-DE-MD","34","New Jersey","015","Gloucester","39.800339","-75.212119"
"02/15/2007","AQS","340150002","1","0.034","ppm","31","Clarksboro","17","100.0000","44201","Ozone","37980","Philadelphia-Camden-Wilmington, PA-NJ-DE-MD","34","New Jersey","015","Gloucester","39.800339","-75.212119"
"02/16/2007","AQS","340150002","1","0.033","ppm","31","Clarksboro","17","100.0000","44201","Ozone","37980","Philadelphia-Camden-Wilmington, PA-NJ-DE-MD","34","New Jersey","015","Gloucester","39.800339","-75.212119"
"02/17/2007","AQS","340150002","1","0.033","ppm","31","Clarksboro","17","100.0000","44201","Ozone","37980","Philadelphia-Camden-Wilmington, PA-NJ-DE-MD","34","New Jersey","015","Gloucester","39.800339","-75.212119"
"02/18/2007","AQS","340150002","1","0.037","ppm","34","Clarksboro","17","100.0000","44201","Ozone","37980","Philadelphia-Camden-Wilmington, PA-NJ-DE-MD","34","New Jersey","015","Gloucester","39.800339","-75.212119"
"02/19/2007","AQS","340150002","1","0.038","ppm","35","Clarksboro","17","100.0000","44201","Ozone","37980","Philadelphia-Camden-Wilmington, PA-NJ-DE-MD","34","New Jersey","015","Gloucester","39.800339","-75.212119"
"02/20/2007","AQS","340150002","1","0.03","ppm","28","Clarksboro","17","100.0000","44201","Ozone","37980","Philadelphia-Camden-Wilmington, PA-NJ-DE-MD","34","New Jersey","015","Gloucester","39.800339","-75.212119"
"02/21/2007","AQS","340150002","1","0.033","ppm","31","Clarksboro","17","100.0000","44201","Ozone","37980","Philadelphia-Camden-Wilmington, PA-NJ-DE-MD","34","New Jersey","015","Gloucester","39.800339","-75.212119"
"02/22/2007","AQS","340150002","1","0.03","ppm","28","Clarksboro","17","100.0000","44201","Ozone","37980","Philadelphia-Camden-Wilmington, PA-NJ-DE-MD","34","New Jersey","015","Gloucester","39.800339","-75.212119"
"02/23/2007","AQS","340150002","1","0.039","ppm","36","Clarksboro","17","100.0000","44201","Ozone","37980","Philadelphia-Camden-Wilmington, PA-NJ-DE-MD","34","New Jersey","015","Gloucester","39.800339","-75.212119"
"02/24/2007","AQS","340150002","1","0.039","ppm","36","Clarksboro","17","100.0000","44201","Ozone","37980","Philadelphia-Camden-Wilmington, PA-NJ-DE-MD","34","New Jersey","015","Gloucester","39.800339","-75.212119"
"02/25/2007","AQS","340150002","1","0.029","ppm","27","Clarksboro","17","100.0000","44201","Ozone","37980","Philadelphia-Camden-Wilmington, PA-NJ-DE-MD","34","New Jersey","015","Gloucester","39.800339","-75.212119"
"02/26/2007","AQS","340150002","1","0.007","ppm","6","Clarksboro","17","100.0000","44201","Ozone","37980","Philadelphia-Camden-Wilmington, PA-NJ-DE-MD","34","New Jersey","015","Gloucester","39.800339","-75.212119"
"02/27/2007","AQS","340150002","1","0.025","ppm","23","Clarksboro","17","100.0000","44201","Ozone","37980","Philadelphia-Camden-Wilmington, PA-NJ-DE-MD","34","New Jersey","015","Gloucester","39.800339","-75.212119"
"02/28/2007","AQS","340150002","1","0.023","ppm","21","Clarksboro","17","100.0000","44201","Ozone","37980","Philadelphia-Camden-Wilmington, PA-NJ-DE-MD","34","New Jersey","015","Gloucester","39.800339","-75.212119"
"03/01/2007","AQS","340150002","1","0.046","ppm","43","Clarksboro","17","100.0000","44201","Ozone","37980","Philadelphia-Camden-Wilmington, PA-NJ-DE-MD","34","New Jersey","015","Gloucester","39.800339","-75.212119"
"03/02/2007","AQS","340150002","1","0.042","ppm","39","Clarksboro","17","100.0000","44201","Ozone","37980","Philadelphia-Camden-Wilmington, PA-NJ-DE-MD","34","New Jersey","015","Gloucester","39.800339","-75.212119"
"03/03/2007","AQS","340150002","1","0.039","ppm","36","Clarksboro","17","100.0000","44201","Ozone","37980","Philadelphia-Camden-Wilmington, PA-NJ-DE-MD","34","New Jersey","015","Gloucester","39.800339","-75.212119"
"03/04/2007","AQS","340150002","1","0.037","ppm","34","Clarksboro","17","100.0000","44201","Ozone","37980","Philadelphia-Camden-Wilmington, PA-NJ-DE-MD","34","New Jersey","015","Gloucester","39.800339","-75.212119"
"03/05/2007","AQS","340150002","1","0.042","ppm","39","Clarksboro","17","100.0000","44201","Ozone","37980","Philadelphia-Camden-Wilmington, PA-NJ-DE-MD","34","New Jersey","015","Gloucester","39.800339","-75.212119"
"03/06/2007","AQS","340150002","1","0.041","ppm","38","Clarksboro","17","100.0000","44201","Ozone","37980","Philadelphia-Camden-Wilmington, PA-NJ-DE-MD","34","New Jersey","015","Gloucester","39.800339","-75.212119"
"03/07/2007","AQS","340150002","1","0.028","ppm","26","Clarksboro","17","100.0000","44201","Ozone","37980","Philadelphia-Camden-Wilmington, PA-NJ-DE-MD","34","New Jersey","015","Gloucester","39.800339","-75.212119"
"03/08/2007","AQS","340150002","1","0.042","ppm","39","Clarksboro","17","100.0000","44201","Ozone","37980","Philadelphia-Camden-Wilmington, PA-NJ-DE-MD","34","New Jersey","015","Gloucester","39.800339","-75.212119"
"03/09/2007","AQS","340150002","1","0.041","ppm","38","Clarksboro","17","100.0000","44201","Ozone","37980","Philadelphia-Camden-Wilmington, PA-NJ-DE-MD","34","New Jersey","015","Gloucester","39.800339","-75.212119"
"03/10/2007","AQS","340150002","1","0.046","ppm","43","Clarksboro","17","100.0000","44201","Ozone","37980","Philadelphia-Camden-Wilmington, PA-NJ-DE-MD","34","New Jersey","015","Gloucester","39.800339","-75.212119"
"03/11/2007","AQS","340150002","1","0.048","ppm","44","Clarksboro","17","100.0000","44201","Ozone","37980","Philadelphia-Camden-Wilmington, PA-NJ-DE-MD","34","New Jersey","015","Gloucester","39.800339","-75.212119"
"03/12/2007","AQS","340150002","1","0.039","ppm","36","Clarksboro","14","82.0000","44201","Ozone","37980","Philadelphia-Camden-Wilmington, PA-NJ-DE-MD","34","New Jersey","015","Gloucester","39.800339","-75.212119"
"03/13/2007","AQS","340150002","1","0.051","ppm","47","Clarksboro","17","100.0000","44201","Ozone","37980","Philadelphia-Camden-Wilmington, PA-NJ-DE-MD","34","New Jersey","015","Gloucester","39.800339","-75.212119"
"03/14/2007","AQS","340150002","1","0.065","ppm","84","Clarksboro","17","100.0000","44201","Ozone","37980","Philadelphia-Camden-Wilmington, PA-NJ-DE-MD","34","New Jersey","015","Gloucester","39.800339","-75.212119"
"03/15/2007","AQS","340150002","1","0.035","ppm","32","Clarksboro","17","100.0000","44201","Ozone","37980","Philadelphia-Camden-Wilmington, PA-NJ-DE-MD","34","New Jersey","015","Gloucester","39.800339","-75.212119"
"03/16/2007","AQS","340150002","1","0.029","ppm","27","Clarksboro","17","100.0000","44201","Ozone","37980","Philadelphia-Camden-Wilmington, PA-NJ-DE-MD","34","New Jersey","015","Gloucester","39.800339","-75.212119"
"03/17/2007","AQS","340150002","1","0.04","ppm","37","Clarksboro","17","100.0000","44201","Ozone","37980","Philadelphia-Camden-Wilmington, PA-NJ-DE-MD","34","New Jersey","015","Gloucester","39.800339","-75.212119"
"03/18/2007","AQS","340150002","1","0.045","ppm","42","Clarksboro","17","100.0000","44201","Ozone","37980","Philadelphia-Camden-Wilmington, PA-NJ-DE-MD","34","New Jersey","015","Gloucester","39.800339","-75.212119"
"03/19/2007","AQS","340150002","1","0.046","ppm","43","Clarksboro","17","100.0000","44201","Ozone","37980","Philadelphia-Camden-Wilmington, PA-NJ-DE-MD","34","New Jersey","015","Gloucester","39.800339","-75.212119"
"03/20/2007","AQS","340150002","1","0.045","ppm","42","Clarksboro","17","100.0000","44201","Ozone","37980","Philadelphia-Camden-Wilmington, PA-NJ-DE-MD","34","New Jersey","015","Gloucester","39.800339","-75.212119"
"03/21/2007","AQS","340150002","1","0.041","ppm","38","Clarksboro","17","100.0000","44201","Ozone","37980","Philadelphia-Camden-Wilmington, PA-NJ-DE-MD","34","New Jersey","015","Gloucester","39.800339","-75.212119"
"03/22/2007","AQS","340150002","1","0.052","ppm","48","Clarksboro","17","100.0000","44201","Ozone","37980","Philadelphia-Camden-Wilmington, PA-NJ-DE-MD","34","New Jersey","015","Gloucester","39.800339","-75.212119"
"03/23/2007","AQS","340150002","1","0.015","ppm","14","Clarksboro","17","100.0000","44201","Ozone","37980","Philadelphia-Camden-Wilmington, PA-NJ-DE-MD","34","New Jersey","015","Gloucester","39.800339","-75.212119"
"03/24/2007","AQS","340150002","1","0.036","ppm","33","Clarksboro","17","100.0000","44201","Ozone","37980","Philadelphia-Camden-Wilmington, PA-NJ-DE-MD","34","New Jersey","015","Gloucester","39.800339","-75.212119"
"03/25/2007","AQS","340150002","1","0.041","ppm","38","Clarksboro","17","100.0000","44201","Ozone","37980","Philadelphia-Camden-Wilmington, PA-NJ-DE-MD","34","New Jersey","015","Gloucester","39.800339","-75.212119"
"03/26/2007","AQS","340150002","1","0.037","ppm","34","Clarksboro","17","100.0000","44201","Ozone","37980","Philadelphia-Camden-Wilmington, PA-NJ-DE-MD","34","New Jersey","015","Gloucester","39.800339","-75.212119"
"03/27/2007","AQS","340150002","1","0.048","ppm","44","Clarksboro","17","100.0000","44201","Ozone","37980","Philadelphia-Camden-Wilmington, PA-NJ-DE-MD","34","New Jersey","015","Gloucester","39.800339","-75.212119"
"03/28/2007","AQS","340150002","1","0.04","ppm","37","Clarksboro","17","100.0000","44201","Ozone","37980","Philadelphia-Camden-Wilmington, PA-NJ-DE-MD","34","New Jersey","015","Gloucester","39.800339","-75.212119"
"03/29/2007","AQS","340150002","1","0.042","ppm","39","Clarksboro","17","100.0000","44201","Ozone","37980","Philadelphia-Camden-Wilmington, PA-NJ-DE-MD","34","New Jersey","015","Gloucester","39.800339","-75.212119"
"03/30/2007","AQS","340150002","1","0.037","ppm","34","Clarksboro","17","100.0000","44201","Ozone","37980","Philadelphia-Camden-Wilmington, PA-NJ-DE-MD","34","New Jersey","015","Gloucester","39.800339","-75.212119"
"03/31/2007","AQS","340150002","1","0.043","ppm","40","Clarksboro","17","100.0000","44201","Ozone","37980","Philadelphia-Camden-Wilmington, PA-NJ-DE-MD","34","New Jersey","015","Gloucester","39.800339","-75.212119"
"04/01/2007","AQS","340150002","1","0.042","ppm","39","Clarksboro","17","100.0000","44201","Ozone","37980","Philadelphia-Camden-Wilmington, PA-NJ-DE-MD","34","New Jersey","015","Gloucester","39.800339","-75.212119"
"04/02/2007","AQS","340150002","1","0.047","ppm","44","Clarksboro","17","100.0000","44201","Ozone","37980","Philadelphia-Camden-Wilmington, PA-NJ-DE-MD","34","New Jersey","015","Gloucester","39.800339","-75.212119"
"04/03/2007","AQS","340150002","1","0.041","ppm","38","Clarksboro","17","100.0000","44201","Ozone","37980","Philadelphia-Camden-Wilmington, PA-NJ-DE-MD","34","New Jersey","015","Gloucester","39.800339","-75.212119"
"04/04/2007","AQS","340150002","1","0.028","ppm","26","Clarksboro","17","100.0000","44201","Ozone","37980","Philadelphia-Camden-Wilmington, PA-NJ-DE-MD","34","New Jersey","015","Gloucester","39.800339","-75.212119"
"04/05/2007","AQS","340150002","1","0.03","ppm","28","Clarksboro","17","100.0000","44201","Ozone","37980","Philadelphia-Camden-Wilmington, PA-NJ-DE-MD","34","New Jersey","015","Gloucester","39.800339","-75.212119"
"04/06/2007","AQS","340150002","1","0.034","ppm","31","Clarksboro","17","100.0000","44201","Ozone","37980","Philadelphia-Camden-Wilmington, PA-NJ-DE-MD","34","New Jersey","015","Gloucester","39.800339","-75.212119"
"04/07/2007","AQS","340150002","1","0.035","ppm","32","Clarksboro","17","100.0000","44201","Ozone","37980","Philadelphia-Camden-Wilmington, PA-NJ-DE-MD","34","New Jersey","015","Gloucester","39.800339","-75.212119"
"04/08/2007","AQS","340150002","1","0.029","ppm","27","Clarksboro","17","100.0000","44201","Ozone","37980","Philadelphia-Camden-Wilmington, PA-NJ-DE-MD","34","New Jersey","015","Gloucester","39.800339","-75.212119"
"04/09/2007","AQS","340150002","1","0.034","ppm","31","Clarksboro","17","100.0000","44201","Ozone","37980","Philadelphia-Camden-Wilmington, PA-NJ-DE-MD","34","New Jersey","015","Gloucester","39.800339","-75.212119"
"04/10/2007","AQS","340150002","1","0.04","ppm","37","Clarksboro","17","100.0000","44201","Ozone","37980","Philadelphia-Camden-Wilmington, PA-NJ-DE-MD","34","New Jersey","015","Gloucester","39.800339","-75.212119"
"04/11/2007","AQS","340150002","1","0.046","ppm","43","Clarksboro","17","100.0000","44201","Ozone","37980","Philadelphia-Camden-Wilmington, PA-NJ-DE-MD","34","New Jersey","015","Gloucester","39.800339","-75.212119"
"04/12/2007","AQS","340150002","1","0.032","ppm","30","Clarksboro","17","100.0000","44201","Ozone","37980","Philadelphia-Camden-Wilmington, PA-NJ-DE-MD","34","New Jersey","015","Gloucester","39.800339","-75.212119"
"04/13/2007","AQS","340150002","1","0.038","ppm","35","Clarksboro","17","100.0000","44201","Ozone","37980","Philadelphia-Camden-Wilmington, PA-NJ-DE-MD","34","New Jersey","015","Gloucester","39.800339","-75.212119"
"04/14/2007","AQS","340150002","1","0.05","ppm","46","Clarksboro","17","100.0000","44201","Ozone","37980","Philadelphia-Camden-Wilmington, PA-NJ-DE-MD","34","New Jersey","015","Gloucester","39.800339","-75.212119"
"04/15/2007","AQS","340150002","1","0.038","ppm","35","Clarksboro","17","100.0000","44201","Ozone","37980","Philadelphia-Camden-Wilmington, PA-NJ-DE-MD","34","New Jersey","015","Gloucester","39.800339","-75.212119"
"04/16/2007","AQS","340150002","1","0.035","ppm","32","Clarksboro","17","100.0000","44201","Ozone","37980","Philadelphia-Camden-Wilmington, PA-NJ-DE-MD","34","New Jersey","015","Gloucester","39.800339","-75.212119"
"04/17/2007","AQS","340150002","1","0.039","ppm","36","Clarksboro","17","100.0000","44201","Ozone","37980","Philadelphia-Camden-Wilmington, PA-NJ-DE-MD","34","New Jersey","015","Gloucester","39.800339","-75.212119"
"04/18/2007","AQS","340150002","1","0.032","ppm","30","Clarksboro","17","100.0000","44201","Ozone","37980","Philadelphia-Camden-Wilmington, PA-NJ-DE-MD","34","New Jersey","015","Gloucester","39.800339","-75.212119"
"04/19/2007","AQS","340150002","1","0.026","ppm","24","Clarksboro","17","100.0000","44201","Ozone","37980","Philadelphia-Camden-Wilmington, PA-NJ-DE-MD","34","New Jersey","015","Gloucester","39.800339","-75.212119"
"04/20/2007","AQS","340150002","1","0.05","ppm","46","Clarksboro","17","100.0000","44201","Ozone","37980","Philadelphia-Camden-Wilmington, PA-NJ-DE-MD","34","New Jersey","015","Gloucester","39.800339","-75.212119"
"04/21/2007","AQS","340150002","1","0.055","ppm","51","Clarksboro","17","100.0000","44201","Ozone","37980","Philadelphia-Camden-Wilmington, PA-NJ-DE-MD","34","New Jersey","015","Gloucester","39.800339","-75.212119"
"04/22/2007","AQS","340150002","1","0.067","ppm","90","Clarksboro","17","100.0000","44201","Ozone","37980","Philadelphia-Camden-Wilmington, PA-NJ-DE-MD","34","New Jersey","015","Gloucester","39.800339","-75.212119"
"04/23/2007","AQS","340150002","1","0.071","ppm","101","Clarksboro","17","100.0000","44201","Ozone","37980","Philadelphia-Camden-Wilmington, PA-NJ-DE-MD","34","New Jersey","015","Gloucester","39.800339","-75.212119"
"04/24/2007","AQS","340150002","1","0.058","ppm","61","Clarksboro","14","82.0000","44201","Ozone","37980","Philadelphia-Camden-Wilmington, PA-NJ-DE-MD","34","New Jersey","015","Gloucester","39.800339","-75.212119"
"04/25/2007","AQS","340150002","1","0.043","ppm","40","Clarksboro","17","100.0000","44201","Ozone","37980","Philadelphia-Camden-Wilmington, PA-NJ-DE-MD","34","New Jersey","015","Gloucester","39.800339","-75.212119"
"04/26/2007","AQS","340150002","1","0.049","ppm","45","Clarksboro","17","100.0000","44201","Ozone","37980","Philadelphia-Camden-Wilmington, PA-NJ-DE-MD","34","New Jersey","015","Gloucester","39.800339","-75.212119"
"04/27/2007","AQS","340150002","1","0.011","ppm","10","Clarksboro","17","100.0000","44201","Ozone","37980","Philadelphia-Camden-Wilmington, PA-NJ-DE-MD","34","New Jersey","015","Gloucester","39.800339","-75.212119"
"04/28/2007","AQS","340150002","1","0.043","ppm","40","Clarksboro","17","100.0000","44201","Ozone","37980","Philadelphia-Camden-Wilmington, PA-NJ-DE-MD","34","New Jersey","015","Gloucester","39.800339","-75.212119"
"04/29/2007","AQS","340150002","1","0.048","ppm","44","Clarksboro","17","100.0000","44201","Ozone","37980","Philadelphia-Camden-Wilmington, PA-NJ-DE-MD","34","New Jersey","015","Gloucester","39.800339","-75.212119"
"04/30/2007","AQS","340150002","1","0.06","ppm","67","Clarksboro","17","100.0000","44201","Ozone","37980","Philadelphia-Camden-Wilmington, PA-NJ-DE-MD","34","New Jersey","015","Gloucester","39.800339","-75.212119"
"05/01/2007","AQS","340150002","1","0.051","ppm","47","Clarksboro","17","100.0000","44201","Ozone","37980","Philadelphia-Camden-Wilmington, PA-NJ-DE-MD","34","New Jersey","015","Gloucester","39.800339","-75.212119"
"05/02/2007","AQS","340150002","1","0.051","ppm","47","Clarksboro","17","100.0000","44201","Ozone","37980","Philadelphia-Camden-Wilmington, PA-NJ-DE-MD","34","New Jersey","015","Gloucester","39.800339","-75.212119"
"05/03/2007","AQS","340150002","1","0.046","ppm","43","Clarksboro","17","100.0000","44201","Ozone","37980","Philadelphia-Camden-Wilmington, PA-NJ-DE-MD","34","New Jersey","015","Gloucester","39.800339","-75.212119"
"05/04/2007","AQS","340150002","1","0.045","ppm","42","Clarksboro","17","100.0000","44201","Ozone","37980","Philadelphia-Camden-Wilmington, PA-NJ-DE-MD","34","New Jersey","015","Gloucester","39.800339","-75.212119"
"05/05/2007","AQS","340150002","1","0.067","ppm","90","Clarksboro","17","100.0000","44201","Ozone","37980","Philadelphia-Camden-Wilmington, PA-NJ-DE-MD","34","New Jersey","015","Gloucester","39.800339","-75.212119"
"05/06/2007","AQS","340150002","1","0.045","ppm","42","Clarksboro","17","100.0000","44201","Ozone","37980","Philadelphia-Camden-Wilmington, PA-NJ-DE-MD","34","New Jersey","015","Gloucester","39.800339","-75.212119"
"05/07/2007","AQS","340150002","1","0.044","ppm","41","Clarksboro","17","100.0000","44201","Ozone","37980","Philadelphia-Camden-Wilmington, PA-NJ-DE-MD","34","New Jersey","015","Gloucester","39.800339","-75.212119"
"05/08/2007","AQS","340150002","1","0.039","ppm","36","Clarksboro","17","100.0000","44201","Ozone","37980","Philadelphia-Camden-Wilmington, PA-NJ-DE-MD","34","New Jersey","015","Gloucester","39.800339","-75.212119"
"05/09/2007","AQS","340150002","1","0.031","ppm","29","Clarksboro","17","100.0000","44201","Ozone","37980","Philadelphia-Camden-Wilmington, PA-NJ-DE-MD","34","New Jersey","015","Gloucester","39.800339","-75.212119"
"05/10/2007","AQS","340150002","1","0.033","ppm","31","Clarksboro","17","100.0000","44201","Ozone","37980","Philadelphia-Camden-Wilmington, PA-NJ-DE-MD","34","New Jersey","015","Gloucester","39.800339","-75.212119"
"05/11/2007","AQS","340150002","1","0.057","ppm","58","Clarksboro","17","100.0000","44201","Ozone","37980","Philadelphia-Camden-Wilmington, PA-NJ-DE-MD","34","New Jersey","015","Gloucester","39.800339","-75.212119"
"05/12/2007","AQS","340150002","1","0.051","ppm","47","Clarksboro","17","100.0000","44201","Ozone","37980","Philadelphia-Camden-Wilmington, PA-NJ-DE-MD","34","New Jersey","015","Gloucester","39.800339","-75.212119"
"05/13/2007","AQS","340150002","1","0.048","ppm","44","Clarksboro","17","100.0000","44201","Ozone","37980","Philadelphia-Camden-Wilmington, PA-NJ-DE-MD","34","New Jersey","015","Gloucester","39.800339","-75.212119"
"05/14/2007","AQS","340150002","1","0.053","ppm","49","Clarksboro","17","100.0000","44201","Ozone","37980","Philadelphia-Camden-Wilmington, PA-NJ-DE-MD","34","New Jersey","015","Gloucester","39.800339","-75.212119"
"05/15/2007","AQS","340150002","1","0.073","ppm","108","Clarksboro","17","100.0000","44201","Ozone","37980","Philadelphia-Camden-Wilmington, PA-NJ-DE-MD","34","New Jersey","015","Gloucester","39.800339","-75.212119"
"05/16/2007","AQS","340150002","1","0.063","ppm","77","Clarksboro","17","100.0000","44201","Ozone","37980","Philadelphia-Camden-Wilmington, PA-NJ-DE-MD","34","New Jersey","015","Gloucester","39.800339","-75.212119"
"05/17/2007","AQS","340150002","1","0.041","ppm","38","Clarksboro","17","100.0000","44201","Ozone","37980","Philadelphia-Camden-Wilmington, PA-NJ-DE-MD","34","New Jersey","015","Gloucester","39.800339","-75.212119"
"05/18/2007","AQS","340150002","1","0.033","ppm","31","Clarksboro","17","100.0000","44201","Ozone","37980","Philadelphia-Camden-Wilmington, PA-NJ-DE-MD","34","New Jersey","015","Gloucester","39.800339","-75.212119"
"05/19/2007","AQS","340150002","1","0.046","ppm","43","Clarksboro","17","100.0000","44201","Ozone","37980","Philadelphia-Camden-Wilmington, PA-NJ-DE-MD","34","New Jersey","015","Gloucester","39.800339","-75.212119"
"05/20/2007","AQS","340150002","1","0.058","ppm","61","Clarksboro","17","100.0000","44201","Ozone","37980","Philadelphia-Camden-Wilmington, PA-NJ-DE-MD","34","New Jersey","015","Gloucester","39.800339","-75.212119"
"05/21/2007","AQS","340150002","1","0.046","ppm","43","Clarksboro","17","100.0000","44201","Ozone","37980","Philadelphia-Camden-Wilmington, PA-NJ-DE-MD","34","New Jersey","015","Gloucester","39.800339","-75.212119"
"05/22/2007","AQS","340150002","1","0.048","ppm","44","Clarksboro","17","100.0000","44201","Ozone","37980","Philadelphia-Camden-Wilmington, PA-NJ-DE-MD","34","New Jersey","015","Gloucester","39.800339","-75.212119"
"05/23/2007","AQS","340150002","1","0.057","ppm","58","Clarksboro","17","100.0000","44201","Ozone","37980","Philadelphia-Camden-Wilmington, PA-NJ-DE-MD","34","New Jersey","015","Gloucester","39.800339","-75.212119"
"05/24/2007","AQS","340150002","1","0.066","ppm","87","Clarksboro","17","100.0000","44201","Ozone","37980","Philadelphia-Camden-Wilmington, PA-NJ-DE-MD","34","New Jersey","015","Gloucester","39.800339","-75.212119"
"05/25/2007","AQS","340150002","1","0.052","ppm","48","Clarksboro","17","100.0000","44201","Ozone","37980","Philadelphia-Camden-Wilmington, PA-NJ-DE-MD","34","New Jersey","015","Gloucester","39.800339","-75.212119"
"05/26/2007","AQS","340150002","1","0.057","ppm","58","Clarksboro","17","100.0000","44201","Ozone","37980","Philadelphia-Camden-Wilmington, PA-NJ-DE-MD","34","New Jersey","015","Gloucester","39.800339","-75.212119"
"05/27/2007","AQS","340150002","1","0.057","ppm","58","Clarksboro","17","100.0000","44201","Ozone","37980","Philadelphia-Camden-Wilmington, PA-NJ-DE-MD","34","New Jersey","015","Gloucester","39.800339","-75.212119"
"05/28/2007","AQS","340150002","1","0.042","ppm","39","Clarksboro","17","100.0000","44201","Ozone","37980","Philadelphia-Camden-Wilmington, PA-NJ-DE-MD","34","New Jersey","015","Gloucester","39.800339","-75.212119"
"05/29/2007","AQS","340150002","1","0.038","ppm","35","Clarksboro","17","100.0000","44201","Ozone","37980","Philadelphia-Camden-Wilmington, PA-NJ-DE-MD","34","New Jersey","015","Gloucester","39.800339","-75.212119"
"05/30/2007","AQS","340150002","1","0.059","ppm","64","Clarksboro","17","100.0000","44201","Ozone","37980","Philadelphia-Camden-Wilmington, PA-NJ-DE-MD","34","New Jersey","015","Gloucester","39.800339","-75.212119"
"06/01/2007","AQS","340150002","1","0.057","ppm","58","Clarksboro","17","100.0000","44201","Ozone","37980","Philadelphia-Camden-Wilmington, PA-NJ-DE-MD","34","New Jersey","015","Gloucester","39.800339","-75.212119"
"06/02/2007","AQS","340150002","1","0.052","ppm","48","Clarksboro","17","100.0000","44201","Ozone","37980","Philadelphia-Camden-Wilmington, PA-NJ-DE-MD","34","New Jersey","015","Gloucester","39.800339","-75.212119"
"06/03/2007","AQS","340150002","1","0.024","ppm","22","Clarksboro","17","100.0000","44201","Ozone","37980","Philadelphia-Camden-Wilmington, PA-NJ-DE-MD","34","New Jersey","015","Gloucester","39.800339","-75.212119"
"06/05/2007","AQS","340150002","1","0.049","ppm","45","Clarksboro","17","100.0000","44201","Ozone","37980","Philadelphia-Camden-Wilmington, PA-NJ-DE-MD","34","New Jersey","015","Gloucester","39.800339","-75.212119"
"06/06/2007","AQS","340150002","1","0.032","ppm","30","Clarksboro","17","100.0000","44201","Ozone","37980","Philadelphia-Camden-Wilmington, PA-NJ-DE-MD","34","New Jersey","015","Gloucester","39.800339","-75.212119"
"06/07/2007","AQS","340150002","1","0.058","ppm","61","Clarksboro","17","100.0000","44201","Ozone","37980","Philadelphia-Camden-Wilmington, PA-NJ-DE-MD","34","New Jersey","015","Gloucester","39.800339","-75.212119"
"06/08/2007","AQS","340150002","1","0.092","ppm","166","Clarksboro","17","100.0000","44201","Ozone","37980","Philadelphia-Camden-Wilmington, PA-NJ-DE-MD","34","New Jersey","015","Gloucester","39.800339","-75.212119"
"06/09/2007","AQS","340150002","1","0.067","ppm","90","Clarksboro","17","100.0000","44201","Ozone","37980","Philadelphia-Camden-Wilmington, PA-NJ-DE-MD","34","New Jersey","015","Gloucester","39.800339","-75.212119"
"06/10/2007","AQS","340150002","1","0.054","ppm","50","Clarksboro","17","100.0000","44201","Ozone","37980","Philadelphia-Camden-Wilmington, PA-NJ-DE-MD","34","New Jersey","015","Gloucester","39.800339","-75.212119"
"06/11/2007","AQS","340150002","1","0.045","ppm","42","Clarksboro","17","100.0000","44201","Ozone","37980","Philadelphia-Camden-Wilmington, PA-NJ-DE-MD","34","New Jersey","015","Gloucester","39.800339","-75.212119"
"06/12/2007","AQS","340150002","1","0.037","ppm","34","Clarksboro","17","100.0000","44201","Ozone","37980","Philadelphia-Camden-Wilmington, PA-NJ-DE-MD","34","New Jersey","015","Gloucester","39.800339","-75.212119"
"06/13/2007","AQS","340150002","1","0.033","ppm","31","Clarksboro","17","100.0000","44201","Ozone","37980","Philadelphia-Camden-Wilmington, PA-NJ-DE-MD","34","New Jersey","015","Gloucester","39.800339","-75.212119"
"06/14/2007","AQS","340150002","1","0.028","ppm","26","Clarksboro","17","100.0000","44201","Ozone","37980","Philadelphia-Camden-Wilmington, PA-NJ-DE-MD","34","New Jersey","015","Gloucester","39.800339","-75.212119"
"06/15/2007","AQS","340150002","1","0.036","ppm","33","Clarksboro","17","100.0000","44201","Ozone","37980","Philadelphia-Camden-Wilmington, PA-NJ-DE-MD","34","New Jersey","015","Gloucester","39.800339","-75.212119"
"06/16/2007","AQS","340150002","1","0.058","ppm","61","Clarksboro","17","100.0000","44201","Ozone","37980","Philadelphia-Camden-Wilmington, PA-NJ-DE-MD","34","New Jersey","015","Gloucester","39.800339","-75.212119"
"06/17/2007","AQS","340150002","1","0.072","ppm","105","Clarksboro","17","100.0000","44201","Ozone","37980","Philadelphia-Camden-Wilmington, PA-NJ-DE-MD","34","New Jersey","015","Gloucester","39.800339","-75.212119"
"06/18/2007","AQS","340150002","1","0.076","ppm","119","Clarksboro","17","100.0000","44201","Ozone","37980","Philadelphia-Camden-Wilmington, PA-NJ-DE-MD","34","New Jersey","015","Gloucester","39.800339","-75.212119"
"06/19/2007","AQS","340150002","1","0.082","ppm","140","Clarksboro","17","100.0000","44201","Ozone","37980","Philadelphia-Camden-Wilmington, PA-NJ-DE-MD","34","New Jersey","015","Gloucester","39.800339","-75.212119"
"06/20/2007","AQS","340150002","1","0.046","ppm","43","Clarksboro","17","100.0000","44201","Ozone","37980","Philadelphia-Camden-Wilmington, PA-NJ-DE-MD","34","New Jersey","015","Gloucester","39.800339","-75.212119"
"06/21/2007","AQS","340150002","1","0.066","ppm","87","Clarksboro","17","100.0000","44201","Ozone","37980","Philadelphia-Camden-Wilmington, PA-NJ-DE-MD","34","New Jersey","015","Gloucester","39.800339","-75.212119"
"06/22/2007","AQS","340150002","1","0.04","ppm","37","Clarksboro","17","100.0000","44201","Ozone","37980","Philadelphia-Camden-Wilmington, PA-NJ-DE-MD","34","New Jersey","015","Gloucester","39.800339","-75.212119"
"06/23/2007","AQS","340150002","1","0.04","ppm","37","Clarksboro","17","100.0000","44201","Ozone","37980","Philadelphia-Camden-Wilmington, PA-NJ-DE-MD","34","New Jersey","015","Gloucester","39.800339","-75.212119"
"07/12/2007","AQS","340150002","1","0.051","ppm","47","Clarksboro","17","100.0000","44201","Ozone","37980","Philadelphia-Camden-Wilmington, PA-NJ-DE-MD","34","New Jersey","015","Gloucester","39.800339","-75.212119"
"07/13/2007","AQS","340150002","1","0.058","ppm","61","Clarksboro","17","100.0000","44201","Ozone","37980","Philadelphia-Camden-Wilmington, PA-NJ-DE-MD","34","New Jersey","015","Gloucester","39.800339","-75.212119"
"07/14/2007","AQS","340150002","1","0.068","ppm","93","Clarksboro","17","100.0000","44201","Ozone","37980","Philadelphia-Camden-Wilmington, PA-NJ-DE-MD","34","New Jersey","015","Gloucester","39.800339","-75.212119"
"07/15/2007","AQS","340150002","1","0.064","ppm","80","Clarksboro","17","100.0000","44201","Ozone","37980","Philadelphia-Camden-Wilmington, PA-NJ-DE-MD","34","New Jersey","015","Gloucester","39.800339","-75.212119"
"07/16/2007","AQS","340150002","1","0.066","ppm","87","Clarksboro","17","100.0000","44201","Ozone","37980","Philadelphia-Camden-Wilmington, PA-NJ-DE-MD","34","New Jersey","015","Gloucester","39.800339","-75.212119"
"07/17/2007","AQS","340150002","1","0.102","ppm","192","Clarksboro","13","76.0000","44201","Ozone","37980","Philadelphia-Camden-Wilmington, PA-NJ-DE-MD","34","New Jersey","015","Gloucester","39.800339","-75.212119"
"07/18/2007","AQS","340150002","1","0.058","ppm","61","Clarksboro","17","100.0000","44201","Ozone","37980","Philadelphia-Camden-Wilmington, PA-NJ-DE-MD","34","New Jersey","015","Gloucester","39.800339","-75.212119"
"07/19/2007","AQS","340150002","1","0.064","ppm","80","Clarksboro","17","100.0000","44201","Ozone","37980","Philadelphia-Camden-Wilmington, PA-NJ-DE-MD","34","New Jersey","015","Gloucester","39.800339","-75.212119"
"07/20/2007","AQS","340150002","1","0.05","ppm","46","Clarksboro","17","100.0000","44201","Ozone","37980","Philadelphia-Camden-Wilmington, PA-NJ-DE-MD","34","New Jersey","015","Gloucester","39.800339","-75.212119"
"07/21/2007","AQS","340150002","1","0.034","ppm","31","Clarksboro","17","100.0000","44201","Ozone","37980","Philadelphia-Camden-Wilmington, PA-NJ-DE-MD","34","New Jersey","015","Gloucester","39.800339","-75.212119"
"07/22/2007","AQS","340150002","1","0.046","ppm","43","Clarksboro","17","100.0000","44201","Ozone","37980","Philadelphia-Camden-Wilmington, PA-NJ-DE-MD","34","New Jersey","015","Gloucester","39.800339","-75.212119"
"07/23/2007","AQS","340150002","1","0.034","ppm","31","Clarksboro","17","100.0000","44201","Ozone","37980","Philadelphia-Camden-Wilmington, PA-NJ-DE-MD","34","New Jersey","015","Gloucester","39.800339","-75.212119"
"07/24/2007","AQS","340150002","1","0.063","ppm","77","Clarksboro","17","100.0000","44201","Ozone","37980","Philadelphia-Camden-Wilmington, PA-NJ-DE-MD","34","New Jersey","015","Gloucester","39.800339","-75.212119"
"07/25/2007","AQS","340150002","1","0.061","ppm","71","Clarksboro","17","100.0000","44201","Ozone","37980","Philadelphia-Camden-Wilmington, PA-NJ-DE-MD","34","New Jersey","015","Gloucester","39.800339","-75.212119"
"07/26/2007","AQS","340150002","1","0.05","ppm","46","Clarksboro","17","100.0000","44201","Ozone","37980","Philadelphia-Camden-Wilmington, PA-NJ-DE-MD","34","New Jersey","015","Gloucester","39.800339","-75.212119"
"07/27/2007","AQS","340150002","1","0.043","ppm","40","Clarksboro","17","100.0000","44201","Ozone","37980","Philadelphia-Camden-Wilmington, PA-NJ-DE-MD","34","New Jersey","015","Gloucester","39.800339","-75.212119"
"07/28/2007","AQS","340150002","1","0.078","ppm","126","Clarksboro","17","100.0000","44201","Ozone","37980","Philadelphia-Camden-Wilmington, PA-NJ-DE-MD","34","New Jersey","015","Gloucester","39.800339","-75.212119"
"07/29/2007","AQS","340150002","1","0.051","ppm","47","Clarksboro","17","100.0000","44201","Ozone","37980","Philadelphia-Camden-Wilmington, PA-NJ-DE-MD","34","New Jersey","015","Gloucester","39.800339","-75.212119"
"07/30/2007","AQS","340150002","1","0.047","ppm","44","Clarksboro","17","100.0000","44201","Ozone","37980","Philadelphia-Camden-Wilmington, PA-NJ-DE-MD","34","New Jersey","015","Gloucester","39.800339","-75.212119"
"07/31/2007","AQS","340150002","1","0.068","ppm","93","Clarksboro","17","100.0000","44201","Ozone","37980","Philadelphia-Camden-Wilmington, PA-NJ-DE-MD","34","New Jersey","015","Gloucester","39.800339","-75.212119"
"08/01/2007","AQS","340150002","1","0.078","ppm","126","Clarksboro","17","100.0000","44201","Ozone","37980","Philadelphia-Camden-Wilmington, PA-NJ-DE-MD","34","New Jersey","015","Gloucester","39.800339","-75.212119"
"08/02/2007","AQS","340150002","1","0.089","ppm","159","Clarksboro","17","100.0000","44201","Ozone","37980","Philadelphia-Camden-Wilmington, PA-NJ-DE-MD","34","New Jersey","015","Gloucester","39.800339","-75.212119"
"08/03/2007","AQS","340150002","1","0.069","ppm","97","Clarksboro","17","100.0000","44201","Ozone","37980","Philadelphia-Camden-Wilmington, PA-NJ-DE-MD","34","New Jersey","015","Gloucester","39.800339","-75.212119"
"08/04/2007","AQS","340150002","1","0.089","ppm","159","Clarksboro","17","100.0000","44201","Ozone","37980","Philadelphia-Camden-Wilmington, PA-NJ-DE-MD","34","New Jersey","015","Gloucester","39.800339","-75.212119"
"08/05/2007","AQS","340150002","1","0.05","ppm","46","Clarksboro","17","100.0000","44201","Ozone","37980","Philadelphia-Camden-Wilmington, PA-NJ-DE-MD","34","New Jersey","015","Gloucester","39.800339","-75.212119"
"08/06/2007","AQS","340150002","1","0.065","ppm","84","Clarksboro","17","100.0000","44201","Ozone","37980","Philadelphia-Camden-Wilmington, PA-NJ-DE-MD","34","New Jersey","015","Gloucester","39.800339","-75.212119"
"08/07/2007","AQS","340150002","1","0.063","ppm","77","Clarksboro","17","100.0000","44201","Ozone","37980","Philadelphia-Camden-Wilmington, PA-NJ-DE-MD","34","New Jersey","015","Gloucester","39.800339","-75.212119"
"08/08/2007","AQS","340150002","1","0.077","ppm","122","Clarksboro","15","88.0000","44201","Ozone","37980","Philadelphia-Camden-Wilmington, PA-NJ-DE-MD","34","New Jersey","015","Gloucester","39.800339","-75.212119"
"08/09/2007","AQS","340150002","1","0.063","ppm","77","Clarksboro","17","100.0000","44201","Ozone","37980","Philadelphia-Camden-Wilmington, PA-NJ-DE-MD","34","New Jersey","015","Gloucester","39.800339","-75.212119"
"08/10/2007","AQS","340150002","1","0.042","ppm","39","Clarksboro","17","100.0000","44201","Ozone","37980","Philadelphia-Camden-Wilmington, PA-NJ-DE-MD","34","New Jersey","015","Gloucester","39.800339","-75.212119"
"08/11/2007","AQS","340150002","1","0.052","ppm","48","Clarksboro","17","100.0000","44201","Ozone","37980","Philadelphia-Camden-Wilmington, PA-NJ-DE-MD","34","New Jersey","015","Gloucester","39.800339","-75.212119"
"08/12/2007","AQS","340150002","1","0.062","ppm","74","Clarksboro","17","100.0000","44201","Ozone","37980","Philadelphia-Camden-Wilmington, PA-NJ-DE-MD","34","New Jersey","015","Gloucester","39.800339","-75.212119"
"08/13/2007","AQS","340150002","1","0.067","ppm","90","Clarksboro","17","100.0000","44201","Ozone","37980","Philadelphia-Camden-Wilmington, PA-NJ-DE-MD","34","New Jersey","015","Gloucester","39.800339","-75.212119"
"08/14/2007","AQS","340150002","1","0.053","ppm","49","Clarksboro","17","100.0000","44201","Ozone","37980","Philadelphia-Camden-Wilmington, PA-NJ-DE-MD","34","New Jersey","015","Gloucester","39.800339","-75.212119"
"08/15/2007","AQS","340150002","1","0.085","ppm","150","Clarksboro","17","100.0000","44201","Ozone","37980","Philadelphia-Camden-Wilmington, PA-NJ-DE-MD","34","New Jersey","015","Gloucester","39.800339","-75.212119"
"08/16/2007","AQS","340150002","1","0.076","ppm","119","Clarksboro","17","100.0000","44201","Ozone","37980","Philadelphia-Camden-Wilmington, PA-NJ-DE-MD","34","New Jersey","015","Gloucester","39.800339","-75.212119"
"08/17/2007","AQS","340150002","1","0.07","ppm","100","Clarksboro","17","100.0000","44201","Ozone","37980","Philadelphia-Camden-Wilmington, PA-NJ-DE-MD","34","New Jersey","015","Gloucester","39.800339","-75.212119"
"08/18/2007","AQS","340150002","1","0.035","ppm","32","Clarksboro","17","100.0000","44201","Ozone","37980","Philadelphia-Camden-Wilmington, PA-NJ-DE-MD","34","New Jersey","015","Gloucester","39.800339","-75.212119"
"08/19/2007","AQS","340150002","1","0.032","ppm","30","Clarksboro","17","100.0000","44201","Ozone","37980","Philadelphia-Camden-Wilmington, PA-NJ-DE-MD","34","New Jersey","015","Gloucester","39.800339","-75.212119"
"08/20/2007","AQS","340150002","1","0.026","ppm","24","Clarksboro","17","100.0000","44201","Ozone","37980","Philadelphia-Camden-Wilmington, PA-NJ-DE-MD","34","New Jersey","015","Gloucester","39.800339","-75.212119"
"08/21/2007","AQS","340150002","1","0.021","ppm","19","Clarksboro","17","100.0000","44201","Ozone","37980","Philadelphia-Camden-Wilmington, PA-NJ-DE-MD","34","New Jersey","015","Gloucester","39.800339","-75.212119"
"08/22/2007","AQS","340150002","1","0.015","ppm","14","Clarksboro","17","100.0000","44201","Ozone","37980","Philadelphia-Camden-Wilmington, PA-NJ-DE-MD","34","New Jersey","015","Gloucester","39.800339","-75.212119"
"08/23/2007","AQS","340150002","1","0.027","ppm","25","Clarksboro","17","100.0000","44201","Ozone","37980","Philadelphia-Camden-Wilmington, PA-NJ-DE-MD","34","New Jersey","015","Gloucester","39.800339","-75.212119"
"08/24/2007","AQS","340150002","1","0.046","ppm","43","Clarksboro","17","100.0000","44201","Ozone","37980","Philadelphia-Camden-Wilmington, PA-NJ-DE-MD","34","New Jersey","015","Gloucester","39.800339","-75.212119"
"08/25/2007","AQS","340150002","1","0.065","ppm","84","Clarksboro","17","100.0000","44201","Ozone","37980","Philadelphia-Camden-Wilmington, PA-NJ-DE-MD","34","New Jersey","015","Gloucester","39.800339","-75.212119"
"08/26/2007","AQS","340150002","1","0.045","ppm","42","Clarksboro","17","100.0000","44201","Ozone","37980","Philadelphia-Camden-Wilmington, PA-NJ-DE-MD","34","New Jersey","015","Gloucester","39.800339","-75.212119"
"08/27/2007","AQS","340150002","1","0.055","ppm","51","Clarksboro","17","100.0000","44201","Ozone","37980","Philadelphia-Camden-Wilmington, PA-NJ-DE-MD","34","New Jersey","015","Gloucester","39.800339","-75.212119"
"09/07/2007","AQS","340150002","1","0.057","ppm","58","Clarksboro","13","76.0000","44201","Ozone","37980","Philadelphia-Camden-Wilmington, PA-NJ-DE-MD","34","New Jersey","015","Gloucester","39.800339","-75.212119"
"09/08/2007","AQS","340150002","1","0.053","ppm","49","Clarksboro","17","100.0000","44201","Ozone","37980","Philadelphia-Camden-Wilmington, PA-NJ-DE-MD","34","New Jersey","015","Gloucester","39.800339","-75.212119"
"09/09/2007","AQS","340150002","1","0.031","ppm","29","Clarksboro","17","100.0000","44201","Ozone","37980","Philadelphia-Camden-Wilmington, PA-NJ-DE-MD","34","New Jersey","015","Gloucester","39.800339","-75.212119"
"09/10/2007","AQS","340150002","1","0.052","ppm","48","Clarksboro","17","100.0000","44201","Ozone","37980","Philadelphia-Camden-Wilmington, PA-NJ-DE-MD","34","New Jersey","015","Gloucester","39.800339","-75.212119"
"09/11/2007","AQS","340150002","1","0.03","ppm","28","Clarksboro","17","100.0000","44201","Ozone","37980","Philadelphia-Camden-Wilmington, PA-NJ-DE-MD","34","New Jersey","015","Gloucester","39.800339","-75.212119"
"09/12/2007","AQS","340150002","1","0.042","ppm","39","Clarksboro","17","100.0000","44201","Ozone","37980","Philadelphia-Camden-Wilmington, PA-NJ-DE-MD","34","New Jersey","015","Gloucester","39.800339","-75.212119"
"09/13/2007","AQS","340150002","1","0.053","ppm","49","Clarksboro","17","100.0000","44201","Ozone","37980","Philadelphia-Camden-Wilmington, PA-NJ-DE-MD","34","New Jersey","015","Gloucester","39.800339","-75.212119"
"09/14/2007","AQS","340150002","1","0.051","ppm","47","Clarksboro","17","100.0000","44201","Ozone","37980","Philadelphia-Camden-Wilmington, PA-NJ-DE-MD","34","New Jersey","015","Gloucester","39.800339","-75.212119"
"09/15/2007","AQS","340150002","1","0.031","ppm","29","Clarksboro","17","100.0000","44201","Ozone","37980","Philadelphia-Camden-Wilmington, PA-NJ-DE-MD","34","New Jersey","015","Gloucester","39.800339","-75.212119"
"09/16/2007","AQS","340150002","1","0.026","ppm","24","Clarksboro","17","100.0000","44201","Ozone","37980","Philadelphia-Camden-Wilmington, PA-NJ-DE-MD","34","New Jersey","015","Gloucester","39.800339","-75.212119"
"09/17/2007","AQS","340150002","1","0.035","ppm","32","Clarksboro","17","100.0000","44201","Ozone","37980","Philadelphia-Camden-Wilmington, PA-NJ-DE-MD","34","New Jersey","015","Gloucester","39.800339","-75.212119"
"09/18/2007","AQS","340150002","1","0.03","ppm","28","Clarksboro","17","100.0000","44201","Ozone","37980","Philadelphia-Camden-Wilmington, PA-NJ-DE-MD","34","New Jersey","015","Gloucester","39.800339","-75.212119"
"09/19/2007","AQS","340150002","1","0.047","ppm","44","Clarksboro","17","100.0000","44201","Ozone","37980","Philadelphia-Camden-Wilmington, PA-NJ-DE-MD","34","New Jersey","015","Gloucester","39.800339","-75.212119"
"09/20/2007","AQS","340150002","1","0.05","ppm","46","Clarksboro","17","100.0000","44201","Ozone","37980","Philadelphia-Camden-Wilmington, PA-NJ-DE-MD","34","New Jersey","015","Gloucester","39.800339","-75.212119"
"09/21/2007","AQS","340150002","1","0.077","ppm","122","Clarksboro","17","100.0000","44201","Ozone","37980","Philadelphia-Camden-Wilmington, PA-NJ-DE-MD","34","New Jersey","015","Gloucester","39.800339","-75.212119"
"09/22/2007","AQS","340150002","1","0.032","ppm","30","Clarksboro","17","100.0000","44201","Ozone","37980","Philadelphia-Camden-Wilmington, PA-NJ-DE-MD","34","New Jersey","015","Gloucester","39.800339","-75.212119"
"09/23/2007","AQS","340150002","1","0.047","ppm","44","Clarksboro","17","100.0000","44201","Ozone","37980","Philadelphia-Camden-Wilmington, PA-NJ-DE-MD","34","New Jersey","015","Gloucester","39.800339","-75.212119"
"09/24/2007","AQS","340150002","1","0.049","ppm","45","Clarksboro","17","100.0000","44201","Ozone","37980","Philadelphia-Camden-Wilmington, PA-NJ-DE-MD","34","New Jersey","015","Gloucester","39.800339","-75.212119"
"09/25/2007","AQS","340150002","1","0.069","ppm","97","Clarksboro","17","100.0000","44201","Ozone","37980","Philadelphia-Camden-Wilmington, PA-NJ-DE-MD","34","New Jersey","015","Gloucester","39.800339","-75.212119"
"09/26/2007","AQS","340150002","1","0.074","ppm","112","Clarksboro","17","100.0000","44201","Ozone","37980","Philadelphia-Camden-Wilmington, PA-NJ-DE-MD","34","New Jersey","015","Gloucester","39.800339","-75.212119"
"09/27/2007","AQS","340150002","1","0.039","ppm","36","Clarksboro","17","100.0000","44201","Ozone","37980","Philadelphia-Camden-Wilmington, PA-NJ-DE-MD","34","New Jersey","015","Gloucester","39.800339","-75.212119"
"09/28/2007","AQS","340150002","1","0.042","ppm","39","Clarksboro","17","100.0000","44201","Ozone","37980","Philadelphia-Camden-Wilmington, PA-NJ-DE-MD","34","New Jersey","015","Gloucester","39.800339","-75.212119"
"09/29/2007","AQS","340150002","1","0.039","ppm","36","Clarksboro","17","100.0000","44201","Ozone","37980","Philadelphia-Camden-Wilmington, PA-NJ-DE-MD","34","New Jersey","015","Gloucester","39.800339","-75.212119"
"09/30/2007","AQS","340150002","1","0.046","ppm","43","Clarksboro","17","100.0000","44201","Ozone","37980","Philadelphia-Camden-Wilmington, PA-NJ-DE-MD","34","New Jersey","015","Gloucester","39.800339","-75.212119"
"10/01/2007","AQS","340150002","1","0.042","ppm","39","Clarksboro","17","100.0000","44201","Ozone","37980","Philadelphia-Camden-Wilmington, PA-NJ-DE-MD","34","New Jersey","015","Gloucester","39.800339","-75.212119"
"10/02/2007","AQS","340150002","1","0.038","ppm","35","Clarksboro","17","100.0000","44201","Ozone","37980","Philadelphia-Camden-Wilmington, PA-NJ-DE-MD","34","New Jersey","015","Gloucester","39.800339","-75.212119"
"10/03/2007","AQS","340150002","1","0.032","ppm","30","Clarksboro","17","100.0000","44201","Ozone","37980","Philadelphia-Camden-Wilmington, PA-NJ-DE-MD","34","New Jersey","015","Gloucester","39.800339","-75.212119"
"10/04/2007","AQS","340150002","1","0.034","ppm","31","Clarksboro","17","100.0000","44201","Ozone","37980","Philadelphia-Camden-Wilmington, PA-NJ-DE-MD","34","New Jersey","015","Gloucester","39.800339","-75.212119"
"10/05/2007","AQS","340150002","1","0.011","ppm","10","Clarksboro","17","100.0000","44201","Ozone","37980","Philadelphia-Camden-Wilmington, PA-NJ-DE-MD","34","New Jersey","015","Gloucester","39.800339","-75.212119"
"10/06/2007","AQS","340150002","1","0.03","ppm","28","Clarksboro","17","100.0000","44201","Ozone","37980","Philadelphia-Camden-Wilmington, PA-NJ-DE-MD","34","New Jersey","015","Gloucester","39.800339","-75.212119"
"10/07/2007","AQS","340150002","1","0.048","ppm","44","Clarksboro","17","100.0000","44201","Ozone","37980","Philadelphia-Camden-Wilmington, PA-NJ-DE-MD","34","New Jersey","015","Gloucester","39.800339","-75.212119"
"10/08/2007","AQS","340150002","1","0.063","ppm","77","Clarksboro","17","100.0000","44201","Ozone","37980","Philadelphia-Camden-Wilmington, PA-NJ-DE-MD","34","New Jersey","015","Gloucester","39.800339","-75.212119"
"10/09/2007","AQS","340150002","1","0.032","ppm","30","Clarksboro","17","100.0000","44201","Ozone","37980","Philadelphia-Camden-Wilmington, PA-NJ-DE-MD","34","New Jersey","015","Gloucester","39.800339","-75.212119"
"10/10/2007","AQS","340150002","1","0.04","ppm","37","Clarksboro","17","100.0000","44201","Ozone","37980","Philadelphia-Camden-Wilmington, PA-NJ-DE-MD","34","New Jersey","015","Gloucester","39.800339","-75.212119"
"10/11/2007","AQS","340150002","1","0.007","ppm","6","Clarksboro","17","100.0000","44201","Ozone","37980","Philadelphia-Camden-Wilmington, PA-NJ-DE-MD","34","New Jersey","015","Gloucester","39.800339","-75.212119"
"10/12/2007","AQS","340150002","1","0.027","ppm","25","Clarksboro","17","100.0000","44201","Ozone","37980","Philadelphia-Camden-Wilmington, PA-NJ-DE-MD","34","New Jersey","015","Gloucester","39.800339","-75.212119"
"10/13/2007","AQS","340150002","1","0.031","ppm","29","Clarksboro","17","100.0000","44201","Ozone","37980","Philadelphia-Camden-Wilmington, PA-NJ-DE-MD","34","New Jersey","015","Gloucester","39.800339","-75.212119"
"10/14/2007","AQS","340150002","1","0.039","ppm","36","Clarksboro","17","100.0000","44201","Ozone","37980","Philadelphia-Camden-Wilmington, PA-NJ-DE-MD","34","New Jersey","015","Gloucester","39.800339","-75.212119"
"10/16/2007","AQS","340150002","1","0.038","ppm","35","Clarksboro","17","100.0000","44201","Ozone","37980","Philadelphia-Camden-Wilmington, PA-NJ-DE-MD","34","New Jersey","015","Gloucester","39.800339","-75.212119"
"10/17/2007","AQS","340150002","1","0.058","ppm","61","Clarksboro","17","100.0000","44201","Ozone","37980","Philadelphia-Camden-Wilmington, PA-NJ-DE-MD","34","New Jersey","015","Gloucester","39.800339","-75.212119"
"10/18/2007","AQS","340150002","1","0.034","ppm","31","Clarksboro","17","100.0000","44201","Ozone","37980","Philadelphia-Camden-Wilmington, PA-NJ-DE-MD","34","New Jersey","015","Gloucester","39.800339","-75.212119"
"10/19/2007","AQS","340150002","1","0.026","ppm","24","Clarksboro","17","100.0000","44201","Ozone","37980","Philadelphia-Camden-Wilmington, PA-NJ-DE-MD","34","New Jersey","015","Gloucester","39.800339","-75.212119"
"10/20/2007","AQS","340150002","1","0.039","ppm","36","Clarksboro","17","100.0000","44201","Ozone","37980","Philadelphia-Camden-Wilmington, PA-NJ-DE-MD","34","New Jersey","015","Gloucester","39.800339","-75.212119"
"10/21/2007","AQS","340150002","1","0.049","ppm","45","Clarksboro","17","100.0000","44201","Ozone","37980","Philadelphia-Camden-Wilmington, PA-NJ-DE-MD","34","New Jersey","015","Gloucester","39.800339","-75.212119"
"10/22/2007","AQS","340150002","1","0.052","ppm","48","Clarksboro","17","100.0000","44201","Ozone","37980","Philadelphia-Camden-Wilmington, PA-NJ-DE-MD","34","New Jersey","015","Gloucester","39.800339","-75.212119"
"10/23/2007","AQS","340150002","1","0.044","ppm","41","Clarksboro","17","100.0000","44201","Ozone","37980","Philadelphia-Camden-Wilmington, PA-NJ-DE-MD","34","New Jersey","015","Gloucester","39.800339","-75.212119"
"10/24/2007","AQS","340150002","1","0.021","ppm","19","Clarksboro","17","100.0000","44201","Ozone","37980","Philadelphia-Camden-Wilmington, PA-NJ-DE-MD","34","New Jersey","015","Gloucester","39.800339","-75.212119"
"10/25/2007","AQS","340150002","1","0.018","ppm","17","Clarksboro","17","100.0000","44201","Ozone","37980","Philadelphia-Camden-Wilmington, PA-NJ-DE-MD","34","New Jersey","015","Gloucester","39.800339","-75.212119"
"10/26/2007","AQS","340150002","1","0.02","ppm","19","Clarksboro","17","100.0000","44201","Ozone","37980","Philadelphia-Camden-Wilmington, PA-NJ-DE-MD","34","New Jersey","015","Gloucester","39.800339","-75.212119"
"10/27/2007","AQS","340150002","1","0.028","ppm","26","Clarksboro","17","100.0000","44201","Ozone","37980","Philadelphia-Camden-Wilmington, PA-NJ-DE-MD","34","New Jersey","015","Gloucester","39.800339","-75.212119"
"10/28/2007","AQS","340150002","1","0.033","ppm","31","Clarksboro","17","100.0000","44201","Ozone","37980","Philadelphia-Camden-Wilmington, PA-NJ-DE-MD","34","New Jersey","015","Gloucester","39.800339","-75.212119"
"10/29/2007","AQS","340150002","1","0.025","ppm","23","Clarksboro","17","100.0000","44201","Ozone","37980","Philadelphia-Camden-Wilmington, PA-NJ-DE-MD","34","New Jersey","015","Gloucester","39.800339","-75.212119"
"10/30/2007","AQS","340150002","1","0.026","ppm","24","Clarksboro","17","100.0000","44201","Ozone","37980","Philadelphia-Camden-Wilmington, PA-NJ-DE-MD","34","New Jersey","015","Gloucester","39.800339","-75.212119"
"10/31/2007","AQS","340150002","1","0.041","ppm","38","Clarksboro","17","100.0000","44201","Ozone","37980","Philadelphia-Camden-Wilmington, PA-NJ-DE-MD","34","New Jersey","015","Gloucester","39.800339","-75.212119"
"11/01/2007","AQS","340150002","1","0.026","ppm","24","Clarksboro","17","100.0000","44201","Ozone","37980","Philadelphia-Camden-Wilmington, PA-NJ-DE-MD","34","New Jersey","015","Gloucester","39.800339","-75.212119"
"11/02/2007","AQS","340150002","1","0.025","ppm","23","Clarksboro","17","100.0000","44201","Ozone","37980","Philadelphia-Camden-Wilmington, PA-NJ-DE-MD","34","New Jersey","015","Gloucester","39.800339","-75.212119"
"11/03/2007","AQS","340150002","1","0.029","ppm","27","Clarksboro","17","100.0000","44201","Ozone","37980","Philadelphia-Camden-Wilmington, PA-NJ-DE-MD","34","New Jersey","015","Gloucester","39.800339","-75.212119"
"11/04/2007","AQS","340150002","1","0.033","ppm","31","Clarksboro","17","100.0000","44201","Ozone","37980","Philadelphia-Camden-Wilmington, PA-NJ-DE-MD","34","New Jersey","015","Gloucester","39.800339","-75.212119"
"11/05/2007","AQS","340150002","1","0.036","ppm","33","Clarksboro","17","100.0000","44201","Ozone","37980","Philadelphia-Camden-Wilmington, PA-NJ-DE-MD","34","New Jersey","015","Gloucester","39.800339","-75.212119"
"11/06/2007","AQS","340150002","1","0.028","ppm","26","Clarksboro","17","100.0000","44201","Ozone","37980","Philadelphia-Camden-Wilmington, PA-NJ-DE-MD","34","New Jersey","015","Gloucester","39.800339","-75.212119"
"11/07/2007","AQS","340150002","1","0.028","ppm","26","Clarksboro","17","100.0000","44201","Ozone","37980","Philadelphia-Camden-Wilmington, PA-NJ-DE-MD","34","New Jersey","015","Gloucester","39.800339","-75.212119"
"11/08/2007","AQS","340150002","1","0.023","ppm","21","Clarksboro","17","100.0000","44201","Ozone","37980","Philadelphia-Camden-Wilmington, PA-NJ-DE-MD","34","New Jersey","015","Gloucester","39.800339","-75.212119"
"11/09/2007","AQS","340150002","1","0.011","ppm","10","Clarksboro","17","100.0000","44201","Ozone","37980","Philadelphia-Camden-Wilmington, PA-NJ-DE-MD","34","New Jersey","015","Gloucester","39.800339","-75.212119"
"11/10/2007","AQS","340150002","1","0.016","ppm","15","Clarksboro","17","100.0000","44201","Ozone","37980","Philadelphia-Camden-Wilmington, PA-NJ-DE-MD","34","New Jersey","015","Gloucester","39.800339","-75.212119"
"11/11/2007","AQS","340150002","1","0.028","ppm","26","Clarksboro","17","100.0000","44201","Ozone","37980","Philadelphia-Camden-Wilmington, PA-NJ-DE-MD","34","New Jersey","015","Gloucester","39.800339","-75.212119"
"11/12/2007","AQS","340150002","1","0.021","ppm","19","Clarksboro","17","100.0000","44201","Ozone","37980","Philadelphia-Camden-Wilmington, PA-NJ-DE-MD","34","New Jersey","015","Gloucester","39.800339","-75.212119"
"11/13/2007","AQS","340150002","1","0.002","ppm","2","Clarksboro","17","100.0000","44201","Ozone","37980","Philadelphia-Camden-Wilmington, PA-NJ-DE-MD","34","New Jersey","015","Gloucester","39.800339","-75.212119"
"11/14/2007","AQS","340150002","1","0.036","ppm","33","Clarksboro","17","100.0000","44201","Ozone","37980","Philadelphia-Camden-Wilmington, PA-NJ-DE-MD","34","New Jersey","015","Gloucester","39.800339","-75.212119"
"11/15/2007","AQS","340150002","1","0.024","ppm","22","Clarksboro","17","100.0000","44201","Ozone","37980","Philadelphia-Camden-Wilmington, PA-NJ-DE-MD","34","New Jersey","015","Gloucester","39.800339","-75.212119"
"11/16/2007","AQS","340150002","1","0.028","ppm","26","Clarksboro","17","100.0000","44201","Ozone","37980","Philadelphia-Camden-Wilmington, PA-NJ-DE-MD","34","New Jersey","015","Gloucester","39.800339","-75.212119"
"11/17/2007","AQS","340150002","1","0.018","ppm","17","Clarksboro","17","100.0000","44201","Ozone","37980","Philadelphia-Camden-Wilmington, PA-NJ-DE-MD","34","New Jersey","015","Gloucester","39.800339","-75.212119"
"11/18/2007","AQS","340150002","1","0.024","ppm","22","Clarksboro","17","100.0000","44201","Ozone","37980","Philadelphia-Camden-Wilmington, PA-NJ-DE-MD","34","New Jersey","015","Gloucester","39.800339","-75.212119"
"11/19/2007","AQS","340150002","1","0.006","ppm","6","Clarksboro","17","100.0000","44201","Ozone","37980","Philadelphia-Camden-Wilmington, PA-NJ-DE-MD","34","New Jersey","015","Gloucester","39.800339","-75.212119"
"11/20/2007","AQS","340150002","1","0.023","ppm","21","Clarksboro","17","100.0000","44201","Ozone","37980","Philadelphia-Camden-Wilmington, PA-NJ-DE-MD","34","New Jersey","015","Gloucester","39.800339","-75.212119"
"11/21/2007","AQS","340150002","1","0.032","ppm","30","Clarksboro","17","100.0000","44201","Ozone","37980","Philadelphia-Camden-Wilmington, PA-NJ-DE-MD","34","New Jersey","015","Gloucester","39.800339","-75.212119"
"11/22/2007","AQS","340150002","1","0.036","ppm","33","Clarksboro","17","100.0000","44201","Ozone","37980","Philadelphia-Camden-Wilmington, PA-NJ-DE-MD","34","New Jersey","015","Gloucester","39.800339","-75.212119"
"11/23/2007","AQS","340150002","1","0.033","ppm","31","Clarksboro","17","100.0000","44201","Ozone","37980","Philadelphia-Camden-Wilmington, PA-NJ-DE-MD","34","New Jersey","015","Gloucester","39.800339","-75.212119"
"11/24/2007","AQS","340150002","1","0.027","ppm","25","Clarksboro","17","100.0000","44201","Ozone","37980","Philadelphia-Camden-Wilmington, PA-NJ-DE-MD","34","New Jersey","015","Gloucester","39.800339","-75.212119"
"11/25/2007","AQS","340150002","1","0.021","ppm","19","Clarksboro","17","100.0000","44201","Ozone","37980","Philadelphia-Camden-Wilmington, PA-NJ-DE-MD","34","New Jersey","015","Gloucester","39.800339","-75.212119"
"11/26/2007","AQS","340150002","1","0.019","ppm","18","Clarksboro","17","100.0000","44201","Ozone","37980","Philadelphia-Camden-Wilmington, PA-NJ-DE-MD","34","New Jersey","015","Gloucester","39.800339","-75.212119"
"11/27/2007","AQS","340150002","1","0.025","ppm","23","Clarksboro","17","100.0000","44201","Ozone","37980","Philadelphia-Camden-Wilmington, PA-NJ-DE-MD","34","New Jersey","015","Gloucester","39.800339","-75.212119"
"11/28/2007","AQS","340150002","1","0.022","ppm","20","Clarksboro","17","100.0000","44201","Ozone","37980","Philadelphia-Camden-Wilmington, PA-NJ-DE-MD","34","New Jersey","015","Gloucester","39.800339","-75.212119"
"11/29/2007","AQS","340150002","1","0.025","ppm","23","Clarksboro","17","100.0000","44201","Ozone","37980","Philadelphia-Camden-Wilmington, PA-NJ-DE-MD","34","New Jersey","015","Gloucester","39.800339","-75.212119"
"11/30/2007","AQS","340150002","1","0.022","ppm","20","Clarksboro","17","100.0000","44201","Ozone","37980","Philadelphia-Camden-Wilmington, PA-NJ-DE-MD","34","New Jersey","015","Gloucester","39.800339","-75.212119"
"12/01/2007","AQS","340150002","1","0.032","ppm","30","Clarksboro","17","100.0000","44201","Ozone","37980","Philadelphia-Camden-Wilmington, PA-NJ-DE-MD","34","New Jersey","015","Gloucester","39.800339","-75.212119"
"12/02/2007","AQS","340150002","1","0.015","ppm","14","Clarksboro","17","100.0000","44201","Ozone","37980","Philadelphia-Camden-Wilmington, PA-NJ-DE-MD","34","New Jersey","015","Gloucester","39.800339","-75.212119"
"12/03/2007","AQS","340150002","1","0.033","ppm","31","Clarksboro","17","100.0000","44201","Ozone","37980","Philadelphia-Camden-Wilmington, PA-NJ-DE-MD","34","New Jersey","015","Gloucester","39.800339","-75.212119"
"12/12/2007","AQS","340150002","1","0.022","ppm","20","Clarksboro","17","100.0000","44201","Ozone","37980","Philadelphia-Camden-Wilmington, PA-NJ-DE-MD","34","New Jersey","015","Gloucester","39.800339","-75.212119"
"12/13/2007","AQS","340150002","1","0.013","ppm","12","Clarksboro","17","100.0000","44201","Ozone","37980","Philadelphia-Camden-Wilmington, PA-NJ-DE-MD","34","New Jersey","015","Gloucester","39.800339","-75.212119"
"12/14/2007","AQS","340150002","1","0.021","ppm","19","Clarksboro","17","100.0000","44201","Ozone","37980","Philadelphia-Camden-Wilmington, PA-NJ-DE-MD","34","New Jersey","015","Gloucester","39.800339","-75.212119"
"12/15/2007","AQS","340150002","1","0.032","ppm","30","Clarksboro","17","100.0000","44201","Ozone","37980","Philadelphia-Camden-Wilmington, PA-NJ-DE-MD","34","New Jersey","015","Gloucester","39.800339","-75.212119"
"12/16/2007","AQS","340150002","1","0.031","ppm","29","Clarksboro","17","100.0000","44201","Ozone","37980","Philadelphia-Camden-Wilmington, PA-NJ-DE-MD","34","New Jersey","015","Gloucester","39.800339","-75.212119"
"12/17/2007","AQS","340150002","1","0.036","ppm","33","Clarksboro","17","100.0000","44201","Ozone","37980","Philadelphia-Camden-Wilmington, PA-NJ-DE-MD","34","New Jersey","015","Gloucester","39.800339","-75.212119"
"12/18/2007","AQS","340150002","1","0.019","ppm","18","Clarksboro","17","100.0000","44201","Ozone","37980","Philadelphia-Camden-Wilmington, PA-NJ-DE-MD","34","New Jersey","015","Gloucester","39.800339","-75.212119"
"12/19/2007","AQS","340150002","1","0.023","ppm","21","Clarksboro","17","100.0000","44201","Ozone","37980","Philadelphia-Camden-Wilmington, PA-NJ-DE-MD","34","New Jersey","015","Gloucester","39.800339","-75.212119"
"12/20/2007","AQS","340150002","1","0.021","ppm","19","Clarksboro","17","100.0000","44201","Ozone","37980","Philadelphia-Camden-Wilmington, PA-NJ-DE-MD","34","New Jersey","015","Gloucester","39.800339","-75.212119"
"12/21/2007","AQS","340150002","1","0.022","ppm","20","Clarksboro","17","100.0000","44201","Ozone","37980","Philadelphia-Camden-Wilmington, PA-NJ-DE-MD","34","New Jersey","015","Gloucester","39.800339","-75.212119"
"12/22/2007","AQS","340150002","1","0.024","ppm","22","Clarksboro","17","100.0000","44201","Ozone","37980","Philadelphia-Camden-Wilmington, PA-NJ-DE-MD","34","New Jersey","015","Gloucester","39.800339","-75.212119"
"12/23/2007","AQS","340150002","1","0.037","ppm","34","Clarksboro","17","100.0000","44201","Ozone","37980","Philadelphia-Camden-Wilmington, PA-NJ-DE-MD","34","New Jersey","015","Gloucester","39.800339","-75.212119"
"12/24/2007","AQS","340150002","1","0.032","ppm","30","Clarksboro","17","100.0000","44201","Ozone","37980","Philadelphia-Camden-Wilmington, PA-NJ-DE-MD","34","New Jersey","015","Gloucester","39.800339","-75.212119"
"12/25/2007","AQS","340150002","1","0.021","ppm","19","Clarksboro","17","100.0000","44201","Ozone","37980","Philadelphia-Camden-Wilmington, PA-NJ-DE-MD","34","New Jersey","015","Gloucester","39.800339","-75.212119"
"12/26/2007","AQS","340150002","1","0.001","ppm","1","Clarksboro","17","100.0000","44201","Ozone","37980","Philadelphia-Camden-Wilmington, PA-NJ-DE-MD","34","New Jersey","015","Gloucester","39.800339","-75.212119"
"12/27/2007","AQS","340150002","1","0.007","ppm","6","Clarksboro","17","100.0000","44201","Ozone","37980","Philadelphia-Camden-Wilmington, PA-NJ-DE-MD","34","New Jersey","015","Gloucester","39.800339","-75.212119"
"12/28/2007","AQS","340150002","1","0.024","ppm","22","Clarksboro","17","100.0000","44201","Ozone","37980","Philadelphia-Camden-Wilmington, PA-NJ-DE-MD","34","New Jersey","015","Gloucester","39.800339","-75.212119"
"12/29/2007","AQS","340150002","1","0.023","ppm","21","Clarksboro","17","100.0000","44201","Ozone","37980","Philadelphia-Camden-Wilmington, PA-NJ-DE-MD","34","New Jersey","015","Gloucester","39.800339","-75.212119"
"12/30/2007","AQS","340150002","1","0.014","ppm","13","Clarksboro","17","100.0000","44201","Ozone","37980","Philadelphia-Camden-Wilmington, PA-NJ-DE-MD","34","New Jersey","015","Gloucester","39.800339","-75.212119"
"01/02/2007","AQS","340170006","1","0.021","ppm","19","Bayonne","14","82.0000","44201","Ozone","35620","New York-Newark-Jersey City, NY-NJ-PA","34","New Jersey","017","Hudson","40.67025","-74.126081"
"01/03/2007","AQS","340170006","1","0.009","ppm","8","Bayonne","17","100.0000","44201","Ozone","35620","New York-Newark-Jersey City, NY-NJ-PA","34","New Jersey","017","Hudson","40.67025","-74.126081"
"01/04/2007","AQS","340170006","1","0.005","ppm","5","Bayonne","17","100.0000","44201","Ozone","35620","New York-Newark-Jersey City, NY-NJ-PA","34","New Jersey","017","Hudson","40.67025","-74.126081"
"01/05/2007","AQS","340170006","1","0.015","ppm","14","Bayonne","17","100.0000","44201","Ozone","35620","New York-Newark-Jersey City, NY-NJ-PA","34","New Jersey","017","Hudson","40.67025","-74.126081"
"01/06/2007","AQS","340170006","1","0.024","ppm","22","Bayonne","17","100.0000","44201","Ozone","35620","New York-Newark-Jersey City, NY-NJ-PA","34","New Jersey","017","Hudson","40.67025","-74.126081"
"01/07/2007","AQS","340170006","1","0.028","ppm","26","Bayonne","17","100.0000","44201","Ozone","35620","New York-Newark-Jersey City, NY-NJ-PA","34","New Jersey","017","Hudson","40.67025","-74.126081"
"01/08/2007","AQS","340170006","1","0.023","ppm","21","Bayonne","17","100.0000","44201","Ozone","35620","New York-Newark-Jersey City, NY-NJ-PA","34","New Jersey","017","Hudson","40.67025","-74.126081"
"01/09/2007","AQS","340170006","1","0.018","ppm","17","Bayonne","17","100.0000","44201","Ozone","35620","New York-Newark-Jersey City, NY-NJ-PA","34","New Jersey","017","Hudson","40.67025","-74.126081"
"01/10/2007","AQS","340170006","1","0.024","ppm","22","Bayonne","17","100.0000","44201","Ozone","35620","New York-Newark-Jersey City, NY-NJ-PA","34","New Jersey","017","Hudson","40.67025","-74.126081"
"01/11/2007","AQS","340170006","1","0.014","ppm","13","Bayonne","17","100.0000","44201","Ozone","35620","New York-Newark-Jersey City, NY-NJ-PA","34","New Jersey","017","Hudson","40.67025","-74.126081"
"01/12/2007","AQS","340170006","1","0.004","ppm","4","Bayonne","17","100.0000","44201","Ozone","35620","New York-Newark-Jersey City, NY-NJ-PA","34","New Jersey","017","Hudson","40.67025","-74.126081"
"01/13/2007","AQS","340170006","1","0.004","ppm","4","Bayonne","17","100.0000","44201","Ozone","35620","New York-Newark-Jersey City, NY-NJ-PA","34","New Jersey","017","Hudson","40.67025","-74.126081"
"01/14/2007","AQS","340170006","1","0.001","ppm","1","Bayonne","17","100.0000","44201","Ozone","35620","New York-Newark-Jersey City, NY-NJ-PA","34","New Jersey","017","Hudson","40.67025","-74.126081"
"01/15/2007","AQS","340170006","1","0.005","ppm","5","Bayonne","17","100.0000","44201","Ozone","35620","New York-Newark-Jersey City, NY-NJ-PA","34","New Jersey","017","Hudson","40.67025","-74.126081"
"01/16/2007","AQS","340170006","1","0.028","ppm","26","Bayonne","17","100.0000","44201","Ozone","35620","New York-Newark-Jersey City, NY-NJ-PA","34","New Jersey","017","Hudson","40.67025","-74.126081"
"01/17/2007","AQS","340170006","1","0.027","ppm","25","Bayonne","17","100.0000","44201","Ozone","35620","New York-Newark-Jersey City, NY-NJ-PA","34","New Jersey","017","Hudson","40.67025","-74.126081"
"01/18/2007","AQS","340170006","1","0.004","ppm","4","Bayonne","17","100.0000","44201","Ozone","35620","New York-Newark-Jersey City, NY-NJ-PA","34","New Jersey","017","Hudson","40.67025","-74.126081"
"01/19/2007","AQS","340170006","1","0.023","ppm","21","Bayonne","17","100.0000","44201","Ozone","35620","New York-Newark-Jersey City, NY-NJ-PA","34","New Jersey","017","Hudson","40.67025","-74.126081"
"01/20/2007","AQS","340170006","1","0.031","ppm","29","Bayonne","17","100.0000","44201","Ozone","35620","New York-Newark-Jersey City, NY-NJ-PA","34","New Jersey","017","Hudson","40.67025","-74.126081"
"01/21/2007","AQS","340170006","1","0.028","ppm","26","Bayonne","17","100.0000","44201","Ozone","35620","New York-Newark-Jersey City, NY-NJ-PA","34","New Jersey","017","Hudson","40.67025","-74.126081"
"01/22/2007","AQS","340170006","1","0.008","ppm","7","Bayonne","17","100.0000","44201","Ozone","35620","New York-Newark-Jersey City, NY-NJ-PA","34","New Jersey","017","Hudson","40.67025","-74.126081"
"01/23/2007","AQS","340170006","1","0.023","ppm","21","Bayonne","17","100.0000","44201","Ozone","35620","New York-Newark-Jersey City, NY-NJ-PA","34","New Jersey","017","Hudson","40.67025","-74.126081"
"01/24/2007","AQS","340170006","1","0.019","ppm","18","Bayonne","17","100.0000","44201","Ozone","35620","New York-Newark-Jersey City, NY-NJ-PA","34","New Jersey","017","Hudson","40.67025","-74.126081"
"01/25/2007","AQS","340170006","1","0.028","ppm","26","Bayonne","17","100.0000","44201","Ozone","35620","New York-Newark-Jersey City, NY-NJ-PA","34","New Jersey","017","Hudson","40.67025","-74.126081"
"01/26/2007","AQS","340170006","1","0.028","ppm","26","Bayonne","17","100.0000","44201","Ozone","35620","New York-Newark-Jersey City, NY-NJ-PA","34","New Jersey","017","Hudson","40.67025","-74.126081"
"01/27/2007","AQS","340170006","1","0.013","ppm","12","Bayonne","17","100.0000","44201","Ozone","35620","New York-Newark-Jersey City, NY-NJ-PA","34","New Jersey","017","Hudson","40.67025","-74.126081"
"01/28/2007","AQS","340170006","1","0.018","ppm","17","Bayonne","17","100.0000","44201","Ozone","35620","New York-Newark-Jersey City, NY-NJ-PA","34","New Jersey","017","Hudson","40.67025","-74.126081"
"01/29/2007","AQS","340170006","1","0.026","ppm","24","Bayonne","17","100.0000","44201","Ozone","35620","New York-Newark-Jersey City, NY-NJ-PA","34","New Jersey","017","Hudson","40.67025","-74.126081"
"01/30/2007","AQS","340170006","1","0.017","ppm","16","Bayonne","17","100.0000","44201","Ozone","35620","New York-Newark-Jersey City, NY-NJ-PA","34","New Jersey","017","Hudson","40.67025","-74.126081"
"01/31/2007","AQS","340170006","1","0.026","ppm","24","Bayonne","17","100.0000","44201","Ozone","35620","New York-Newark-Jersey City, NY-NJ-PA","34","New Jersey","017","Hudson","40.67025","-74.126081"
"02/01/2007","AQS","340170006","1","0.016","ppm","15","Bayonne","17","100.0000","44201","Ozone","35620","New York-Newark-Jersey City, NY-NJ-PA","34","New Jersey","017","Hudson","40.67025","-74.126081"
"02/02/2007","AQS","340170006","1","0.018","ppm","17","Bayonne","17","100.0000","44201","Ozone","35620","New York-Newark-Jersey City, NY-NJ-PA","34","New Jersey","017","Hudson","40.67025","-74.126081"
"02/03/2007","AQS","340170006","1","0.028","ppm","26","Bayonne","17","100.0000","44201","Ozone","35620","New York-Newark-Jersey City, NY-NJ-PA","34","New Jersey","017","Hudson","40.67025","-74.126081"
"02/04/2007","AQS","340170006","1","0.031","ppm","29","Bayonne","17","100.0000","44201","Ozone","35620","New York-Newark-Jersey City, NY-NJ-PA","34","New Jersey","017","Hudson","40.67025","-74.126081"
"02/05/2007","AQS","340170006","1","0.024","ppm","22","Bayonne","17","100.0000","44201","Ozone","35620","New York-Newark-Jersey City, NY-NJ-PA","34","New Jersey","017","Hudson","40.67025","-74.126081"
"02/06/2007","AQS","340170006","1","0.021","ppm","19","Bayonne","17","100.0000","44201","Ozone","35620","New York-Newark-Jersey City, NY-NJ-PA","34","New Jersey","017","Hudson","40.67025","-74.126081"
"02/07/2007","AQS","340170006","1","0.024","ppm","22","Bayonne","17","100.0000","44201","Ozone","35620","New York-Newark-Jersey City, NY-NJ-PA","34","New Jersey","017","Hudson","40.67025","-74.126081"
"02/08/2007","AQS","340170006","1","0.024","ppm","22","Bayonne","17","100.0000","44201","Ozone","35620","New York-Newark-Jersey City, NY-NJ-PA","34","New Jersey","017","Hudson","40.67025","-74.126081"
"02/09/2007","AQS","340170006","1","0.026","ppm","24","Bayonne","17","100.0000","44201","Ozone","35620","New York-Newark-Jersey City, NY-NJ-PA","34","New Jersey","017","Hudson","40.67025","-74.126081"
"02/10/2007","AQS","340170006","1","0.029","ppm","27","Bayonne","17","100.0000","44201","Ozone","35620","New York-Newark-Jersey City, NY-NJ-PA","34","New Jersey","017","Hudson","40.67025","-74.126081"
"02/11/2007","AQS","340170006","1","0.03","ppm","28","Bayonne","17","100.0000","44201","Ozone","35620","New York-Newark-Jersey City, NY-NJ-PA","34","New Jersey","017","Hudson","40.67025","-74.126081"
"02/12/2007","AQS","340170006","1","0.022","ppm","20","Bayonne","17","100.0000","44201","Ozone","35620","New York-Newark-Jersey City, NY-NJ-PA","34","New Jersey","017","Hudson","40.67025","-74.126081"
"02/13/2007","AQS","340170006","1","0.019","ppm","18","Bayonne","17","100.0000","44201","Ozone","35620","New York-Newark-Jersey City, NY-NJ-PA","34","New Jersey","017","Hudson","40.67025","-74.126081"
"02/14/2007","AQS","340170006","1","0.021","ppm","19","Bayonne","17","100.0000","44201","Ozone","35620","New York-Newark-Jersey City, NY-NJ-PA","34","New Jersey","017","Hudson","40.67025","-74.126081"
"02/15/2007","AQS","340170006","1","0.027","ppm","25","Bayonne","17","100.0000","44201","Ozone","35620","New York-Newark-Jersey City, NY-NJ-PA","34","New Jersey","017","Hudson","40.67025","-74.126081"
"02/16/2007","AQS","340170006","1","0.026","ppm","24","Bayonne","17","100.0000","44201","Ozone","35620","New York-Newark-Jersey City, NY-NJ-PA","34","New Jersey","017","Hudson","40.67025","-74.126081"
"02/17/2007","AQS","340170006","1","0.027","ppm","25","Bayonne","17","100.0000","44201","Ozone","35620","New York-Newark-Jersey City, NY-NJ-PA","34","New Jersey","017","Hudson","40.67025","-74.126081"
"02/18/2007","AQS","340170006","1","0.033","ppm","31","Bayonne","17","100.0000","44201","Ozone","35620","New York-Newark-Jersey City, NY-NJ-PA","34","New Jersey","017","Hudson","40.67025","-74.126081"
"02/19/2007","AQS","340170006","1","0.034","ppm","31","Bayonne","17","100.0000","44201","Ozone","35620","New York-Newark-Jersey City, NY-NJ-PA","34","New Jersey","017","Hudson","40.67025","-74.126081"
"02/20/2007","AQS","340170006","1","0.008","ppm","7","Bayonne","17","100.0000","44201","Ozone","35620","New York-Newark-Jersey City, NY-NJ-PA","34","New Jersey","017","Hudson","40.67025","-74.126081"
"02/21/2007","AQS","340170006","1","0.032","ppm","30","Bayonne","17","100.0000","44201","Ozone","35620","New York-Newark-Jersey City, NY-NJ-PA","34","New Jersey","017","Hudson","40.67025","-74.126081"
"02/22/2007","AQS","340170006","1","0.02","ppm","19","Bayonne","17","100.0000","44201","Ozone","35620","New York-Newark-Jersey City, NY-NJ-PA","34","New Jersey","017","Hudson","40.67025","-74.126081"
"02/23/2007","AQS","340170006","1","0.034","ppm","31","Bayonne","17","100.0000","44201","Ozone","35620","New York-Newark-Jersey City, NY-NJ-PA","34","New Jersey","017","Hudson","40.67025","-74.126081"
"02/24/2007","AQS","340170006","1","0.034","ppm","31","Bayonne","17","100.0000","44201","Ozone","35620","New York-Newark-Jersey City, NY-NJ-PA","34","New Jersey","017","Hudson","40.67025","-74.126081"
"02/25/2007","AQS","340170006","1","0.022","ppm","20","Bayonne","17","100.0000","44201","Ozone","35620","New York-Newark-Jersey City, NY-NJ-PA","34","New Jersey","017","Hudson","40.67025","-74.126081"
"03/03/2007","AQS","340170006","1","0.032","ppm","30","Bayonne","17","100.0000","44201","Ozone","35620","New York-Newark-Jersey City, NY-NJ-PA","34","New Jersey","017","Hudson","40.67025","-74.126081"
"03/04/2007","AQS","340170006","1","0.031","ppm","29","Bayonne","17","100.0000","44201","Ozone","35620","New York-Newark-Jersey City, NY-NJ-PA","34","New Jersey","017","Hudson","40.67025","-74.126081"
"03/05/2007","AQS","340170006","1","0.028","ppm","26","Bayonne","17","100.0000","44201","Ozone","35620","New York-Newark-Jersey City, NY-NJ-PA","34","New Jersey","017","Hudson","40.67025","-74.126081"
"03/06/2007","AQS","340170006","1","0.032","ppm","30","Bayonne","17","100.0000","44201","Ozone","35620","New York-Newark-Jersey City, NY-NJ-PA","34","New Jersey","017","Hudson","40.67025","-74.126081"
"03/07/2007","AQS","340170006","1","0.013","ppm","12","Bayonne","17","100.0000","44201","Ozone","35620","New York-Newark-Jersey City, NY-NJ-PA","34","New Jersey","017","Hudson","40.67025","-74.126081"
"03/08/2007","AQS","340170006","1","0.034","ppm","31","Bayonne","17","100.0000","44201","Ozone","35620","New York-Newark-Jersey City, NY-NJ-PA","34","New Jersey","017","Hudson","40.67025","-74.126081"
"03/09/2007","AQS","340170006","1","0.019","ppm","18","Bayonne","17","100.0000","44201","Ozone","35620","New York-Newark-Jersey City, NY-NJ-PA","34","New Jersey","017","Hudson","40.67025","-74.126081"
"03/10/2007","AQS","340170006","1","0.034","ppm","31","Bayonne","17","100.0000","44201","Ozone","35620","New York-Newark-Jersey City, NY-NJ-PA","34","New Jersey","017","Hudson","40.67025","-74.126081"
"03/11/2007","AQS","340170006","1","0.039","ppm","36","Bayonne","17","100.0000","44201","Ozone","35620","New York-Newark-Jersey City, NY-NJ-PA","34","New Jersey","017","Hudson","40.67025","-74.126081"
"03/12/2007","AQS","340170006","1","0.018","ppm","17","Bayonne","17","100.0000","44201","Ozone","35620","New York-Newark-Jersey City, NY-NJ-PA","34","New Jersey","017","Hudson","40.67025","-74.126081"
"03/13/2007","AQS","340170006","1","0.015","ppm","14","Bayonne","17","100.0000","44201","Ozone","35620","New York-Newark-Jersey City, NY-NJ-PA","34","New Jersey","017","Hudson","40.67025","-74.126081"
"03/14/2007","AQS","340170006","1","0.039","ppm","36","Bayonne","17","100.0000","44201","Ozone","35620","New York-Newark-Jersey City, NY-NJ-PA","34","New Jersey","017","Hudson","40.67025","-74.126081"
"03/15/2007","AQS","340170006","1","0.027","ppm","25","Bayonne","17","100.0000","44201","Ozone","35620","New York-Newark-Jersey City, NY-NJ-PA","34","New Jersey","017","Hudson","40.67025","-74.126081"
"03/16/2007","AQS","340170006","1","0.028","ppm","26","Bayonne","17","100.0000","44201","Ozone","35620","New York-Newark-Jersey City, NY-NJ-PA","34","New Jersey","017","Hudson","40.67025","-74.126081"
"03/17/2007","AQS","340170006","1","0.034","ppm","31","Bayonne","17","100.0000","44201","Ozone","35620","New York-Newark-Jersey City, NY-NJ-PA","34","New Jersey","017","Hudson","40.67025","-74.126081"
"03/18/2007","AQS","340170006","1","0.039","ppm","36","Bayonne","17","100.0000","44201","Ozone","35620","New York-Newark-Jersey City, NY-NJ-PA","34","New Jersey","017","Hudson","40.67025","-74.126081"
"03/19/2007","AQS","340170006","1","0.032","ppm","30","Bayonne","17","100.0000","44201","Ozone","35620","New York-Newark-Jersey City, NY-NJ-PA","34","New Jersey","017","Hudson","40.67025","-74.126081"
"03/20/2007","AQS","340170006","1","0.038","ppm","35","Bayonne","17","100.0000","44201","Ozone","35620","New York-Newark-Jersey City, NY-NJ-PA","34","New Jersey","017","Hudson","40.67025","-74.126081"
"03/21/2007","AQS","340170006","1","0.036","ppm","33","Bayonne","17","100.0000","44201","Ozone","35620","New York-Newark-Jersey City, NY-NJ-PA","34","New Jersey","017","Hudson","40.67025","-74.126081"
"03/22/2007","AQS","340170006","1","0.037","ppm","34","Bayonne","17","100.0000","44201","Ozone","35620","New York-Newark-Jersey City, NY-NJ-PA","34","New Jersey","017","Hudson","40.67025","-74.126081"
"03/23/2007","AQS","340170006","1","0.01","ppm","9","Bayonne","17","100.0000","44201","Ozone","35620","New York-Newark-Jersey City, NY-NJ-PA","34","New Jersey","017","Hudson","40.67025","-74.126081"
"03/24/2007","AQS","340170006","1","0.035","ppm","32","Bayonne","17","100.0000","44201","Ozone","35620","New York-Newark-Jersey City, NY-NJ-PA","34","New Jersey","017","Hudson","40.67025","-74.126081"
"03/25/2007","AQS","340170006","1","0.037","ppm","34","Bayonne","17","100.0000","44201","Ozone","35620","New York-Newark-Jersey City, NY-NJ-PA","34","New Jersey","017","Hudson","40.67025","-74.126081"
"03/26/2007","AQS","340170006","1","0.029","ppm","27","Bayonne","17","100.0000","44201","Ozone","35620","New York-Newark-Jersey City, NY-NJ-PA","34","New Jersey","017","Hudson","40.67025","-74.126081"
"03/27/2007","AQS","340170006","1","0.04","ppm","37","Bayonne","17","100.0000","44201","Ozone","35620","New York-Newark-Jersey City, NY-NJ-PA","34","New Jersey","017","Hudson","40.67025","-74.126081"
"03/28/2007","AQS","340170006","1","0.04","ppm","37","Bayonne","17","100.0000","44201","Ozone","35620","New York-Newark-Jersey City, NY-NJ-PA","34","New Jersey","017","Hudson","40.67025","-74.126081"
"03/29/2007","AQS","340170006","1","0.042","ppm","39","Bayonne","17","100.0000","44201","Ozone","35620","New York-Newark-Jersey City, NY-NJ-PA","34","New Jersey","017","Hudson","40.67025","-74.126081"
"03/30/2007","AQS","340170006","1","0.036","ppm","33","Bayonne","17","100.0000","44201","Ozone","35620","New York-Newark-Jersey City, NY-NJ-PA","34","New Jersey","017","Hudson","40.67025","-74.126081"
"03/31/2007","AQS","340170006","1","0.039","ppm","36","Bayonne","17","100.0000","44201","Ozone","35620","New York-Newark-Jersey City, NY-NJ-PA","34","New Jersey","017","Hudson","40.67025","-74.126081"
"04/01/2007","AQS","340170006","1","0.034","ppm","31","Bayonne","17","100.0000","44201","Ozone","35620","New York-Newark-Jersey City, NY-NJ-PA","34","New Jersey","017","Hudson","40.67025","-74.126081"
"04/02/2007","AQS","340170006","1","0.028","ppm","26","Bayonne","17","100.0000","44201","Ozone","35620","New York-Newark-Jersey City, NY-NJ-PA","34","New Jersey","017","Hudson","40.67025","-74.126081"
"04/03/2007","AQS","340170006","1","0.037","ppm","34","Bayonne","17","100.0000","44201","Ozone","35620","New York-Newark-Jersey City, NY-NJ-PA","34","New Jersey","017","Hudson","40.67025","-74.126081"
"04/04/2007","AQS","340170006","1","0.022","ppm","20","Bayonne","17","100.0000","44201","Ozone","35620","New York-Newark-Jersey City, NY-NJ-PA","34","New Jersey","017","Hudson","40.67025","-74.126081"
"04/05/2007","AQS","340170006","1","0.028","ppm","26","Bayonne","17","100.0000","44201","Ozone","35620","New York-Newark-Jersey City, NY-NJ-PA","34","New Jersey","017","Hudson","40.67025","-74.126081"
"04/06/2007","AQS","340170006","1","0.033","ppm","31","Bayonne","17","100.0000","44201","Ozone","35620","New York-Newark-Jersey City, NY-NJ-PA","34","New Jersey","017","Hudson","40.67025","-74.126081"
"04/07/2007","AQS","340170006","1","0.038","ppm","35","Bayonne","17","100.0000","44201","Ozone","35620","New York-Newark-Jersey City, NY-NJ-PA","34","New Jersey","017","Hudson","40.67025","-74.126081"
"04/08/2007","AQS","340170006","1","0.027","ppm","25","Bayonne","17","100.0000","44201","Ozone","35620","New York-Newark-Jersey City, NY-NJ-PA","34","New Jersey","017","Hudson","40.67025","-74.126081"
"04/09/2007","AQS","340170006","1","0.033","ppm","31","Bayonne","17","100.0000","44201","Ozone","35620","New York-Newark-Jersey City, NY-NJ-PA","34","New Jersey","017","Hudson","40.67025","-74.126081"
"04/10/2007","AQS","340170006","1","0.04","ppm","37","Bayonne","17","100.0000","44201","Ozone","35620","New York-Newark-Jersey City, NY-NJ-PA","34","New Jersey","017","Hudson","40.67025","-74.126081"
"04/11/2007","AQS","340170006","1","0.042","ppm","39","Bayonne","17","100.0000","44201","Ozone","35620","New York-Newark-Jersey City, NY-NJ-PA","34","New Jersey","017","Hudson","40.67025","-74.126081"
"04/12/2007","AQS","340170006","1","0.03","ppm","28","Bayonne","17","100.0000","44201","Ozone","35620","New York-Newark-Jersey City, NY-NJ-PA","34","New Jersey","017","Hudson","40.67025","-74.126081"
"04/13/2007","AQS","340170006","1","0.033","ppm","31","Bayonne","17","100.0000","44201","Ozone","35620","New York-Newark-Jersey City, NY-NJ-PA","34","New Jersey","017","Hudson","40.67025","-74.126081"
"04/14/2007","AQS","340170006","1","0.048","ppm","44","Bayonne","17","100.0000","44201","Ozone","35620","New York-Newark-Jersey City, NY-NJ-PA","34","New Jersey","017","Hudson","40.67025","-74.126081"
"04/15/2007","AQS","340170006","1","0.04","ppm","37","Bayonne","17","100.0000","44201","Ozone","35620","New York-Newark-Jersey City, NY-NJ-PA","34","New Jersey","017","Hudson","40.67025","-74.126081"
"04/16/2007","AQS","340170006","1","0.026","ppm","24","Bayonne","17","100.0000","44201","Ozone","35620","New York-Newark-Jersey City, NY-NJ-PA","34","New Jersey","017","Hudson","40.67025","-74.126081"
"04/17/2007","AQS","340170006","1","0.037","ppm","34","Bayonne","17","100.0000","44201","Ozone","35620","New York-Newark-Jersey City, NY-NJ-PA","34","New Jersey","017","Hudson","40.67025","-74.126081"
"04/18/2007","AQS","340170006","1","0.033","ppm","31","Bayonne","17","100.0000","44201","Ozone","35620","New York-Newark-Jersey City, NY-NJ-PA","34","New Jersey","017","Hudson","40.67025","-74.126081"
"04/19/2007","AQS","340170006","1","0.037","ppm","34","Bayonne","17","100.0000","44201","Ozone","35620","New York-Newark-Jersey City, NY-NJ-PA","34","New Jersey","017","Hudson","40.67025","-74.126081"
"04/20/2007","AQS","340170006","1","0.047","ppm","44","Bayonne","17","100.0000","44201","Ozone","35620","New York-Newark-Jersey City, NY-NJ-PA","34","New Jersey","017","Hudson","40.67025","-74.126081"
"04/21/2007","AQS","340170006","1","0.046","ppm","43","Bayonne","17","100.0000","44201","Ozone","35620","New York-Newark-Jersey City, NY-NJ-PA","34","New Jersey","017","Hudson","40.67025","-74.126081"
"04/22/2007","AQS","340170006","1","0.055","ppm","51","Bayonne","17","100.0000","44201","Ozone","35620","New York-Newark-Jersey City, NY-NJ-PA","34","New Jersey","017","Hudson","40.67025","-74.126081"
"04/23/2007","AQS","340170006","1","0.068","ppm","93","Bayonne","17","100.0000","44201","Ozone","35620","New York-Newark-Jersey City, NY-NJ-PA","34","New Jersey","017","Hudson","40.67025","-74.126081"
"04/24/2007","AQS","340170006","1","0.047","ppm","44","Bayonne","17","100.0000","44201","Ozone","35620","New York-Newark-Jersey City, NY-NJ-PA","34","New Jersey","017","Hudson","40.67025","-74.126081"
"04/25/2007","AQS","340170006","1","0.031","ppm","29","Bayonne","17","100.0000","44201","Ozone","35620","New York-Newark-Jersey City, NY-NJ-PA","34","New Jersey","017","Hudson","40.67025","-74.126081"
"04/26/2007","AQS","340170006","1","0.045","ppm","42","Bayonne","17","100.0000","44201","Ozone","35620","New York-Newark-Jersey City, NY-NJ-PA","34","New Jersey","017","Hudson","40.67025","-74.126081"
"04/27/2007","AQS","340170006","1","0.003","ppm","3","Bayonne","17","100.0000","44201","Ozone","35620","New York-Newark-Jersey City, NY-NJ-PA","34","New Jersey","017","Hudson","40.67025","-74.126081"
"04/28/2007","AQS","340170006","1","0.038","ppm","35","Bayonne","17","100.0000","44201","Ozone","35620","New York-Newark-Jersey City, NY-NJ-PA","34","New Jersey","017","Hudson","40.67025","-74.126081"
"04/29/2007","AQS","340170006","1","0.039","ppm","36","Bayonne","17","100.0000","44201","Ozone","35620","New York-Newark-Jersey City, NY-NJ-PA","34","New Jersey","017","Hudson","40.67025","-74.126081"
"04/30/2007","AQS","340170006","1","0.051","ppm","47","Bayonne","17","100.0000","44201","Ozone","35620","New York-Newark-Jersey City, NY-NJ-PA","34","New Jersey","017","Hudson","40.67025","-74.126081"
"05/01/2007","AQS","340170006","1","0.034","ppm","31","Bayonne","17","100.0000","44201","Ozone","35620","New York-Newark-Jersey City, NY-NJ-PA","34","New Jersey","017","Hudson","40.67025","-74.126081"
"05/02/2007","AQS","340170006","1","0.042","ppm","39","Bayonne","17","100.0000","44201","Ozone","35620","New York-Newark-Jersey City, NY-NJ-PA","34","New Jersey","017","Hudson","40.67025","-74.126081"
"05/03/2007","AQS","340170006","1","0.036","ppm","33","Bayonne","17","100.0000","44201","Ozone","35620","New York-Newark-Jersey City, NY-NJ-PA","34","New Jersey","017","Hudson","40.67025","-74.126081"
"05/04/2007","AQS","340170006","1","0.044","ppm","41","Bayonne","17","100.0000","44201","Ozone","35620","New York-Newark-Jersey City, NY-NJ-PA","34","New Jersey","017","Hudson","40.67025","-74.126081"
"05/05/2007","AQS","340170006","1","0.044","ppm","41","Bayonne","17","100.0000","44201","Ozone","35620","New York-Newark-Jersey City, NY-NJ-PA","34","New Jersey","017","Hudson","40.67025","-74.126081"
"05/06/2007","AQS","340170006","1","0.039","ppm","36","Bayonne","17","100.0000","44201","Ozone","35620","New York-Newark-Jersey City, NY-NJ-PA","34","New Jersey","017","Hudson","40.67025","-74.126081"
"05/07/2007","AQS","340170006","1","0.033","ppm","31","Bayonne","17","100.0000","44201","Ozone","35620","New York-Newark-Jersey City, NY-NJ-PA","34","New Jersey","017","Hudson","40.67025","-74.126081"
"05/08/2007","AQS","340170006","1","0.03","ppm","28","Bayonne","17","100.0000","44201","Ozone","35620","New York-Newark-Jersey City, NY-NJ-PA","34","New Jersey","017","Hudson","40.67025","-74.126081"
"05/09/2007","AQS","340170006","1","0.029","ppm","27","Bayonne","17","100.0000","44201","Ozone","35620","New York-Newark-Jersey City, NY-NJ-PA","34","New Jersey","017","Hudson","40.67025","-74.126081"
"05/10/2007","AQS","340170006","1","0.021","ppm","19","Bayonne","17","100.0000","44201","Ozone","35620","New York-Newark-Jersey City, NY-NJ-PA","34","New Jersey","017","Hudson","40.67025","-74.126081"
"05/11/2007","AQS","340170006","1","0.029","ppm","27","Bayonne","17","100.0000","44201","Ozone","35620","New York-Newark-Jersey City, NY-NJ-PA","34","New Jersey","017","Hudson","40.67025","-74.126081"
"05/12/2007","AQS","340170006","1","0.032","ppm","30","Bayonne","17","100.0000","44201","Ozone","35620","New York-Newark-Jersey City, NY-NJ-PA","34","New Jersey","017","Hudson","40.67025","-74.126081"
"05/13/2007","AQS","340170006","1","0.048","ppm","44","Bayonne","17","100.0000","44201","Ozone","35620","New York-Newark-Jersey City, NY-NJ-PA","34","New Jersey","017","Hudson","40.67025","-74.126081"
"05/14/2007","AQS","340170006","1","0.044","ppm","41","Bayonne","17","100.0000","44201","Ozone","35620","New York-Newark-Jersey City, NY-NJ-PA","34","New Jersey","017","Hudson","40.67025","-74.126081"
"05/15/2007","AQS","340170006","1","0.075","ppm","115","Bayonne","17","100.0000","44201","Ozone","35620","New York-Newark-Jersey City, NY-NJ-PA","34","New Jersey","017","Hudson","40.67025","-74.126081"
"05/16/2007","AQS","340170006","1","0.064","ppm","80","Bayonne","17","100.0000","44201","Ozone","35620","New York-Newark-Jersey City, NY-NJ-PA","34","New Jersey","017","Hudson","40.67025","-74.126081"
"05/17/2007","AQS","340170006","1","0.037","ppm","34","Bayonne","17","100.0000","44201","Ozone","35620","New York-Newark-Jersey City, NY-NJ-PA","34","New Jersey","017","Hudson","40.67025","-74.126081"
"05/18/2007","AQS","340170006","1","0.024","ppm","22","Bayonne","17","100.0000","44201","Ozone","35620","New York-Newark-Jersey City, NY-NJ-PA","34","New Jersey","017","Hudson","40.67025","-74.126081"
"05/19/2007","AQS","340170006","1","0.032","ppm","30","Bayonne","17","100.0000","44201","Ozone","35620","New York-Newark-Jersey City, NY-NJ-PA","34","New Jersey","017","Hudson","40.67025","-74.126081"
"05/20/2007","AQS","340170006","1","0.054","ppm","50","Bayonne","17","100.0000","44201","Ozone","35620","New York-Newark-Jersey City, NY-NJ-PA","34","New Jersey","017","Hudson","40.67025","-74.126081"
"05/21/2007","AQS","340170006","1","0.042","ppm","39","Bayonne","17","100.0000","44201","Ozone","35620","New York-Newark-Jersey City, NY-NJ-PA","34","New Jersey","017","Hudson","40.67025","-74.126081"
"05/22/2007","AQS","340170006","1","0.04","ppm","37","Bayonne","17","100.0000","44201","Ozone","35620","New York-Newark-Jersey City, NY-NJ-PA","34","New Jersey","017","Hudson","40.67025","-74.126081"
"05/23/2007","AQS","340170006","1","0.053","ppm","49","Bayonne","17","100.0000","44201","Ozone","35620","New York-Newark-Jersey City, NY-NJ-PA","34","New Jersey","017","Hudson","40.67025","-74.126081"
"05/24/2007","AQS","340170006","1","0.068","ppm","93","Bayonne","17","100.0000","44201","Ozone","35620","New York-Newark-Jersey City, NY-NJ-PA","34","New Jersey","017","Hudson","40.67025","-74.126081"
"05/25/2007","AQS","340170006","1","0.067","ppm","90","Bayonne","17","100.0000","44201","Ozone","35620","New York-Newark-Jersey City, NY-NJ-PA","34","New Jersey","017","Hudson","40.67025","-74.126081"
"05/26/2007","AQS","340170006","1","0.06","ppm","67","Bayonne","17","100.0000","44201","Ozone","35620","New York-Newark-Jersey City, NY-NJ-PA","34","New Jersey","017","Hudson","40.67025","-74.126081"
"05/27/2007","AQS","340170006","1","0.065","ppm","84","Bayonne","17","100.0000","44201","Ozone","35620","New York-Newark-Jersey City, NY-NJ-PA","34","New Jersey","017","Hudson","40.67025","-74.126081"
"05/28/2007","AQS","340170006","1","0.056","ppm","54","Bayonne","17","100.0000","44201","Ozone","35620","New York-Newark-Jersey City, NY-NJ-PA","34","New Jersey","017","Hudson","40.67025","-74.126081"
"05/29/2007","AQS","340170006","1","0.049","ppm","45","Bayonne","17","100.0000","44201","Ozone","35620","New York-Newark-Jersey City, NY-NJ-PA","34","New Jersey","017","Hudson","40.67025","-74.126081"
"05/30/2007","AQS","340170006","1","0.076","ppm","119","Bayonne","17","100.0000","44201","Ozone","35620","New York-Newark-Jersey City, NY-NJ-PA","34","New Jersey","017","Hudson","40.67025","-74.126081"
"05/31/2007","AQS","340170006","1","0.093","ppm","169","Bayonne","17","100.0000","44201","Ozone","35620","New York-Newark-Jersey City, NY-NJ-PA","34","New Jersey","017","Hudson","40.67025","-74.126081"
"06/01/2007","AQS","340170006","1","0.074","ppm","112","Bayonne","17","100.0000","44201","Ozone","35620","New York-Newark-Jersey City, NY-NJ-PA","34","New Jersey","017","Hudson","40.67025","-74.126081"
"06/02/2007","AQS","340170006","1","0.079","ppm","129","Bayonne","17","100.0000","44201","Ozone","35620","New York-Newark-Jersey City, NY-NJ-PA","34","New Jersey","017","Hudson","40.67025","-74.126081"
"06/03/2007","AQS","340170006","1","0.037","ppm","34","Bayonne","17","100.0000","44201","Ozone","35620","New York-Newark-Jersey City, NY-NJ-PA","34","New Jersey","017","Hudson","40.67025","-74.126081"
"06/04/2007","AQS","340170006","1","0.018","ppm","17","Bayonne","17","100.0000","44201","Ozone","35620","New York-Newark-Jersey City, NY-NJ-PA","34","New Jersey","017","Hudson","40.67025","-74.126081"
"06/05/2007","AQS","340170006","1","0.056","ppm","54","Bayonne","17","100.0000","44201","Ozone","35620","New York-Newark-Jersey City, NY-NJ-PA","34","New Jersey","017","Hudson","40.67025","-74.126081"
"06/06/2007","AQS","340170006","1","0.036","ppm","33","Bayonne","17","100.0000","44201","Ozone","35620","New York-Newark-Jersey City, NY-NJ-PA","34","New Jersey","017","Hudson","40.67025","-74.126081"
"06/07/2007","AQS","340170006","1","0.043","ppm","40","Bayonne","17","100.0000","44201","Ozone","35620","New York-Newark-Jersey City, NY-NJ-PA","34","New Jersey","017","Hudson","40.67025","-74.126081"
"06/08/2007","AQS","340170006","1","0.054","ppm","50","Bayonne","17","100.0000","44201","Ozone","35620","New York-Newark-Jersey City, NY-NJ-PA","34","New Jersey","017","Hudson","40.67025","-74.126081"
"06/09/2007","AQS","340170006","1","0.056","ppm","54","Bayonne","17","100.0000","44201","Ozone","35620","New York-Newark-Jersey City, NY-NJ-PA","34","New Jersey","017","Hudson","40.67025","-74.126081"
"06/10/2007","AQS","340170006","1","0.037","ppm","34","Bayonne","17","100.0000","44201","Ozone","35620","New York-Newark-Jersey City, NY-NJ-PA","34","New Jersey","017","Hudson","40.67025","-74.126081"
"06/11/2007","AQS","340170006","1","0.05","ppm","46","Bayonne","17","100.0000","44201","Ozone","35620","New York-Newark-Jersey City, NY-NJ-PA","34","New Jersey","017","Hudson","40.67025","-74.126081"
"06/12/2007","AQS","340170006","1","0.04","ppm","37","Bayonne","17","100.0000","44201","Ozone","35620","New York-Newark-Jersey City, NY-NJ-PA","34","New Jersey","017","Hudson","40.67025","-74.126081"
"06/13/2007","AQS","340170006","1","0.025","ppm","23","Bayonne","17","100.0000","44201","Ozone","35620","New York-Newark-Jersey City, NY-NJ-PA","34","New Jersey","017","Hudson","40.67025","-74.126081"
"06/14/2007","AQS","340170006","1","0.02","ppm","19","Bayonne","17","100.0000","44201","Ozone","35620","New York-Newark-Jersey City, NY-NJ-PA","34","New Jersey","017","Hudson","40.67025","-74.126081"
"06/15/2007","AQS","340170006","1","0.038","ppm","35","Bayonne","17","100.0000","44201","Ozone","35620","New York-Newark-Jersey City, NY-NJ-PA","34","New Jersey","017","Hudson","40.67025","-74.126081"
"06/16/2007","AQS","340170006","1","0.055","ppm","51","Bayonne","17","100.0000","44201","Ozone","35620","New York-Newark-Jersey City, NY-NJ-PA","34","New Jersey","017","Hudson","40.67025","-74.126081"
"06/17/2007","AQS","340170006","1","0.072","ppm","105","Bayonne","17","100.0000","44201","Ozone","35620","New York-Newark-Jersey City, NY-NJ-PA","34","New Jersey","017","Hudson","40.67025","-74.126081"
"06/18/2007","AQS","340170006","1","0.044","ppm","41","Bayonne","17","100.0000","44201","Ozone","35620","New York-Newark-Jersey City, NY-NJ-PA","34","New Jersey","017","Hudson","40.67025","-74.126081"
"06/19/2007","AQS","340170006","1","0.046","ppm","43","Bayonne","17","100.0000","44201","Ozone","35620","New York-Newark-Jersey City, NY-NJ-PA","34","New Jersey","017","Hudson","40.67025","-74.126081"
"06/20/2007","AQS","340170006","1","0.039","ppm","36","Bayonne","17","100.0000","44201","Ozone","35620","New York-Newark-Jersey City, NY-NJ-PA","34","New Jersey","017","Hudson","40.67025","-74.126081"
"06/21/2007","AQS","340170006","1","0.061","ppm","71","Bayonne","17","100.0000","44201","Ozone","35620","New York-Newark-Jersey City, NY-NJ-PA","34","New Jersey","017","Hudson","40.67025","-74.126081"
"06/22/2007","AQS","340170006","1","0.034","ppm","31","Bayonne","17","100.0000","44201","Ozone","35620","New York-Newark-Jersey City, NY-NJ-PA","34","New Jersey","017","Hudson","40.67025","-74.126081"
"06/23/2007","AQS","340170006","1","0.042","ppm","39","Bayonne","17","100.0000","44201","Ozone","35620","New York-Newark-Jersey City, NY-NJ-PA","34","New Jersey","017","Hudson","40.67025","-74.126081"
"06/24/2007","AQS","340170006","1","0.048","ppm","44","Bayonne","17","100.0000","44201","Ozone","35620","New York-Newark-Jersey City, NY-NJ-PA","34","New Jersey","017","Hudson","40.67025","-74.126081"
"06/25/2007","AQS","340170006","1","0.056","ppm","54","Bayonne","17","100.0000","44201","Ozone","35620","New York-Newark-Jersey City, NY-NJ-PA","34","New Jersey","017","Hudson","40.67025","-74.126081"
"06/26/2007","AQS","340170006","1","0.093","ppm","169","Bayonne","17","100.0000","44201","Ozone","35620","New York-Newark-Jersey City, NY-NJ-PA","34","New Jersey","017","Hudson","40.67025","-74.126081"
"06/27/2007","AQS","340170006","1","0.095","ppm","174","Bayonne","17","100.0000","44201","Ozone","35620","New York-Newark-Jersey City, NY-NJ-PA","34","New Jersey","017","Hudson","40.67025","-74.126081"
"06/28/2007","AQS","340170006","1","0.069","ppm","97","Bayonne","17","100.0000","44201","Ozone","35620","New York-Newark-Jersey City, NY-NJ-PA","34","New Jersey","017","Hudson","40.67025","-74.126081"
"06/29/2007","AQS","340170006","1","0.025","ppm","23","Bayonne","17","100.0000","44201","Ozone","35620","New York-Newark-Jersey City, NY-NJ-PA","34","New Jersey","017","Hudson","40.67025","-74.126081"
"06/30/2007","AQS","340170006","1","0.052","ppm","48","Bayonne","17","100.0000","44201","Ozone","35620","New York-Newark-Jersey City, NY-NJ-PA","34","New Jersey","017","Hudson","40.67025","-74.126081"
"07/01/2007","AQS","340170006","1","0.033","ppm","31","Bayonne","17","100.0000","44201","Ozone","35620","New York-Newark-Jersey City, NY-NJ-PA","34","New Jersey","017","Hudson","40.67025","-74.126081"
"07/02/2007","AQS","340170006","1","0.032","ppm","30","Bayonne","17","100.0000","44201","Ozone","35620","New York-Newark-Jersey City, NY-NJ-PA","34","New Jersey","017","Hudson","40.67025","-74.126081"
"07/03/2007","AQS","340170006","1","0.048","ppm","44","Bayonne","17","100.0000","44201","Ozone","35620","New York-Newark-Jersey City, NY-NJ-PA","34","New Jersey","017","Hudson","40.67025","-74.126081"
"07/04/2007","AQS","340170006","1","0.048","ppm","44","Bayonne","17","100.0000","44201","Ozone","35620","New York-Newark-Jersey City, NY-NJ-PA","34","New Jersey","017","Hudson","40.67025","-74.126081"
"07/05/2007","AQS","340170006","1","0.05","ppm","46","Bayonne","17","100.0000","44201","Ozone","35620","New York-Newark-Jersey City, NY-NJ-PA","34","New Jersey","017","Hudson","40.67025","-74.126081"
"07/06/2007","AQS","340170006","1","0.049","ppm","45","Bayonne","17","100.0000","44201","Ozone","35620","New York-Newark-Jersey City, NY-NJ-PA","34","New Jersey","017","Hudson","40.67025","-74.126081"
"07/07/2007","AQS","340170006","1","0.053","ppm","49","Bayonne","17","100.0000","44201","Ozone","35620","New York-Newark-Jersey City, NY-NJ-PA","34","New Jersey","017","Hudson","40.67025","-74.126081"
"07/08/2007","AQS","340170006","1","0.073","ppm","108","Bayonne","17","100.0000","44201","Ozone","35620","New York-Newark-Jersey City, NY-NJ-PA","34","New Jersey","017","Hudson","40.67025","-74.126081"
"07/09/2007","AQS","340170006","1","0.09","ppm","161","Bayonne","17","100.0000","44201","Ozone","35620","New York-Newark-Jersey City, NY-NJ-PA","34","New Jersey","017","Hudson","40.67025","-74.126081"
"07/10/2007","AQS","340170006","1","0.087","ppm","154","Bayonne","17","100.0000","44201","Ozone","35620","New York-Newark-Jersey City, NY-NJ-PA","34","New Jersey","017","Hudson","40.67025","-74.126081"
"07/11/2007","AQS","340170006","1","0.046","ppm","43","Bayonne","17","100.0000","44201","Ozone","35620","New York-Newark-Jersey City, NY-NJ-PA","34","New Jersey","017","Hudson","40.67025","-74.126081"
"07/12/2007","AQS","340170006","1","0.045","ppm","42","Bayonne","17","100.0000","44201","Ozone","35620","New York-Newark-Jersey City, NY-NJ-PA","34","New Jersey","017","Hudson","40.67025","-74.126081"
"07/13/2007","AQS","340170006","1","0.058","ppm","61","Bayonne","17","100.0000","44201","Ozone","35620","New York-Newark-Jersey City, NY-NJ-PA","34","New Jersey","017","Hudson","40.67025","-74.126081"
"07/14/2007","AQS","340170006","1","0.075","ppm","115","Bayonne","17","100.0000","44201","Ozone","35620","New York-Newark-Jersey City, NY-NJ-PA","34","New Jersey","017","Hudson","40.67025","-74.126081"
"07/15/2007","AQS","340170006","1","0.076","ppm","119","Bayonne","17","100.0000","44201","Ozone","35620","New York-Newark-Jersey City, NY-NJ-PA","34","New Jersey","017","Hudson","40.67025","-74.126081"
"07/16/2007","AQS","340170006","1","0.042","ppm","39","Bayonne","17","100.0000","44201","Ozone","35620","New York-Newark-Jersey City, NY-NJ-PA","34","New Jersey","017","Hudson","40.67025","-74.126081"
"07/17/2007","AQS","340170006","1","0.076","ppm","119","Bayonne","17","100.0000","44201","Ozone","35620","New York-Newark-Jersey City, NY-NJ-PA","34","New Jersey","017","Hudson","40.67025","-74.126081"
"07/18/2007","AQS","340170006","1","0.049","ppm","45","Bayonne","17","100.0000","44201","Ozone","35620","New York-Newark-Jersey City, NY-NJ-PA","34","New Jersey","017","Hudson","40.67025","-74.126081"
"07/19/2007","AQS","340170006","1","0.066","ppm","87","Bayonne","17","100.0000","44201","Ozone","35620","New York-Newark-Jersey City, NY-NJ-PA","34","New Jersey","017","Hudson","40.67025","-74.126081"
"07/20/2007","AQS","340170006","1","0.045","ppm","42","Bayonne","17","100.0000","44201","Ozone","35620","New York-Newark-Jersey City, NY-NJ-PA","34","New Jersey","017","Hudson","40.67025","-74.126081"
"07/21/2007","AQS","340170006","1","0.034","ppm","31","Bayonne","17","100.0000","44201","Ozone","35620","New York-Newark-Jersey City, NY-NJ-PA","34","New Jersey","017","Hudson","40.67025","-74.126081"
"07/22/2007","AQS","340170006","1","0.041","ppm","38","Bayonne","17","100.0000","44201","Ozone","35620","New York-Newark-Jersey City, NY-NJ-PA","34","New Jersey","017","Hudson","40.67025","-74.126081"
"07/23/2007","AQS","340170006","1","0.011","ppm","10","Bayonne","17","100.0000","44201","Ozone","35620","New York-Newark-Jersey City, NY-NJ-PA","34","New Jersey","017","Hudson","40.67025","-74.126081"
"07/24/2007","AQS","340170006","1","0.052","ppm","48","Bayonne","17","100.0000","44201","Ozone","35620","New York-Newark-Jersey City, NY-NJ-PA","34","New Jersey","017","Hudson","40.67025","-74.126081"
"07/25/2007","AQS","340170006","1","0.041","ppm","38","Bayonne","17","100.0000","44201","Ozone","35620","New York-Newark-Jersey City, NY-NJ-PA","34","New Jersey","017","Hudson","40.67025","-74.126081"
"07/26/2007","AQS","340170006","1","0.041","ppm","38","Bayonne","17","100.0000","44201","Ozone","35620","New York-Newark-Jersey City, NY-NJ-PA","34","New Jersey","017","Hudson","40.67025","-74.126081"
"07/27/2007","AQS","340170006","1","0.029","ppm","27","Bayonne","17","100.0000","44201","Ozone","35620","New York-Newark-Jersey City, NY-NJ-PA","34","New Jersey","017","Hudson","40.67025","-74.126081"
"07/28/2007","AQS","340170006","1","0.068","ppm","93","Bayonne","17","100.0000","44201","Ozone","35620","New York-Newark-Jersey City, NY-NJ-PA","34","New Jersey","017","Hudson","40.67025","-74.126081"
"07/29/2007","AQS","340170006","1","0.043","ppm","40","Bayonne","17","100.0000","44201","Ozone","35620","New York-Newark-Jersey City, NY-NJ-PA","34","New Jersey","017","Hudson","40.67025","-74.126081"
"07/30/2007","AQS","340170006","1","0.077","ppm","122","Bayonne","17","100.0000","44201","Ozone","35620","New York-Newark-Jersey City, NY-NJ-PA","34","New Jersey","017","Hudson","40.67025","-74.126081"
"07/31/2007","AQS","340170006","1","0.061","ppm","71","Bayonne","17","100.0000","44201","Ozone","35620","New York-Newark-Jersey City, NY-NJ-PA","34","New Jersey","017","Hudson","40.67025","-74.126081"
"08/01/2007","AQS","340170006","1","0.07","ppm","100","Bayonne","17","100.0000","44201","Ozone","35620","New York-Newark-Jersey City, NY-NJ-PA","34","New Jersey","017","Hudson","40.67025","-74.126081"
"08/02/2007","AQS","340170006","1","0.092","ppm","166","Bayonne","17","100.0000","44201","Ozone","35620","New York-Newark-Jersey City, NY-NJ-PA","34","New Jersey","017","Hudson","40.67025","-74.126081"
"08/03/2007","AQS","340170006","1","0.09","ppm","161","Bayonne","17","100.0000","44201","Ozone","35620","New York-Newark-Jersey City, NY-NJ-PA","34","New Jersey","017","Hudson","40.67025","-74.126081"
"08/04/2007","AQS","340170006","1","0.068","ppm","93","Bayonne","17","100.0000","44201","Ozone","35620","New York-Newark-Jersey City, NY-NJ-PA","34","New Jersey","017","Hudson","40.67025","-74.126081"
"08/05/2007","AQS","340170006","1","0.048","ppm","44","Bayonne","17","100.0000","44201","Ozone","35620","New York-Newark-Jersey City, NY-NJ-PA","34","New Jersey","017","Hudson","40.67025","-74.126081"
"08/06/2007","AQS","340170006","1","0.067","ppm","90","Bayonne","17","100.0000","44201","Ozone","35620","New York-Newark-Jersey City, NY-NJ-PA","34","New Jersey","017","Hudson","40.67025","-74.126081"
"08/07/2007","AQS","340170006","1","0.063","ppm","77","Bayonne","17","100.0000","44201","Ozone","35620","New York-Newark-Jersey City, NY-NJ-PA","34","New Jersey","017","Hudson","40.67025","-74.126081"
"08/08/2007","AQS","340170006","1","0.068","ppm","93","Bayonne","17","100.0000","44201","Ozone","35620","New York-Newark-Jersey City, NY-NJ-PA","34","New Jersey","017","Hudson","40.67025","-74.126081"
"08/09/2007","AQS","340170006","1","0.041","ppm","38","Bayonne","17","100.0000","44201","Ozone","35620","New York-Newark-Jersey City, NY-NJ-PA","34","New Jersey","017","Hudson","40.67025","-74.126081"
"08/10/2007","AQS","340170006","1","0.022","ppm","20","Bayonne","17","100.0000","44201","Ozone","35620","New York-Newark-Jersey City, NY-NJ-PA","34","New Jersey","017","Hudson","40.67025","-74.126081"
"08/11/2007","AQS","340170006","1","0.052","ppm","48","Bayonne","17","100.0000","44201","Ozone","35620","New York-Newark-Jersey City, NY-NJ-PA","34","New Jersey","017","Hudson","40.67025","-74.126081"
"08/12/2007","AQS","340170006","1","0.069","ppm","97","Bayonne","17","100.0000","44201","Ozone","35620","New York-Newark-Jersey City, NY-NJ-PA","34","New Jersey","017","Hudson","40.67025","-74.126081"
"08/13/2007","AQS","340170006","1","0.053","ppm","49","Bayonne","17","100.0000","44201","Ozone","35620","New York-Newark-Jersey City, NY-NJ-PA","34","New Jersey","017","Hudson","40.67025","-74.126081"
"08/14/2007","AQS","340170006","1","0.04","ppm","37","Bayonne","17","100.0000","44201","Ozone","35620","New York-Newark-Jersey City, NY-NJ-PA","34","New Jersey","017","Hudson","40.67025","-74.126081"
"08/29/2007","AQS","340170006","1","0.053","ppm","49","Bayonne","14","82.0000","44201","Ozone","35620","New York-Newark-Jersey City, NY-NJ-PA","34","New Jersey","017","Hudson","40.67025","-74.126081"
"08/30/2007","AQS","340170006","1","0.07","ppm","100","Bayonne","17","100.0000","44201","Ozone","35620","New York-Newark-Jersey City, NY-NJ-PA","34","New Jersey","017","Hudson","40.67025","-74.126081"
"08/31/2007","AQS","340170006","1","0.03","ppm","28","Bayonne","17","100.0000","44201","Ozone","35620","New York-Newark-Jersey City, NY-NJ-PA","34","New Jersey","017","Hudson","40.67025","-74.126081"
"09/01/2007","AQS","340170006","1","0.037","ppm","34","Bayonne","17","100.0000","44201","Ozone","35620","New York-Newark-Jersey City, NY-NJ-PA","34","New Jersey","017","Hudson","40.67025","-74.126081"
"09/02/2007","AQS","340170006","1","0.044","ppm","41","Bayonne","17","100.0000","44201","Ozone","35620","New York-Newark-Jersey City, NY-NJ-PA","34","New Jersey","017","Hudson","40.67025","-74.126081"
"09/03/2007","AQS","340170006","1","0.059","ppm","64","Bayonne","17","100.0000","44201","Ozone","35620","New York-Newark-Jersey City, NY-NJ-PA","34","New Jersey","017","Hudson","40.67025","-74.126081"
"09/04/2007","AQS","340170006","1","0.05","ppm","46","Bayonne","17","100.0000","44201","Ozone","35620","New York-Newark-Jersey City, NY-NJ-PA","34","New Jersey","017","Hudson","40.67025","-74.126081"
"09/05/2007","AQS","340170006","1","0.038","ppm","35","Bayonne","17","100.0000","44201","Ozone","35620","New York-Newark-Jersey City, NY-NJ-PA","34","New Jersey","017","Hudson","40.67025","-74.126081"
"09/06/2007","AQS","340170006","1","0.04","ppm","37","Bayonne","17","100.0000","44201","Ozone","35620","New York-Newark-Jersey City, NY-NJ-PA","34","New Jersey","017","Hudson","40.67025","-74.126081"
"09/07/2007","AQS","340170006","1","0.056","ppm","54","Bayonne","17","100.0000","44201","Ozone","35620","New York-Newark-Jersey City, NY-NJ-PA","34","New Jersey","017","Hudson","40.67025","-74.126081"
"09/08/2007","AQS","340170006","1","0.069","ppm","97","Bayonne","17","100.0000","44201","Ozone","35620","New York-Newark-Jersey City, NY-NJ-PA","34","New Jersey","017","Hudson","40.67025","-74.126081"
"09/09/2007","AQS","340170006","1","0.037","ppm","34","Bayonne","17","100.0000","44201","Ozone","35620","New York-Newark-Jersey City, NY-NJ-PA","34","New Jersey","017","Hudson","40.67025","-74.126081"
"09/10/2007","AQS","340170006","1","0.022","ppm","20","Bayonne","17","100.0000","44201","Ozone","35620","New York-Newark-Jersey City, NY-NJ-PA","34","New Jersey","017","Hudson","40.67025","-74.126081"
"09/11/2007","AQS","340170006","1","0.026","ppm","24","Bayonne","17","100.0000","44201","Ozone","35620","New York-Newark-Jersey City, NY-NJ-PA","34","New Jersey","017","Hudson","40.67025","-74.126081"
"09/12/2007","AQS","340170006","1","0.03","ppm","28","Bayonne","17","100.0000","44201","Ozone","35620","New York-Newark-Jersey City, NY-NJ-PA","34","New Jersey","017","Hudson","40.67025","-74.126081"
"09/13/2007","AQS","340170006","1","0.036","ppm","33","Bayonne","17","100.0000","44201","Ozone","35620","New York-Newark-Jersey City, NY-NJ-PA","34","New Jersey","017","Hudson","40.67025","-74.126081"
"09/14/2007","AQS","340170006","1","0.041","ppm","38","Bayonne","17","100.0000","44201","Ozone","35620","New York-Newark-Jersey City, NY-NJ-PA","34","New Jersey","017","Hudson","40.67025","-74.126081"
"09/15/2007","AQS","340170006","1","0.027","ppm","25","Bayonne","17","100.0000","44201","Ozone","35620","New York-Newark-Jersey City, NY-NJ-PA","34","New Jersey","017","Hudson","40.67025","-74.126081"
"09/16/2007","AQS","340170006","1","0.024","ppm","22","Bayonne","17","100.0000","44201","Ozone","35620","New York-Newark-Jersey City, NY-NJ-PA","34","New Jersey","017","Hudson","40.67025","-74.126081"
"09/17/2007","AQS","340170006","1","0.023","ppm","21","Bayonne","17","100.0000","44201","Ozone","35620","New York-Newark-Jersey City, NY-NJ-PA","34","New Jersey","017","Hudson","40.67025","-74.126081"
"09/18/2007","AQS","340170006","1","0.03","ppm","28","Bayonne","17","100.0000","44201","Ozone","35620","New York-Newark-Jersey City, NY-NJ-PA","34","New Jersey","017","Hudson","40.67025","-74.126081"
"09/19/2007","AQS","340170006","1","0.029","ppm","27","Bayonne","17","100.0000","44201","Ozone","35620","New York-Newark-Jersey City, NY-NJ-PA","34","New Jersey","017","Hudson","40.67025","-74.126081"
"09/20/2007","AQS","340170006","1","0.054","ppm","50","Bayonne","17","100.0000","44201","Ozone","35620","New York-Newark-Jersey City, NY-NJ-PA","34","New Jersey","017","Hudson","40.67025","-74.126081"
"09/21/2007","AQS","340170006","1","0.067","ppm","90","Bayonne","17","100.0000","44201","Ozone","35620","New York-Newark-Jersey City, NY-NJ-PA","34","New Jersey","017","Hudson","40.67025","-74.126081"
"09/22/2007","AQS","340170006","1","0.019","ppm","18","Bayonne","17","100.0000","44201","Ozone","35620","New York-Newark-Jersey City, NY-NJ-PA","34","New Jersey","017","Hudson","40.67025","-74.126081"
"09/23/2007","AQS","340170006","1","0.037","ppm","34","Bayonne","17","100.0000","44201","Ozone","35620","New York-Newark-Jersey City, NY-NJ-PA","34","New Jersey","017","Hudson","40.67025","-74.126081"
"09/24/2007","AQS","340170006","1","0.028","ppm","26","Bayonne","17","100.0000","44201","Ozone","35620","New York-Newark-Jersey City, NY-NJ-PA","34","New Jersey","017","Hudson","40.67025","-74.126081"
"09/25/2007","AQS","340170006","1","0.066","ppm","87","Bayonne","17","100.0000","44201","Ozone","35620","New York-Newark-Jersey City, NY-NJ-PA","34","New Jersey","017","Hudson","40.67025","-74.126081"
"09/26/2007","AQS","340170006","1","0.068","ppm","93","Bayonne","17","100.0000","44201","Ozone","35620","New York-Newark-Jersey City, NY-NJ-PA","34","New Jersey","017","Hudson","40.67025","-74.126081"
"09/27/2007","AQS","340170006","1","0.024","ppm","22","Bayonne","17","100.0000","44201","Ozone","35620","New York-Newark-Jersey City, NY-NJ-PA","34","New Jersey","017","Hudson","40.67025","-74.126081"
"09/28/2007","AQS","340170006","1","0.037","ppm","34","Bayonne","17","100.0000","44201","Ozone","35620","New York-Newark-Jersey City, NY-NJ-PA","34","New Jersey","017","Hudson","40.67025","-74.126081"
"09/29/2007","AQS","340170006","1","0.035","ppm","32","Bayonne","17","100.0000","44201","Ozone","35620","New York-Newark-Jersey City, NY-NJ-PA","34","New Jersey","017","Hudson","40.67025","-74.126081"
"09/30/2007","AQS","340170006","1","0.034","ppm","31","Bayonne","17","100.0000","44201","Ozone","35620","New York-Newark-Jersey City, NY-NJ-PA","34","New Jersey","017","Hudson","40.67025","-74.126081"
"10/01/2007","AQS","340170006","1","0.031","ppm","29","Bayonne","17","100.0000","44201","Ozone","35620","New York-Newark-Jersey City, NY-NJ-PA","34","New Jersey","017","Hudson","40.67025","-74.126081"
"10/02/2007","AQS","340170006","1","0.03","ppm","28","Bayonne","17","100.0000","44201","Ozone","35620","New York-Newark-Jersey City, NY-NJ-PA","34","New Jersey","017","Hudson","40.67025","-74.126081"
"10/03/2007","AQS","340170006","1","0.027","ppm","25","Bayonne","17","100.0000","44201","Ozone","35620","New York-Newark-Jersey City, NY-NJ-PA","34","New Jersey","017","Hudson","40.67025","-74.126081"
"10/04/2007","AQS","340170006","1","0.032","ppm","30","Bayonne","17","100.0000","44201","Ozone","35620","New York-Newark-Jersey City, NY-NJ-PA","34","New Jersey","017","Hudson","40.67025","-74.126081"
"10/05/2007","AQS","340170006","1","0.024","ppm","22","Bayonne","17","100.0000","44201","Ozone","35620","New York-Newark-Jersey City, NY-NJ-PA","34","New Jersey","017","Hudson","40.67025","-74.126081"
"10/06/2007","AQS","340170006","1","0.047","ppm","44","Bayonne","17","100.0000","44201","Ozone","35620","New York-Newark-Jersey City, NY-NJ-PA","34","New Jersey","017","Hudson","40.67025","-74.126081"
"10/07/2007","AQS","340170006","1","0.04","ppm","37","Bayonne","17","100.0000","44201","Ozone","35620","New York-Newark-Jersey City, NY-NJ-PA","34","New Jersey","017","Hudson","40.67025","-74.126081"
"10/08/2007","AQS","340170006","1","0.051","ppm","47","Bayonne","17","100.0000","44201","Ozone","35620","New York-Newark-Jersey City, NY-NJ-PA","34","New Jersey","017","Hudson","40.67025","-74.126081"
"10/09/2007","AQS","340170006","1","0.02","ppm","19","Bayonne","17","100.0000","44201","Ozone","35620","New York-Newark-Jersey City, NY-NJ-PA","34","New Jersey","017","Hudson","40.67025","-74.126081"
"10/10/2007","AQS","340170006","1","0.018","ppm","17","Bayonne","17","100.0000","44201","Ozone","35620","New York-Newark-Jersey City, NY-NJ-PA","34","New Jersey","017","Hudson","40.67025","-74.126081"
"10/11/2007","AQS","340170006","1","0.017","ppm","16","Bayonne","17","100.0000","44201","Ozone","35620","New York-Newark-Jersey City, NY-NJ-PA","34","New Jersey","017","Hudson","40.67025","-74.126081"
"10/12/2007","AQS","340170006","1","0.025","ppm","23","Bayonne","17","100.0000","44201","Ozone","35620","New York-Newark-Jersey City, NY-NJ-PA","34","New Jersey","017","Hudson","40.67025","-74.126081"
"10/13/2007","AQS","340170006","1","0.031","ppm","29","Bayonne","17","100.0000","44201","Ozone","35620","New York-Newark-Jersey City, NY-NJ-PA","34","New Jersey","017","Hudson","40.67025","-74.126081"
"10/14/2007","AQS","340170006","1","0.03","ppm","28","Bayonne","17","100.0000","44201","Ozone","35620","New York-Newark-Jersey City, NY-NJ-PA","34","New Jersey","017","Hudson","40.67025","-74.126081"
"10/15/2007","AQS","340170006","1","0.021","ppm","19","Bayonne","17","100.0000","44201","Ozone","35620","New York-Newark-Jersey City, NY-NJ-PA","34","New Jersey","017","Hudson","40.67025","-74.126081"
"10/16/2007","AQS","340170006","1","0.013","ppm","12","Bayonne","17","100.0000","44201","Ozone","35620","New York-Newark-Jersey City, NY-NJ-PA","34","New Jersey","017","Hudson","40.67025","-74.126081"
"10/17/2007","AQS","340170006","1","0.031","ppm","29","Bayonne","17","100.0000","44201","Ozone","35620","New York-Newark-Jersey City, NY-NJ-PA","34","New Jersey","017","Hudson","40.67025","-74.126081"
"10/18/2007","AQS","340170006","1","0.03","ppm","28","Bayonne","17","100.0000","44201","Ozone","35620","New York-Newark-Jersey City, NY-NJ-PA","34","New Jersey","017","Hudson","40.67025","-74.126081"
"10/19/2007","AQS","340170006","1","0.026","ppm","24","Bayonne","17","100.0000","44201","Ozone","35620","New York-Newark-Jersey City, NY-NJ-PA","34","New Jersey","017","Hudson","40.67025","-74.126081"
"10/20/2007","AQS","340170006","1","0.035","ppm","32","Bayonne","17","100.0000","44201","Ozone","35620","New York-Newark-Jersey City, NY-NJ-PA","34","New Jersey","017","Hudson","40.67025","-74.126081"
"10/21/2007","AQS","340170006","1","0.039","ppm","36","Bayonne","17","100.0000","44201","Ozone","35620","New York-Newark-Jersey City, NY-NJ-PA","34","New Jersey","017","Hudson","40.67025","-74.126081"
"10/22/2007","AQS","340170006","1","0.036","ppm","33","Bayonne","17","100.0000","44201","Ozone","35620","New York-Newark-Jersey City, NY-NJ-PA","34","New Jersey","017","Hudson","40.67025","-74.126081"
"10/23/2007","AQS","340170006","1","0.042","ppm","39","Bayonne","17","100.0000","44201","Ozone","35620","New York-Newark-Jersey City, NY-NJ-PA","34","New Jersey","017","Hudson","40.67025","-74.126081"
"10/24/2007","AQS","340170006","1","0.017","ppm","16","Bayonne","17","100.0000","44201","Ozone","35620","New York-Newark-Jersey City, NY-NJ-PA","34","New Jersey","017","Hudson","40.67025","-74.126081"
"10/25/2007","AQS","340170006","1","0.013","ppm","12","Bayonne","17","100.0000","44201","Ozone","35620","New York-Newark-Jersey City, NY-NJ-PA","34","New Jersey","017","Hudson","40.67025","-74.126081"
"10/26/2007","AQS","340170006","1","0.007","ppm","6","Bayonne","17","100.0000","44201","Ozone","35620","New York-Newark-Jersey City, NY-NJ-PA","34","New Jersey","017","Hudson","40.67025","-74.126081"
"10/27/2007","AQS","340170006","1","0.02","ppm","19","Bayonne","17","100.0000","44201","Ozone","35620","New York-Newark-Jersey City, NY-NJ-PA","34","New Jersey","017","Hudson","40.67025","-74.126081"
"10/28/2007","AQS","340170006","1","0.032","ppm","30","Bayonne","17","100.0000","44201","Ozone","35620","New York-Newark-Jersey City, NY-NJ-PA","34","New Jersey","017","Hudson","40.67025","-74.126081"
"10/29/2007","AQS","340170006","1","0.021","ppm","19","Bayonne","17","100.0000","44201","Ozone","35620","New York-Newark-Jersey City, NY-NJ-PA","34","New Jersey","017","Hudson","40.67025","-74.126081"
"10/30/2007","AQS","340170006","1","0.012","ppm","11","Bayonne","17","100.0000","44201","Ozone","35620","New York-Newark-Jersey City, NY-NJ-PA","34","New Jersey","017","Hudson","40.67025","-74.126081"
"01/06/2007","AQS","340190001","1","0.03","ppm","28","Flemington","17","100.0000","44201","Ozone","35620","New York-Newark-Jersey City, NY-NJ-PA","34","New Jersey","019","Hunterdon","40.515262","-74.806671"
"01/07/2007","AQS","340190001","1","0.032","ppm","30","Flemington","17","100.0000","44201","Ozone","35620","New York-Newark-Jersey City, NY-NJ-PA","34","New Jersey","019","Hunterdon","40.515262","-74.806671"
"01/08/2007","AQS","340190001","1","0.03","ppm","28","Flemington","17","100.0000","44201","Ozone","35620","New York-Newark-Jersey City, NY-NJ-PA","34","New Jersey","019","Hunterdon","40.515262","-74.806671"
"01/09/2007","AQS","340190001","1","0.026","ppm","24","Flemington","17","100.0000","44201","Ozone","35620","New York-Newark-Jersey City, NY-NJ-PA","34","New Jersey","019","Hunterdon","40.515262","-74.806671"
"01/10/2007","AQS","340190001","1","0.032","ppm","30","Flemington","17","100.0000","44201","Ozone","35620","New York-Newark-Jersey City, NY-NJ-PA","34","New Jersey","019","Hunterdon","40.515262","-74.806671"
"01/11/2007","AQS","340190001","1","0.023","ppm","21","Flemington","17","100.0000","44201","Ozone","35620","New York-Newark-Jersey City, NY-NJ-PA","34","New Jersey","019","Hunterdon","40.515262","-74.806671"
"01/12/2007","AQS","340190001","1","0.011","ppm","10","Flemington","17","100.0000","44201","Ozone","35620","New York-Newark-Jersey City, NY-NJ-PA","34","New Jersey","019","Hunterdon","40.515262","-74.806671"
"01/13/2007","AQS","340190001","1","0.014","ppm","13","Flemington","17","100.0000","44201","Ozone","35620","New York-Newark-Jersey City, NY-NJ-PA","34","New Jersey","019","Hunterdon","40.515262","-74.806671"
"01/14/2007","AQS","340190001","1","0.003","ppm","3","Flemington","17","100.0000","44201","Ozone","35620","New York-Newark-Jersey City, NY-NJ-PA","34","New Jersey","019","Hunterdon","40.515262","-74.806671"
"01/15/2007","AQS","340190001","1","0.01","ppm","9","Flemington","17","100.0000","44201","Ozone","35620","New York-Newark-Jersey City, NY-NJ-PA","34","New Jersey","019","Hunterdon","40.515262","-74.806671"
"01/16/2007","AQS","340190001","1","0.032","ppm","30","Flemington","17","100.0000","44201","Ozone","35620","New York-Newark-Jersey City, NY-NJ-PA","34","New Jersey","019","Hunterdon","40.515262","-74.806671"
"01/17/2007","AQS","340190001","1","0.032","ppm","30","Flemington","17","100.0000","44201","Ozone","35620","New York-Newark-Jersey City, NY-NJ-PA","34","New Jersey","019","Hunterdon","40.515262","-74.806671"
"01/18/2007","AQS","340190001","1","0.007","ppm","6","Flemington","17","100.0000","44201","Ozone","35620","New York-Newark-Jersey City, NY-NJ-PA","34","New Jersey","019","Hunterdon","40.515262","-74.806671"
"01/19/2007","AQS","340190001","1","0.029","ppm","27","Flemington","17","100.0000","44201","Ozone","35620","New York-Newark-Jersey City, NY-NJ-PA","34","New Jersey","019","Hunterdon","40.515262","-74.806671"
"01/20/2007","AQS","340190001","1","0.036","ppm","33","Flemington","17","100.0000","44201","Ozone","35620","New York-Newark-Jersey City, NY-NJ-PA","34","New Jersey","019","Hunterdon","40.515262","-74.806671"
"01/21/2007","AQS","340190001","1","0.034","ppm","31","Flemington","17","100.0000","44201","Ozone","35620","New York-Newark-Jersey City, NY-NJ-PA","34","New Jersey","019","Hunterdon","40.515262","-74.806671"
"01/22/2007","AQS","340190001","1","0.012","ppm","11","Flemington","17","100.0000","44201","Ozone","35620","New York-Newark-Jersey City, NY-NJ-PA","34","New Jersey","019","Hunterdon","40.515262","-74.806671"
"01/23/2007","AQS","340190001","1","0.029","ppm","27","Flemington","17","100.0000","44201","Ozone","35620","New York-Newark-Jersey City, NY-NJ-PA","34","New Jersey","019","Hunterdon","40.515262","-74.806671"
"01/24/2007","AQS","340190001","1","0.025","ppm","23","Flemington","17","100.0000","44201","Ozone","35620","New York-Newark-Jersey City, NY-NJ-PA","34","New Jersey","019","Hunterdon","40.515262","-74.806671"
"01/25/2007","AQS","340190001","1","0.033","ppm","31","Flemington","17","100.0000","44201","Ozone","35620","New York-Newark-Jersey City, NY-NJ-PA","34","New Jersey","019","Hunterdon","40.515262","-74.806671"
"01/26/2007","AQS","340190001","1","0.035","ppm","32","Flemington","17","100.0000","44201","Ozone","35620","New York-Newark-Jersey City, NY-NJ-PA","34","New Jersey","019","Hunterdon","40.515262","-74.806671"
"01/27/2007","AQS","340190001","1","0.02","ppm","19","Flemington","17","100.0000","44201","Ozone","35620","New York-Newark-Jersey City, NY-NJ-PA","34","New Jersey","019","Hunterdon","40.515262","-74.806671"
"01/28/2007","AQS","340190001","1","0.029","ppm","27","Flemington","17","100.0000","44201","Ozone","35620","New York-Newark-Jersey City, NY-NJ-PA","34","New Jersey","019","Hunterdon","40.515262","-74.806671"
"01/29/2007","AQS","340190001","1","0.035","ppm","32","Flemington","17","100.0000","44201","Ozone","35620","New York-Newark-Jersey City, NY-NJ-PA","34","New Jersey","019","Hunterdon","40.515262","-74.806671"
"01/30/2007","AQS","340190001","1","0.025","ppm","23","Flemington","17","100.0000","44201","Ozone","35620","New York-Newark-Jersey City, NY-NJ-PA","34","New Jersey","019","Hunterdon","40.515262","-74.806671"
"01/31/2007","AQS","340190001","1","0.029","ppm","27","Flemington","17","100.0000","44201","Ozone","35620","New York-Newark-Jersey City, NY-NJ-PA","34","New Jersey","019","Hunterdon","40.515262","-74.806671"
"02/01/2007","AQS","340190001","1","0.019","ppm","18","Flemington","17","100.0000","44201","Ozone","35620","New York-Newark-Jersey City, NY-NJ-PA","34","New Jersey","019","Hunterdon","40.515262","-74.806671"
"02/02/2007","AQS","340190001","1","0.026","ppm","24","Flemington","17","100.0000","44201","Ozone","35620","New York-Newark-Jersey City, NY-NJ-PA","34","New Jersey","019","Hunterdon","40.515262","-74.806671"
"02/03/2007","AQS","340190001","1","0.033","ppm","31","Flemington","17","100.0000","44201","Ozone","35620","New York-Newark-Jersey City, NY-NJ-PA","34","New Jersey","019","Hunterdon","40.515262","-74.806671"
"02/04/2007","AQS","340190001","1","0.034","ppm","31","Flemington","17","100.0000","44201","Ozone","35620","New York-Newark-Jersey City, NY-NJ-PA","34","New Jersey","019","Hunterdon","40.515262","-74.806671"
"02/05/2007","AQS","340190001","1","0.031","ppm","29","Flemington","17","100.0000","44201","Ozone","35620","New York-Newark-Jersey City, NY-NJ-PA","34","New Jersey","019","Hunterdon","40.515262","-74.806671"
"02/06/2007","AQS","340190001","1","0.027","ppm","25","Flemington","17","100.0000","44201","Ozone","35620","New York-Newark-Jersey City, NY-NJ-PA","34","New Jersey","019","Hunterdon","40.515262","-74.806671"
"02/07/2007","AQS","340190001","1","0.03","ppm","28","Flemington","17","100.0000","44201","Ozone","35620","New York-Newark-Jersey City, NY-NJ-PA","34","New Jersey","019","Hunterdon","40.515262","-74.806671"
"02/08/2007","AQS","340190001","1","0.029","ppm","27","Flemington","17","100.0000","44201","Ozone","35620","New York-Newark-Jersey City, NY-NJ-PA","34","New Jersey","019","Hunterdon","40.515262","-74.806671"
"02/09/2007","AQS","340190001","1","0.03","ppm","28","Flemington","17","100.0000","44201","Ozone","35620","New York-Newark-Jersey City, NY-NJ-PA","34","New Jersey","019","Hunterdon","40.515262","-74.806671"
"02/10/2007","AQS","340190001","1","0.03","ppm","28","Flemington","17","100.0000","44201","Ozone","35620","New York-Newark-Jersey City, NY-NJ-PA","34","New Jersey","019","Hunterdon","40.515262","-74.806671"
"02/11/2007","AQS","340190001","1","0.033","ppm","31","Flemington","17","100.0000","44201","Ozone","35620","New York-Newark-Jersey City, NY-NJ-PA","34","New Jersey","019","Hunterdon","40.515262","-74.806671"
"02/12/2007","AQS","340190001","1","0.022","ppm","20","Flemington","17","100.0000","44201","Ozone","35620","New York-Newark-Jersey City, NY-NJ-PA","34","New Jersey","019","Hunterdon","40.515262","-74.806671"
"02/13/2007","AQS","340190001","1","0.024","ppm","22","Flemington","17","100.0000","44201","Ozone","35620","New York-Newark-Jersey City, NY-NJ-PA","34","New Jersey","019","Hunterdon","40.515262","-74.806671"
"02/14/2007","AQS","340190001","1","0.032","ppm","30","Flemington","17","100.0000","44201","Ozone","35620","New York-Newark-Jersey City, NY-NJ-PA","34","New Jersey","019","Hunterdon","40.515262","-74.806671"
"02/15/2007","AQS","340190001","1","0.034","ppm","31","Flemington","17","100.0000","44201","Ozone","35620","New York-Newark-Jersey City, NY-NJ-PA","34","New Jersey","019","Hunterdon","40.515262","-74.806671"
"02/16/2007","AQS","340190001","1","0.036","ppm","33","Flemington","17","100.0000","44201","Ozone","35620","New York-Newark-Jersey City, NY-NJ-PA","34","New Jersey","019","Hunterdon","40.515262","-74.806671"
"02/17/2007","AQS","340190001","1","0.034","ppm","31","Flemington","17","100.0000","44201","Ozone","35620","New York-Newark-Jersey City, NY-NJ-PA","34","New Jersey","019","Hunterdon","40.515262","-74.806671"
"02/18/2007","AQS","340190001","1","0.037","ppm","34","Flemington","17","100.0000","44201","Ozone","35620","New York-Newark-Jersey City, NY-NJ-PA","34","New Jersey","019","Hunterdon","40.515262","-74.806671"
"02/19/2007","AQS","340190001","1","0.038","ppm","35","Flemington","17","100.0000","44201","Ozone","35620","New York-Newark-Jersey City, NY-NJ-PA","34","New Jersey","019","Hunterdon","40.515262","-74.806671"
"02/20/2007","AQS","340190001","1","0.02","ppm","19","Flemington","17","100.0000","44201","Ozone","35620","New York-Newark-Jersey City, NY-NJ-PA","34","New Jersey","019","Hunterdon","40.515262","-74.806671"
"02/21/2007","AQS","340190001","1","0.04","ppm","37","Flemington","17","100.0000","44201","Ozone","35620","New York-Newark-Jersey City, NY-NJ-PA","34","New Jersey","019","Hunterdon","40.515262","-74.806671"
"02/22/2007","AQS","340190001","1","0.031","ppm","29","Flemington","17","100.0000","44201","Ozone","35620","New York-Newark-Jersey City, NY-NJ-PA","34","New Jersey","019","Hunterdon","40.515262","-74.806671"
"02/23/2007","AQS","340190001","1","0.041","ppm","38","Flemington","17","100.0000","44201","Ozone","35620","New York-Newark-Jersey City, NY-NJ-PA","34","New Jersey","019","Hunterdon","40.515262","-74.806671"
"02/24/2007","AQS","340190001","1","0.04","ppm","37","Flemington","17","100.0000","44201","Ozone","35620","New York-Newark-Jersey City, NY-NJ-PA","34","New Jersey","019","Hunterdon","40.515262","-74.806671"
"02/25/2007","AQS","340190001","1","0.033","ppm","31","Flemington","17","100.0000","44201","Ozone","35620","New York-Newark-Jersey City, NY-NJ-PA","34","New Jersey","019","Hunterdon","40.515262","-74.806671"
"02/26/2007","AQS","340190001","1","0.021","ppm","19","Flemington","17","100.0000","44201","Ozone","35620","New York-Newark-Jersey City, NY-NJ-PA","34","New Jersey","019","Hunterdon","40.515262","-74.806671"
"02/27/2007","AQS","340190001","1","0.017","ppm","16","Flemington","17","100.0000","44201","Ozone","35620","New York-Newark-Jersey City, NY-NJ-PA","34","New Jersey","019","Hunterdon","40.515262","-74.806671"
"02/28/2007","AQS","340190001","1","0.04","ppm","37","Flemington","17","100.0000","44201","Ozone","35620","New York-Newark-Jersey City, NY-NJ-PA","34","New Jersey","019","Hunterdon","40.515262","-74.806671"
"03/01/2007","AQS","340190001","1","0.026","ppm","24","Flemington","17","100.0000","44201","Ozone","35620","New York-Newark-Jersey City, NY-NJ-PA","34","New Jersey","019","Hunterdon","40.515262","-74.806671"
"03/02/2007","AQS","340190001","1","0.041","ppm","38","Flemington","17","100.0000","44201","Ozone","35620","New York-Newark-Jersey City, NY-NJ-PA","34","New Jersey","019","Hunterdon","40.515262","-74.806671"
"03/03/2007","AQS","340190001","1","0.041","ppm","38","Flemington","17","100.0000","44201","Ozone","35620","New York-Newark-Jersey City, NY-NJ-PA","34","New Jersey","019","Hunterdon","40.515262","-74.806671"
"03/04/2007","AQS","340190001","1","0.037","ppm","34","Flemington","17","100.0000","44201","Ozone","35620","New York-Newark-Jersey City, NY-NJ-PA","34","New Jersey","019","Hunterdon","40.515262","-74.806671"
"03/05/2007","AQS","340190001","1","0.038","ppm","35","Flemington","17","100.0000","44201","Ozone","35620","New York-Newark-Jersey City, NY-NJ-PA","34","New Jersey","019","Hunterdon","40.515262","-74.806671"
"03/06/2007","AQS","340190001","1","0.039","ppm","36","Flemington","17","100.0000","44201","Ozone","35620","New York-Newark-Jersey City, NY-NJ-PA","34","New Jersey","019","Hunterdon","40.515262","-74.806671"
"03/07/2007","AQS","340190001","1","0.027","ppm","25","Flemington","17","100.0000","44201","Ozone","35620","New York-Newark-Jersey City, NY-NJ-PA","34","New Jersey","019","Hunterdon","40.515262","-74.806671"
"03/08/2007","AQS","340190001","1","0.043","ppm","40","Flemington","17","100.0000","44201","Ozone","35620","New York-Newark-Jersey City, NY-NJ-PA","34","New Jersey","019","Hunterdon","40.515262","-74.806671"
"03/09/2007","AQS","340190001","1","0.032","ppm","30","Flemington","17","100.0000","44201","Ozone","35620","New York-Newark-Jersey City, NY-NJ-PA","34","New Jersey","019","Hunterdon","40.515262","-74.806671"
"03/10/2007","AQS","340190001","1","0.043","ppm","40","Flemington","17","100.0000","44201","Ozone","35620","New York-Newark-Jersey City, NY-NJ-PA","34","New Jersey","019","Hunterdon","40.515262","-74.806671"
"03/11/2007","AQS","340190001","1","0.043","ppm","40","Flemington","17","100.0000","44201","Ozone","35620","New York-Newark-Jersey City, NY-NJ-PA","34","New Jersey","019","Hunterdon","40.515262","-74.806671"
"03/12/2007","AQS","340190001","1","0.036","ppm","33","Flemington","17","100.0000","44201","Ozone","35620","New York-Newark-Jersey City, NY-NJ-PA","34","New Jersey","019","Hunterdon","40.515262","-74.806671"
"03/13/2007","AQS","340190001","1","0.032","ppm","30","Flemington","17","100.0000","44201","Ozone","35620","New York-Newark-Jersey City, NY-NJ-PA","34","New Jersey","019","Hunterdon","40.515262","-74.806671"
"03/14/2007","AQS","340190001","1","0.057","ppm","58","Flemington","17","100.0000","44201","Ozone","35620","New York-Newark-Jersey City, NY-NJ-PA","34","New Jersey","019","Hunterdon","40.515262","-74.806671"
"03/15/2007","AQS","340190001","1","0.04","ppm","37","Flemington","17","100.0000","44201","Ozone","35620","New York-Newark-Jersey City, NY-NJ-PA","34","New Jersey","019","Hunterdon","40.515262","-74.806671"
"03/16/2007","AQS","340190001","1","0.036","ppm","33","Flemington","17","100.0000","44201","Ozone","35620","New York-Newark-Jersey City, NY-NJ-PA","34","New Jersey","019","Hunterdon","40.515262","-74.806671"
"03/17/2007","AQS","340190001","1","0.043","ppm","40","Flemington","17","100.0000","44201","Ozone","35620","New York-Newark-Jersey City, NY-NJ-PA","34","New Jersey","019","Hunterdon","40.515262","-74.806671"
"03/18/2007","AQS","340190001","1","0.046","ppm","43","Flemington","17","100.0000","44201","Ozone","35620","New York-Newark-Jersey City, NY-NJ-PA","34","New Jersey","019","Hunterdon","40.515262","-74.806671"
"03/19/2007","AQS","340190001","1","0.041","ppm","38","Flemington","17","100.0000","44201","Ozone","35620","New York-Newark-Jersey City, NY-NJ-PA","34","New Jersey","019","Hunterdon","40.515262","-74.806671"
"03/20/2007","AQS","340190001","1","0.046","ppm","43","Flemington","17","100.0000","44201","Ozone","35620","New York-Newark-Jersey City, NY-NJ-PA","34","New Jersey","019","Hunterdon","40.515262","-74.806671"
"03/21/2007","AQS","340190001","1","0.041","ppm","38","Flemington","17","100.0000","44201","Ozone","35620","New York-Newark-Jersey City, NY-NJ-PA","34","New Jersey","019","Hunterdon","40.515262","-74.806671"
"03/22/2007","AQS","340190001","1","0.049","ppm","45","Flemington","17","100.0000","44201","Ozone","35620","New York-Newark-Jersey City, NY-NJ-PA","34","New Jersey","019","Hunterdon","40.515262","-74.806671"
"03/23/2007","AQS","340190001","1","0.024","ppm","22","Flemington","17","100.0000","44201","Ozone","35620","New York-Newark-Jersey City, NY-NJ-PA","34","New Jersey","019","Hunterdon","40.515262","-74.806671"
"03/24/2007","AQS","340190001","1","0.04","ppm","37","Flemington","17","100.0000","44201","Ozone","35620","New York-Newark-Jersey City, NY-NJ-PA","34","New Jersey","019","Hunterdon","40.515262","-74.806671"
"03/25/2007","AQS","340190001","1","0.044","ppm","41","Flemington","17","100.0000","44201","Ozone","35620","New York-Newark-Jersey City, NY-NJ-PA","34","New Jersey","019","Hunterdon","40.515262","-74.806671"
"03/26/2007","AQS","340190001","1","0.034","ppm","31","Flemington","17","100.0000","44201","Ozone","35620","New York-Newark-Jersey City, NY-NJ-PA","34","New Jersey","019","Hunterdon","40.515262","-74.806671"
"03/27/2007","AQS","340190001","1","0.051","ppm","47","Flemington","17","100.0000","44201","Ozone","35620","New York-Newark-Jersey City, NY-NJ-PA","34","New Jersey","019","Hunterdon","40.515262","-74.806671"
"03/28/2007","AQS","340190001","1","0.048","ppm","44","Flemington","17","100.0000","44201","Ozone","35620","New York-Newark-Jersey City, NY-NJ-PA","34","New Jersey","019","Hunterdon","40.515262","-74.806671"
"03/29/2007","AQS","340190001","1","0.047","ppm","44","Flemington","17","100.0000","44201","Ozone","35620","New York-Newark-Jersey City, NY-NJ-PA","34","New Jersey","019","Hunterdon","40.515262","-74.806671"
"03/30/2007","AQS","340190001","1","0.046","ppm","43","Flemington","17","100.0000","44201","Ozone","35620","New York-Newark-Jersey City, NY-NJ-PA","34","New Jersey","019","Hunterdon","40.515262","-74.806671"
"03/31/2007","AQS","340190001","1","0.039","ppm","36","Flemington","17","100.0000","44201","Ozone","35620","New York-Newark-Jersey City, NY-NJ-PA","34","New Jersey","019","Hunterdon","40.515262","-74.806671"
"04/01/2007","AQS","340190001","1","0.039","ppm","36","Flemington","17","100.0000","44201","Ozone","35620","New York-Newark-Jersey City, NY-NJ-PA","34","New Jersey","019","Hunterdon","40.515262","-74.806671"
"04/02/2007","AQS","340190001","1","0.034","ppm","31","Flemington","17","100.0000","44201","Ozone","35620","New York-Newark-Jersey City, NY-NJ-PA","34","New Jersey","019","Hunterdon","40.515262","-74.806671"
"04/03/2007","AQS","340190001","1","0.04","ppm","37","Flemington","17","100.0000","44201","Ozone","35620","New York-Newark-Jersey City, NY-NJ-PA","34","New Jersey","019","Hunterdon","40.515262","-74.806671"
"04/04/2007","AQS","340190001","1","0.032","ppm","30","Flemington","17","100.0000","44201","Ozone","35620","New York-Newark-Jersey City, NY-NJ-PA","34","New Jersey","019","Hunterdon","40.515262","-74.806671"
"04/05/2007","AQS","340190001","1","0.033","ppm","31","Flemington","17","100.0000","44201","Ozone","35620","New York-Newark-Jersey City, NY-NJ-PA","34","New Jersey","019","Hunterdon","40.515262","-74.806671"
"04/06/2007","AQS","340190001","1","0.036","ppm","33","Flemington","17","100.0000","44201","Ozone","35620","New York-Newark-Jersey City, NY-NJ-PA","34","New Jersey","019","Hunterdon","40.515262","-74.806671"
"04/07/2007","AQS","340190001","1","0.036","ppm","33","Flemington","17","100.0000","44201","Ozone","35620","New York-Newark-Jersey City, NY-NJ-PA","34","New Jersey","019","Hunterdon","40.515262","-74.806671"
"04/08/2007","AQS","340190001","1","0.03","ppm","28","Flemington","17","100.0000","44201","Ozone","35620","New York-Newark-Jersey City, NY-NJ-PA","34","New Jersey","019","Hunterdon","40.515262","-74.806671"
"04/09/2007","AQS","340190001","1","0.038","ppm","35","Flemington","17","100.0000","44201","Ozone","35620","New York-Newark-Jersey City, NY-NJ-PA","34","New Jersey","019","Hunterdon","40.515262","-74.806671"
"04/10/2007","AQS","340190001","1","0.044","ppm","41","Flemington","17","100.0000","44201","Ozone","35620","New York-Newark-Jersey City, NY-NJ-PA","34","New Jersey","019","Hunterdon","40.515262","-74.806671"
"04/11/2007","AQS","340190001","1","0.045","ppm","42","Flemington","17","100.0000","44201","Ozone","35620","New York-Newark-Jersey City, NY-NJ-PA","34","New Jersey","019","Hunterdon","40.515262","-74.806671"
"04/12/2007","AQS","340190001","1","0.039","ppm","36","Flemington","17","100.0000","44201","Ozone","35620","New York-Newark-Jersey City, NY-NJ-PA","34","New Jersey","019","Hunterdon","40.515262","-74.806671"
"04/13/2007","AQS","340190001","1","0.042","ppm","39","Flemington","17","100.0000","44201","Ozone","35620","New York-Newark-Jersey City, NY-NJ-PA","34","New Jersey","019","Hunterdon","40.515262","-74.806671"
"04/14/2007","AQS","340190001","1","0.052","ppm","48","Flemington","17","100.0000","44201","Ozone","35620","New York-Newark-Jersey City, NY-NJ-PA","34","New Jersey","019","Hunterdon","40.515262","-74.806671"
"04/15/2007","AQS","340190001","1","0.043","ppm","40","Flemington","17","100.0000","44201","Ozone","35620","New York-Newark-Jersey City, NY-NJ-PA","34","New Jersey","019","Hunterdon","40.515262","-74.806671"
"04/16/2007","AQS","340190001","1","0.039","ppm","36","Flemington","17","100.0000","44201","Ozone","35620","New York-Newark-Jersey City, NY-NJ-PA","34","New Jersey","019","Hunterdon","40.515262","-74.806671"
"04/17/2007","AQS","340190001","1","0.041","ppm","38","Flemington","17","100.0000","44201","Ozone","35620","New York-Newark-Jersey City, NY-NJ-PA","34","New Jersey","019","Hunterdon","40.515262","-74.806671"
"04/18/2007","AQS","340190001","1","0.037","ppm","34","Flemington","17","100.0000","44201","Ozone","35620","New York-Newark-Jersey City, NY-NJ-PA","34","New Jersey","019","Hunterdon","40.515262","-74.806671"
"04/19/2007","AQS","340190001","1","0.039","ppm","36","Flemington","17","100.0000","44201","Ozone","35620","New York-Newark-Jersey City, NY-NJ-PA","34","New Jersey","019","Hunterdon","40.515262","-74.806671"
"04/20/2007","AQS","340190001","1","0.055","ppm","51","Flemington","17","100.0000","44201","Ozone","35620","New York-Newark-Jersey City, NY-NJ-PA","34","New Jersey","019","Hunterdon","40.515262","-74.806671"
"04/21/2007","AQS","340190001","1","0.056","ppm","54","Flemington","17","100.0000","44201","Ozone","35620","New York-Newark-Jersey City, NY-NJ-PA","34","New Jersey","019","Hunterdon","40.515262","-74.806671"
"04/22/2007","AQS","340190001","1","0.063","ppm","77","Flemington","17","100.0000","44201","Ozone","35620","New York-Newark-Jersey City, NY-NJ-PA","34","New Jersey","019","Hunterdon","40.515262","-74.806671"
"04/23/2007","AQS","340190001","1","0.077","ppm","122","Flemington","17","100.0000","44201","Ozone","35620","New York-Newark-Jersey City, NY-NJ-PA","34","New Jersey","019","Hunterdon","40.515262","-74.806671"
"04/24/2007","AQS","340190001","1","0.054","ppm","50","Flemington","17","100.0000","44201","Ozone","35620","New York-Newark-Jersey City, NY-NJ-PA","34","New Jersey","019","Hunterdon","40.515262","-74.806671"
"04/25/2007","AQS","340190001","1","0.035","ppm","32","Flemington","17","100.0000","44201","Ozone","35620","New York-Newark-Jersey City, NY-NJ-PA","34","New Jersey","019","Hunterdon","40.515262","-74.806671"
"04/26/2007","AQS","340190001","1","0.049","ppm","45","Flemington","17","100.0000","44201","Ozone","35620","New York-Newark-Jersey City, NY-NJ-PA","34","New Jersey","019","Hunterdon","40.515262","-74.806671"
"04/27/2007","AQS","340190001","1","0.018","ppm","17","Flemington","17","100.0000","44201","Ozone","35620","New York-Newark-Jersey City, NY-NJ-PA","34","New Jersey","019","Hunterdon","40.515262","-74.806671"
"04/28/2007","AQS","340190001","1","0.04","ppm","37","Flemington","17","100.0000","44201","Ozone","35620","New York-Newark-Jersey City, NY-NJ-PA","34","New Jersey","019","Hunterdon","40.515262","-74.806671"
"04/29/2007","AQS","340190001","1","0.047","ppm","44","Flemington","17","100.0000","44201","Ozone","35620","New York-Newark-Jersey City, NY-NJ-PA","34","New Jersey","019","Hunterdon","40.515262","-74.806671"
"04/30/2007","AQS","340190001","1","0.059","ppm","64","Flemington","17","100.0000","44201","Ozone","35620","New York-Newark-Jersey City, NY-NJ-PA","34","New Jersey","019","Hunterdon","40.515262","-74.806671"
"05/01/2007","AQS","340190001","1","0.045","ppm","42","Flemington","17","100.0000","44201","Ozone","35620","New York-Newark-Jersey City, NY-NJ-PA","34","New Jersey","019","Hunterdon","40.515262","-74.806671"
"05/02/2007","AQS","340190001","1","0.048","ppm","44","Flemington","17","100.0000","44201","Ozone","35620","New York-Newark-Jersey City, NY-NJ-PA","34","New Jersey","019","Hunterdon","40.515262","-74.806671"
"05/03/2007","AQS","340190001","1","0.051","ppm","47","Flemington","17","100.0000","44201","Ozone","35620","New York-Newark-Jersey City, NY-NJ-PA","34","New Jersey","019","Hunterdon","40.515262","-74.806671"
"05/04/2007","AQS","340190001","1","0.049","ppm","45","Flemington","17","100.0000","44201","Ozone","35620","New York-Newark-Jersey City, NY-NJ-PA","34","New Jersey","019","Hunterdon","40.515262","-74.806671"
"05/05/2007","AQS","340190001","1","0.06","ppm","67","Flemington","17","100.0000","44201","Ozone","35620","New York-Newark-Jersey City, NY-NJ-PA","34","New Jersey","019","Hunterdon","40.515262","-74.806671"
"05/06/2007","AQS","340190001","1","0.043","ppm","40","Flemington","17","100.0000","44201","Ozone","35620","New York-Newark-Jersey City, NY-NJ-PA","34","New Jersey","019","Hunterdon","40.515262","-74.806671"
"05/07/2007","AQS","340190001","1","0.036","ppm","33","Flemington","17","100.0000","44201","Ozone","35620","New York-Newark-Jersey City, NY-NJ-PA","34","New Jersey","019","Hunterdon","40.515262","-74.806671"
"05/08/2007","AQS","340190001","1","0.044","ppm","41","Flemington","17","100.0000","44201","Ozone","35620","New York-Newark-Jersey City, NY-NJ-PA","34","New Jersey","019","Hunterdon","40.515262","-74.806671"
"05/09/2007","AQS","340190001","1","0.043","ppm","40","Flemington","17","100.0000","44201","Ozone","35620","New York-Newark-Jersey City, NY-NJ-PA","34","New Jersey","019","Hunterdon","40.515262","-74.806671"
"05/10/2007","AQS","340190001","1","0.027","ppm","25","Flemington","17","100.0000","44201","Ozone","35620","New York-Newark-Jersey City, NY-NJ-PA","34","New Jersey","019","Hunterdon","40.515262","-74.806671"
"05/11/2007","AQS","340190001","1","0.061","ppm","71","Flemington","17","100.0000","44201","Ozone","35620","New York-Newark-Jersey City, NY-NJ-PA","34","New Jersey","019","Hunterdon","40.515262","-74.806671"
"05/12/2007","AQS","340190001","1","0.047","ppm","44","Flemington","17","100.0000","44201","Ozone","35620","New York-Newark-Jersey City, NY-NJ-PA","34","New Jersey","019","Hunterdon","40.515262","-74.806671"
"05/13/2007","AQS","340190001","1","0.046","ppm","43","Flemington","17","100.0000","44201","Ozone","35620","New York-Newark-Jersey City, NY-NJ-PA","34","New Jersey","019","Hunterdon","40.515262","-74.806671"
"05/14/2007","AQS","340190001","1","0.051","ppm","47","Flemington","17","100.0000","44201","Ozone","35620","New York-Newark-Jersey City, NY-NJ-PA","34","New Jersey","019","Hunterdon","40.515262","-74.806671"
"05/15/2007","AQS","340190001","1","0.09","ppm","161","Flemington","12","71.0000","44201","Ozone","35620","New York-Newark-Jersey City, NY-NJ-PA","34","New Jersey","019","Hunterdon","40.515262","-74.806671"
"05/16/2007","AQS","340190001","1","0.066","ppm","87","Flemington","17","100.0000","44201","Ozone","35620","New York-Newark-Jersey City, NY-NJ-PA","34","New Jersey","019","Hunterdon","40.515262","-74.806671"
"05/17/2007","AQS","340190001","1","0.043","ppm","40","Flemington","17","100.0000","44201","Ozone","35620","New York-Newark-Jersey City, NY-NJ-PA","34","New Jersey","019","Hunterdon","40.515262","-74.806671"
"05/18/2007","AQS","340190001","1","0.033","ppm","31","Flemington","17","100.0000","44201","Ozone","35620","New York-Newark-Jersey City, NY-NJ-PA","34","New Jersey","019","Hunterdon","40.515262","-74.806671"
"05/19/2007","AQS","340190001","1","0.04","ppm","37","Flemington","17","100.0000","44201","Ozone","35620","New York-Newark-Jersey City, NY-NJ-PA","34","New Jersey","019","Hunterdon","40.515262","-74.806671"
"05/20/2007","AQS","340190001","1","0.056","ppm","54","Flemington","17","100.0000","44201","Ozone","35620","New York-Newark-Jersey City, NY-NJ-PA","34","New Jersey","019","Hunterdon","40.515262","-74.806671"
"05/21/2007","AQS","340190001","1","0.048","ppm","44","Flemington","17","100.0000","44201","Ozone","35620","New York-Newark-Jersey City, NY-NJ-PA","34","New Jersey","019","Hunterdon","40.515262","-74.806671"
"05/22/2007","AQS","340190001","1","0.056","ppm","54","Flemington","17","100.0000","44201","Ozone","35620","New York-Newark-Jersey City, NY-NJ-PA","34","New Jersey","019","Hunterdon","40.515262","-74.806671"
"05/23/2007","AQS","340190001","1","0.074","ppm","112","Flemington","17","100.0000","44201","Ozone","35620","New York-Newark-Jersey City, NY-NJ-PA","34","New Jersey","019","Hunterdon","40.515262","-74.806671"
"05/24/2007","AQS","340190001","1","0.077","ppm","122","Flemington","17","100.0000","44201","Ozone","35620","New York-Newark-Jersey City, NY-NJ-PA","34","New Jersey","019","Hunterdon","40.515262","-74.806671"
"05/30/2007","AQS","340190001","1","0.076","ppm","119","Flemington","17","100.0000","44201","Ozone","35620","New York-Newark-Jersey City, NY-NJ-PA","34","New Jersey","019","Hunterdon","40.515262","-74.806671"
"06/01/2007","AQS","340190001","1","0.061","ppm","71","Flemington","14","82.0000","44201","Ozone","35620","New York-Newark-Jersey City, NY-NJ-PA","34","New Jersey","019","Hunterdon","40.515262","-74.806671"
"06/02/2007","AQS","340190001","1","0.062","ppm","74","Flemington","15","88.0000","44201","Ozone","35620","New York-Newark-Jersey City, NY-NJ-PA","34","New Jersey","019","Hunterdon","40.515262","-74.806671"
"06/04/2007","AQS","340190001","1","0.031","ppm","29","Flemington","17","100.0000","44201","Ozone","35620","New York-Newark-Jersey City, NY-NJ-PA","34","New Jersey","019","Hunterdon","40.515262","-74.806671"
"06/05/2007","AQS","340190001","1","0.056","ppm","54","Flemington","17","100.0000","44201","Ozone","35620","New York-Newark-Jersey City, NY-NJ-PA","34","New Jersey","019","Hunterdon","40.515262","-74.806671"
"06/06/2007","AQS","340190001","1","0.038","ppm","35","Flemington","17","100.0000","44201","Ozone","35620","New York-Newark-Jersey City, NY-NJ-PA","34","New Jersey","019","Hunterdon","40.515262","-74.806671"
"06/07/2007","AQS","340190001","1","0.075","ppm","115","Flemington","17","100.0000","44201","Ozone","35620","New York-Newark-Jersey City, NY-NJ-PA","34","New Jersey","019","Hunterdon","40.515262","-74.806671"
"06/08/2007","AQS","340190001","1","0.088","ppm","156","Flemington","17","100.0000","44201","Ozone","35620","New York-Newark-Jersey City, NY-NJ-PA","34","New Jersey","019","Hunterdon","40.515262","-74.806671"
"06/09/2007","AQS","340190001","1","0.052","ppm","48","Flemington","17","100.0000","44201","Ozone","35620","New York-Newark-Jersey City, NY-NJ-PA","34","New Jersey","019","Hunterdon","40.515262","-74.806671"
"06/10/2007","AQS","340190001","1","0.051","ppm","47","Flemington","17","100.0000","44201","Ozone","35620","New York-Newark-Jersey City, NY-NJ-PA","34","New Jersey","019","Hunterdon","40.515262","-74.806671"
"06/11/2007","AQS","340190001","1","0.052","ppm","48","Flemington","17","100.0000","44201","Ozone","35620","New York-Newark-Jersey City, NY-NJ-PA","34","New Jersey","019","Hunterdon","40.515262","-74.806671"
"06/12/2007","AQS","340190001","1","0.039","ppm","36","Flemington","15","88.0000","44201","Ozone","35620","New York-Newark-Jersey City, NY-NJ-PA","34","New Jersey","019","Hunterdon","40.515262","-74.806671"
"06/13/2007","AQS","340190001","1","0.02","ppm","19","Flemington","16","94.0000","44201","Ozone","35620","New York-Newark-Jersey City, NY-NJ-PA","34","New Jersey","019","Hunterdon","40.515262","-74.806671"
"06/14/2007","AQS","340190001","1","0.028","ppm","26","Flemington","17","100.0000","44201","Ozone","35620","New York-Newark-Jersey City, NY-NJ-PA","34","New Jersey","019","Hunterdon","40.515262","-74.806671"
"06/15/2007","AQS","340190001","1","0.047","ppm","44","Flemington","17","100.0000","44201","Ozone","35620","New York-Newark-Jersey City, NY-NJ-PA","34","New Jersey","019","Hunterdon","40.515262","-74.806671"
"06/16/2007","AQS","340190001","1","0.054","ppm","50","Flemington","17","100.0000","44201","Ozone","35620","New York-Newark-Jersey City, NY-NJ-PA","34","New Jersey","019","Hunterdon","40.515262","-74.806671"
"06/17/2007","AQS","340190001","1","0.073","ppm","108","Flemington","17","100.0000","44201","Ozone","35620","New York-Newark-Jersey City, NY-NJ-PA","34","New Jersey","019","Hunterdon","40.515262","-74.806671"
"06/18/2007","AQS","340190001","1","0.069","ppm","97","Flemington","17","100.0000","44201","Ozone","35620","New York-Newark-Jersey City, NY-NJ-PA","34","New Jersey","019","Hunterdon","40.515262","-74.806671"
"06/19/2007","AQS","340190001","1","0.088","ppm","156","Flemington","17","100.0000","44201","Ozone","35620","New York-Newark-Jersey City, NY-NJ-PA","34","New Jersey","019","Hunterdon","40.515262","-74.806671"
"06/20/2007","AQS","340190001","1","0.045","ppm","42","Flemington","17","100.0000","44201","Ozone","35620","New York-Newark-Jersey City, NY-NJ-PA","34","New Jersey","019","Hunterdon","40.515262","-74.806671"
"06/21/2007","AQS","340190001","1","0.063","ppm","77","Flemington","17","100.0000","44201","Ozone","35620","New York-Newark-Jersey City, NY-NJ-PA","34","New Jersey","019","Hunterdon","40.515262","-74.806671"
"06/22/2007","AQS","340190001","1","0.04","ppm","37","Flemington","17","100.0000","44201","Ozone","35620","New York-Newark-Jersey City, NY-NJ-PA","34","New Jersey","019","Hunterdon","40.515262","-74.806671"
"06/23/2007","AQS","340190001","1","0.042","ppm","39","Flemington","17","100.0000","44201","Ozone","35620","New York-Newark-Jersey City, NY-NJ-PA","34","New Jersey","019","Hunterdon","40.515262","-74.806671"
"06/24/2007","AQS","340190001","1","0.053","ppm","49","Flemington","17","100.0000","44201","Ozone","35620","New York-Newark-Jersey City, NY-NJ-PA","34","New Jersey","019","Hunterdon","40.515262","-74.806671"
"06/25/2007","AQS","340190001","1","0.055","ppm","51","Flemington","17","100.0000","44201","Ozone","35620","New York-Newark-Jersey City, NY-NJ-PA","34","New Jersey","019","Hunterdon","40.515262","-74.806671"
"06/26/2007","AQS","340190001","1","0.077","ppm","122","Flemington","17","100.0000","44201","Ozone","35620","New York-Newark-Jersey City, NY-NJ-PA","34","New Jersey","019","Hunterdon","40.515262","-74.806671"
"06/27/2007","AQS","340190001","1","0.082","ppm","140","Flemington","17","100.0000","44201","Ozone","35620","New York-Newark-Jersey City, NY-NJ-PA","34","New Jersey","019","Hunterdon","40.515262","-74.806671"
"06/28/2007","AQS","340190001","1","0.066","ppm","87","Flemington","17","100.0000","44201","Ozone","35620","New York-Newark-Jersey City, NY-NJ-PA","34","New Jersey","019","Hunterdon","40.515262","-74.806671"
"06/29/2007","AQS","340190001","1","0.035","ppm","32","Flemington","17","100.0000","44201","Ozone","35620","New York-Newark-Jersey City, NY-NJ-PA","34","New Jersey","019","Hunterdon","40.515262","-74.806671"
"06/30/2007","AQS","340190001","1","0.055","ppm","51","Flemington","17","100.0000","44201","Ozone","35620","New York-Newark-Jersey City, NY-NJ-PA","34","New Jersey","019","Hunterdon","40.515262","-74.806671"
"07/01/2007","AQS","340190001","1","0.033","ppm","31","Flemington","17","100.0000","44201","Ozone","35620","New York-Newark-Jersey City, NY-NJ-PA","34","New Jersey","019","Hunterdon","40.515262","-74.806671"
"07/02/2007","AQS","340190001","1","0.033","ppm","31","Flemington","15","88.0000","44201","Ozone","35620","New York-Newark-Jersey City, NY-NJ-PA","34","New Jersey","019","Hunterdon","40.515262","-74.806671"
"07/03/2007","AQS","340190001","1","0.049","ppm","45","Flemington","15","88.0000","44201","Ozone","35620","New York-Newark-Jersey City, NY-NJ-PA","34","New Jersey","019","Hunterdon","40.515262","-74.806671"
"07/04/2007","AQS","340190001","1","0.047","ppm","44","Flemington","17","100.0000","44201","Ozone","35620","New York-Newark-Jersey City, NY-NJ-PA","34","New Jersey","019","Hunterdon","40.515262","-74.806671"
"07/05/2007","AQS","340190001","1","0.053","ppm","49","Flemington","17","100.0000","44201","Ozone","35620","New York-Newark-Jersey City, NY-NJ-PA","34","New Jersey","019","Hunterdon","40.515262","-74.806671"
"07/06/2007","AQS","340190001","1","0.05","ppm","46","Flemington","17","100.0000","44201","Ozone","35620","New York-Newark-Jersey City, NY-NJ-PA","34","New Jersey","019","Hunterdon","40.515262","-74.806671"
"07/07/2007","AQS","340190001","1","0.054","ppm","50","Flemington","17","100.0000","44201","Ozone","35620","New York-Newark-Jersey City, NY-NJ-PA","34","New Jersey","019","Hunterdon","40.515262","-74.806671"
"07/08/2007","AQS","340190001","1","0.072","ppm","105","Flemington","17","100.0000","44201","Ozone","35620","New York-Newark-Jersey City, NY-NJ-PA","34","New Jersey","019","Hunterdon","40.515262","-74.806671"
"07/09/2007","AQS","340190001","1","0.085","ppm","150","Flemington","17","100.0000","44201","Ozone","35620","New York-Newark-Jersey City, NY-NJ-PA","34","New Jersey","019","Hunterdon","40.515262","-74.806671"
"07/10/2007","AQS","340190001","1","0.084","ppm","147","Flemington","17","100.0000","44201","Ozone","35620","New York-Newark-Jersey City, NY-NJ-PA","34","New Jersey","019","Hunterdon","40.515262","-74.806671"
"07/11/2007","AQS","340190001","1","0.062","ppm","74","Flemington","17","100.0000","44201","Ozone","35620","New York-Newark-Jersey City, NY-NJ-PA","34","New Jersey","019","Hunterdon","40.515262","-74.806671"
"07/12/2007","AQS","340190001","1","0.052","ppm","48","Flemington","17","100.0000","44201","Ozone","35620","New York-Newark-Jersey City, NY-NJ-PA","34","New Jersey","019","Hunterdon","40.515262","-74.806671"
"07/13/2007","AQS","340190001","1","0.062","ppm","74","Flemington","17","100.0000","44201","Ozone","35620","New York-Newark-Jersey City, NY-NJ-PA","34","New Jersey","019","Hunterdon","40.515262","-74.806671"
"07/14/2007","AQS","340190001","1","0.069","ppm","97","Flemington","17","100.0000","44201","Ozone","35620","New York-Newark-Jersey City, NY-NJ-PA","34","New Jersey","019","Hunterdon","40.515262","-74.806671"
"07/15/2007","AQS","340190001","1","0.075","ppm","115","Flemington","17","100.0000","44201","Ozone","35620","New York-Newark-Jersey City, NY-NJ-PA","34","New Jersey","019","Hunterdon","40.515262","-74.806671"
"07/16/2007","AQS","340190001","1","0.063","ppm","77","Flemington","17","100.0000","44201","Ozone","35620","New York-Newark-Jersey City, NY-NJ-PA","34","New Jersey","019","Hunterdon","40.515262","-74.806671"
"07/17/2007","AQS","340190001","1","0.076","ppm","119","Flemington","17","100.0000","44201","Ozone","35620","New York-Newark-Jersey City, NY-NJ-PA","34","New Jersey","019","Hunterdon","40.515262","-74.806671"
"07/18/2007","AQS","340190001","1","0.058","ppm","61","Flemington","17","100.0000","44201","Ozone","35620","New York-Newark-Jersey City, NY-NJ-PA","34","New Jersey","019","Hunterdon","40.515262","-74.806671"
"07/19/2007","AQS","340190001","1","0.069","ppm","97","Flemington","17","100.0000","44201","Ozone","35620","New York-Newark-Jersey City, NY-NJ-PA","34","New Jersey","019","Hunterdon","40.515262","-74.806671"
"07/20/2007","AQS","340190001","1","0.05","ppm","46","Flemington","17","100.0000","44201","Ozone","35620","New York-Newark-Jersey City, NY-NJ-PA","34","New Jersey","019","Hunterdon","40.515262","-74.806671"
"07/21/2007","AQS","340190001","1","0.026","ppm","24","Flemington","17","100.0000","44201","Ozone","35620","New York-Newark-Jersey City, NY-NJ-PA","34","New Jersey","019","Hunterdon","40.515262","-74.806671"
"07/22/2007","AQS","340190001","1","0.048","ppm","44","Flemington","17","100.0000","44201","Ozone","35620","New York-Newark-Jersey City, NY-NJ-PA","34","New Jersey","019","Hunterdon","40.515262","-74.806671"
"07/23/2007","AQS","340190001","1","0.021","ppm","19","Flemington","15","88.0000","44201","Ozone","35620","New York-Newark-Jersey City, NY-NJ-PA","34","New Jersey","019","Hunterdon","40.515262","-74.806671"
"07/24/2007","AQS","340190001","1","0.07","ppm","100","Flemington","16","94.0000","44201","Ozone","35620","New York-Newark-Jersey City, NY-NJ-PA","34","New Jersey","019","Hunterdon","40.515262","-74.806671"
"07/25/2007","AQS","340190001","1","0.06","ppm","67","Flemington","17","100.0000","44201","Ozone","35620","New York-Newark-Jersey City, NY-NJ-PA","34","New Jersey","019","Hunterdon","40.515262","-74.806671"
"07/26/2007","AQS","340190001","1","0.056","ppm","54","Flemington","17","100.0000","44201","Ozone","35620","New York-Newark-Jersey City, NY-NJ-PA","34","New Jersey","019","Hunterdon","40.515262","-74.806671"
"07/27/2007","AQS","340190001","1","0.047","ppm","44","Flemington","17","100.0000","44201","Ozone","35620","New York-Newark-Jersey City, NY-NJ-PA","34","New Jersey","019","Hunterdon","40.515262","-74.806671"
"07/28/2007","AQS","340190001","1","0.056","ppm","54","Flemington","17","100.0000","44201","Ozone","35620","New York-Newark-Jersey City, NY-NJ-PA","34","New Jersey","019","Hunterdon","40.515262","-74.806671"
"07/29/2007","AQS","340190001","1","0.038","ppm","35","Flemington","17","100.0000","44201","Ozone","35620","New York-Newark-Jersey City, NY-NJ-PA","34","New Jersey","019","Hunterdon","40.515262","-74.806671"
"07/30/2007","AQS","340190001","1","0.065","ppm","84","Flemington","17","100.0000","44201","Ozone","35620","New York-Newark-Jersey City, NY-NJ-PA","34","New Jersey","019","Hunterdon","40.515262","-74.806671"
"07/31/2007","AQS","340190001","1","0.052","ppm","48","Flemington","17","100.0000","44201","Ozone","35620","New York-Newark-Jersey City, NY-NJ-PA","34","New Jersey","019","Hunterdon","40.515262","-74.806671"
"08/01/2007","AQS","340190001","1","0.051","ppm","47","Flemington","17","100.0000","44201","Ozone","35620","New York-Newark-Jersey City, NY-NJ-PA","34","New Jersey","019","Hunterdon","40.515262","-74.806671"
"08/02/2007","AQS","340190001","1","0.088","ppm","156","Flemington","17","100.0000","44201","Ozone","35620","New York-Newark-Jersey City, NY-NJ-PA","34","New Jersey","019","Hunterdon","40.515262","-74.806671"
"08/03/2007","AQS","340190001","1","0.098","ppm","182","Flemington","17","100.0000","44201","Ozone","35620","New York-Newark-Jersey City, NY-NJ-PA","34","New Jersey","019","Hunterdon","40.515262","-74.806671"
"08/04/2007","AQS","340190001","1","0.068","ppm","93","Flemington","17","100.0000","44201","Ozone","35620","New York-Newark-Jersey City, NY-NJ-PA","34","New Jersey","019","Hunterdon","40.515262","-74.806671"
"08/05/2007","AQS","340190001","1","0.059","ppm","64","Flemington","17","100.0000","44201","Ozone","35620","New York-Newark-Jersey City, NY-NJ-PA","34","New Jersey","019","Hunterdon","40.515262","-74.806671"
"08/06/2007","AQS","340190001","1","0.065","ppm","84","Flemington","17","100.0000","44201","Ozone","35620","New York-Newark-Jersey City, NY-NJ-PA","34","New Jersey","019","Hunterdon","40.515262","-74.806671"
"08/07/2007","AQS","340190001","1","0.067","ppm","90","Flemington","17","100.0000","44201","Ozone","35620","New York-Newark-Jersey City, NY-NJ-PA","34","New Jersey","019","Hunterdon","40.515262","-74.806671"
"08/08/2007","AQS","340190001","1","0.07","ppm","100","Flemington","17","100.0000","44201","Ozone","35620","New York-Newark-Jersey City, NY-NJ-PA","34","New Jersey","019","Hunterdon","40.515262","-74.806671"
"08/09/2007","AQS","340190001","1","0.055","ppm","51","Flemington","17","100.0000","44201","Ozone","35620","New York-Newark-Jersey City, NY-NJ-PA","34","New Jersey","019","Hunterdon","40.515262","-74.806671"
"08/10/2007","AQS","340190001","1","0.03","ppm","28","Flemington","17","100.0000","44201","Ozone","35620","New York-Newark-Jersey City, NY-NJ-PA","34","New Jersey","019","Hunterdon","40.515262","-74.806671"
"08/11/2007","AQS","340190001","1","0.045","ppm","42","Flemington","17","100.0000","44201","Ozone","35620","New York-Newark-Jersey City, NY-NJ-PA","34","New Jersey","019","Hunterdon","40.515262","-74.806671"
"08/12/2007","AQS","340190001","1","0.046","ppm","43","Flemington","17","100.0000","44201","Ozone","35620","New York-Newark-Jersey City, NY-NJ-PA","34","New Jersey","019","Hunterdon","40.515262","-74.806671"
"08/13/2007","AQS","340190001","1","0.058","ppm","61","Flemington","17","100.0000","44201","Ozone","35620","New York-Newark-Jersey City, NY-NJ-PA","34","New Jersey","019","Hunterdon","40.515262","-74.806671"
"08/14/2007","AQS","340190001","1","0.044","ppm","41","Flemington","17","100.0000","44201","Ozone","35620","New York-Newark-Jersey City, NY-NJ-PA","34","New Jersey","019","Hunterdon","40.515262","-74.806671"
"08/15/2007","AQS","340190001","1","0.08","ppm","133","Flemington","17","100.0000","44201","Ozone","35620","New York-Newark-Jersey City, NY-NJ-PA","34","New Jersey","019","Hunterdon","40.515262","-74.806671"
"08/16/2007","AQS","340190001","1","0.079","ppm","129","Flemington","17","100.0000","44201","Ozone","35620","New York-Newark-Jersey City, NY-NJ-PA","34","New Jersey","019","Hunterdon","40.515262","-74.806671"
"08/17/2007","AQS","340190001","1","0.063","ppm","77","Flemington","17","100.0000","44201","Ozone","35620","New York-Newark-Jersey City, NY-NJ-PA","34","New Jersey","019","Hunterdon","40.515262","-74.806671"
"08/18/2007","AQS","340190001","1","0.028","ppm","26","Flemington","17","100.0000","44201","Ozone","35620","New York-Newark-Jersey City, NY-NJ-PA","34","New Jersey","019","Hunterdon","40.515262","-74.806671"
"08/19/2007","AQS","340190001","1","0.024","ppm","22","Flemington","15","88.0000","44201","Ozone","35620","New York-Newark-Jersey City, NY-NJ-PA","34","New Jersey","019","Hunterdon","40.515262","-74.806671"
"08/20/2007","AQS","340190001","1","0.022","ppm","20","Flemington","17","100.0000","44201","Ozone","35620","New York-Newark-Jersey City, NY-NJ-PA","34","New Jersey","019","Hunterdon","40.515262","-74.806671"
"08/21/2007","AQS","340190001","1","0.014","ppm","13","Flemington","17","100.0000","44201","Ozone","35620","New York-Newark-Jersey City, NY-NJ-PA","34","New Jersey","019","Hunterdon","40.515262","-74.806671"
"08/22/2007","AQS","340190001","1","0.007","ppm","6","Flemington","17","100.0000","44201","Ozone","35620","New York-Newark-Jersey City, NY-NJ-PA","34","New Jersey","019","Hunterdon","40.515262","-74.806671"
"08/23/2007","AQS","340190001","1","0.012","ppm","11","Flemington","17","100.0000","44201","Ozone","35620","New York-Newark-Jersey City, NY-NJ-PA","34","New Jersey","019","Hunterdon","40.515262","-74.806671"
"08/24/2007","AQS","340190001","1","0.048","ppm","44","Flemington","17","100.0000","44201","Ozone","35620","New York-Newark-Jersey City, NY-NJ-PA","34","New Jersey","019","Hunterdon","40.515262","-74.806671"
"08/25/2007","AQS","340190001","1","0.075","ppm","115","Flemington","17","100.0000","44201","Ozone","35620","New York-Newark-Jersey City, NY-NJ-PA","34","New Jersey","019","Hunterdon","40.515262","-74.806671"
"08/26/2007","AQS","340190001","1","0.039","ppm","36","Flemington","17","100.0000","44201","Ozone","35620","New York-Newark-Jersey City, NY-NJ-PA","34","New Jersey","019","Hunterdon","40.515262","-74.806671"
"08/27/2007","AQS","340190001","1","0.055","ppm","51","Flemington","17","100.0000","44201","Ozone","35620","New York-Newark-Jersey City, NY-NJ-PA","34","New Jersey","019","Hunterdon","40.515262","-74.806671"
"08/28/2007","AQS","340190001","1","0.06","ppm","67","Flemington","17","100.0000","44201","Ozone","35620","New York-Newark-Jersey City, NY-NJ-PA","34","New Jersey","019","Hunterdon","40.515262","-74.806671"
"08/29/2007","AQS","340190001","1","0.071","ppm","101","Flemington","17","100.0000","44201","Ozone","35620","New York-Newark-Jersey City, NY-NJ-PA","34","New Jersey","019","Hunterdon","40.515262","-74.806671"
"08/30/2007","AQS","340190001","1","0.077","ppm","122","Flemington","17","100.0000","44201","Ozone","35620","New York-Newark-Jersey City, NY-NJ-PA","34","New Jersey","019","Hunterdon","40.515262","-74.806671"
"08/31/2007","AQS","340190001","1","0.03","ppm","28","Flemington","17","100.0000","44201","Ozone","35620","New York-Newark-Jersey City, NY-NJ-PA","34","New Jersey","019","Hunterdon","40.515262","-74.806671"
"09/01/2007","AQS","340190001","1","0.036","ppm","33","Flemington","17","100.0000","44201","Ozone","35620","New York-Newark-Jersey City, NY-NJ-PA","34","New Jersey","019","Hunterdon","40.515262","-74.806671"
"09/02/2007","AQS","340190001","1","0.051","ppm","47","Flemington","17","100.0000","44201","Ozone","35620","New York-Newark-Jersey City, NY-NJ-PA","34","New Jersey","019","Hunterdon","40.515262","-74.806671"
"09/03/2007","AQS","340190001","1","0.064","ppm","80","Flemington","17","100.0000","44201","Ozone","35620","New York-Newark-Jersey City, NY-NJ-PA","34","New Jersey","019","Hunterdon","40.515262","-74.806671"
"09/04/2007","AQS","340190001","1","0.042","ppm","39","Flemington","17","100.0000","44201","Ozone","35620","New York-Newark-Jersey City, NY-NJ-PA","34","New Jersey","019","Hunterdon","40.515262","-74.806671"
"09/05/2007","AQS","340190001","1","0.043","ppm","40","Flemington","17","100.0000","44201","Ozone","35620","New York-Newark-Jersey City, NY-NJ-PA","34","New Jersey","019","Hunterdon","40.515262","-74.806671"
"09/06/2007","AQS","340190001","1","0.07","ppm","100","Flemington","17","100.0000","44201","Ozone","35620","New York-Newark-Jersey City, NY-NJ-PA","34","New Jersey","019","Hunterdon","40.515262","-74.806671"
"09/07/2007","AQS","340190001","1","0.079","ppm","129","Flemington","17","100.0000","44201","Ozone","35620","New York-Newark-Jersey City, NY-NJ-PA","34","New Jersey","019","Hunterdon","40.515262","-74.806671"
"09/08/2007","AQS","340190001","1","0.078","ppm","126","Flemington","17","100.0000","44201","Ozone","35620","New York-Newark-Jersey City, NY-NJ-PA","34","New Jersey","019","Hunterdon","40.515262","-74.806671"
"09/09/2007","AQS","340190001","1","0.051","ppm","47","Flemington","17","100.0000","44201","Ozone","35620","New York-Newark-Jersey City, NY-NJ-PA","34","New Jersey","019","Hunterdon","40.515262","-74.806671"
"09/10/2007","AQS","340190001","1","0.047","ppm","44","Flemington","17","100.0000","44201","Ozone","35620","New York-Newark-Jersey City, NY-NJ-PA","34","New Jersey","019","Hunterdon","40.515262","-74.806671"
"09/11/2007","AQS","340190001","1","0.033","ppm","31","Flemington","17","100.0000","44201","Ozone","35620","New York-Newark-Jersey City, NY-NJ-PA","34","New Jersey","019","Hunterdon","40.515262","-74.806671"
"09/12/2007","AQS","340190001","1","0.037","ppm","34","Flemington","17","100.0000","44201","Ozone","35620","New York-Newark-Jersey City, NY-NJ-PA","34","New Jersey","019","Hunterdon","40.515262","-74.806671"
"09/13/2007","AQS","340190001","1","0.047","ppm","44","Flemington","17","100.0000","44201","Ozone","35620","New York-Newark-Jersey City, NY-NJ-PA","34","New Jersey","019","Hunterdon","40.515262","-74.806671"
"09/14/2007","AQS","340190001","1","0.055","ppm","51","Flemington","17","100.0000","44201","Ozone","35620","New York-Newark-Jersey City, NY-NJ-PA","34","New Jersey","019","Hunterdon","40.515262","-74.806671"
"09/15/2007","AQS","340190001","1","0.029","ppm","27","Flemington","17","100.0000","44201","Ozone","35620","New York-Newark-Jersey City, NY-NJ-PA","34","New Jersey","019","Hunterdon","40.515262","-74.806671"
"09/16/2007","AQS","340190001","1","0.025","ppm","23","Flemington","17","100.0000","44201","Ozone","35620","New York-Newark-Jersey City, NY-NJ-PA","34","New Jersey","019","Hunterdon","40.515262","-74.806671"
"09/17/2007","AQS","340190001","1","0.035","ppm","32","Flemington","17","100.0000","44201","Ozone","35620","New York-Newark-Jersey City, NY-NJ-PA","34","New Jersey","019","Hunterdon","40.515262","-74.806671"
"09/18/2007","AQS","340190001","1","0.039","ppm","36","Flemington","17","100.0000","44201","Ozone","35620","New York-Newark-Jersey City, NY-NJ-PA","34","New Jersey","019","Hunterdon","40.515262","-74.806671"
"09/19/2007","AQS","340190001","1","0.044","ppm","41","Flemington","17","100.0000","44201","Ozone","35620","New York-Newark-Jersey City, NY-NJ-PA","34","New Jersey","019","Hunterdon","40.515262","-74.806671"
"09/20/2007","AQS","340190001","1","0.066","ppm","87","Flemington","17","100.0000","44201","Ozone","35620","New York-Newark-Jersey City, NY-NJ-PA","34","New Jersey","019","Hunterdon","40.515262","-74.806671"
"09/21/2007","AQS","340190001","1","0.087","ppm","154","Flemington","17","100.0000","44201","Ozone","35620","New York-Newark-Jersey City, NY-NJ-PA","34","New Jersey","019","Hunterdon","40.515262","-74.806671"
"09/22/2007","AQS","340190001","1","0.022","ppm","20","Flemington","17","100.0000","44201","Ozone","35620","New York-Newark-Jersey City, NY-NJ-PA","34","New Jersey","019","Hunterdon","40.515262","-74.806671"
"09/23/2007","AQS","340190001","1","0.042","ppm","39","Flemington","17","100.0000","44201","Ozone","35620","New York-Newark-Jersey City, NY-NJ-PA","34","New Jersey","019","Hunterdon","40.515262","-74.806671"
"09/24/2007","AQS","340190001","1","0.042","ppm","39","Flemington","17","100.0000","44201","Ozone","35620","New York-Newark-Jersey City, NY-NJ-PA","34","New Jersey","019","Hunterdon","40.515262","-74.806671"
"09/25/2007","AQS","340190001","1","0.086","ppm","151","Flemington","17","100.0000","44201","Ozone","35620","New York-Newark-Jersey City, NY-NJ-PA","34","New Jersey","019","Hunterdon","40.515262","-74.806671"
"09/26/2007","AQS","340190001","1","0.084","ppm","147","Flemington","17","100.0000","44201","Ozone","35620","New York-Newark-Jersey City, NY-NJ-PA","34","New Jersey","019","Hunterdon","40.515262","-74.806671"
"09/27/2007","AQS","340190001","1","0.044","ppm","41","Flemington","17","100.0000","44201","Ozone","35620","New York-Newark-Jersey City, NY-NJ-PA","34","New Jersey","019","Hunterdon","40.515262","-74.806671"
"09/28/2007","AQS","340190001","1","0.044","ppm","41","Flemington","17","100.0000","44201","Ozone","35620","New York-Newark-Jersey City, NY-NJ-PA","34","New Jersey","019","Hunterdon","40.515262","-74.806671"
"09/29/2007","AQS","340190001","1","0.034","ppm","31","Flemington","17","100.0000","44201","Ozone","35620","New York-Newark-Jersey City, NY-NJ-PA","34","New Jersey","019","Hunterdon","40.515262","-74.806671"
"09/30/2007","AQS","340190001","1","0.041","ppm","38","Flemington","17","100.0000","44201","Ozone","35620","New York-Newark-Jersey City, NY-NJ-PA","34","New Jersey","019","Hunterdon","40.515262","-74.806671"
"10/01/2007","AQS","340190001","1","0.04","ppm","37","Flemington","17","100.0000","44201","Ozone","35620","New York-Newark-Jersey City, NY-NJ-PA","34","New Jersey","019","Hunterdon","40.515262","-74.806671"
"10/02/2007","AQS","340190001","1","0.041","ppm","38","Flemington","15","88.0000","44201","Ozone","35620","New York-Newark-Jersey City, NY-NJ-PA","34","New Jersey","019","Hunterdon","40.515262","-74.806671"
"10/03/2007","AQS","340190001","1","0.036","ppm","33","Flemington","17","100.0000","44201","Ozone","35620","New York-Newark-Jersey City, NY-NJ-PA","34","New Jersey","019","Hunterdon","40.515262","-74.806671"
"10/04/2007","AQS","340190001","1","0.051","ppm","47","Flemington","17","100.0000","44201","Ozone","35620","New York-Newark-Jersey City, NY-NJ-PA","34","New Jersey","019","Hunterdon","40.515262","-74.806671"
"10/05/2007","AQS","340190001","1","0.027","ppm","25","Flemington","17","100.0000","44201","Ozone","35620","New York-Newark-Jersey City, NY-NJ-PA","34","New Jersey","019","Hunterdon","40.515262","-74.806671"
"10/06/2007","AQS","340190001","1","0.05","ppm","46","Flemington","17","100.0000","44201","Ozone","35620","New York-Newark-Jersey City, NY-NJ-PA","34","New Jersey","019","Hunterdon","40.515262","-74.806671"
"10/07/2007","AQS","340190001","1","0.041","ppm","38","Flemington","17","100.0000","44201","Ozone","35620","New York-Newark-Jersey City, NY-NJ-PA","34","New Jersey","019","Hunterdon","40.515262","-74.806671"
"10/08/2007","AQS","340190001","1","0.063","ppm","77","Flemington","17","100.0000","44201","Ozone","35620","New York-Newark-Jersey City, NY-NJ-PA","34","New Jersey","019","Hunterdon","40.515262","-74.806671"
"10/09/2007","AQS","340190001","1","0.028","ppm","26","Flemington","17","100.0000","44201","Ozone","35620","New York-Newark-Jersey City, NY-NJ-PA","34","New Jersey","019","Hunterdon","40.515262","-74.806671"
"10/10/2007","AQS","340190001","1","0.032","ppm","30","Flemington","17","100.0000","44201","Ozone","35620","New York-Newark-Jersey City, NY-NJ-PA","34","New Jersey","019","Hunterdon","40.515262","-74.806671"
"10/11/2007","AQS","340190001","1","0.024","ppm","22","Flemington","17","100.0000","44201","Ozone","35620","New York-Newark-Jersey City, NY-NJ-PA","34","New Jersey","019","Hunterdon","40.515262","-74.806671"
"10/12/2007","AQS","340190001","1","0.032","ppm","30","Flemington","17","100.0000","44201","Ozone","35620","New York-Newark-Jersey City, NY-NJ-PA","34","New Jersey","019","Hunterdon","40.515262","-74.806671"
"10/13/2007","AQS","340190001","1","0.035","ppm","32","Flemington","17","100.0000","44201","Ozone","35620","New York-Newark-Jersey City, NY-NJ-PA","34","New Jersey","019","Hunterdon","40.515262","-74.806671"
"10/14/2007","AQS","340190001","1","0.035","ppm","32","Flemington","17","100.0000","44201","Ozone","35620","New York-Newark-Jersey City, NY-NJ-PA","34","New Jersey","019","Hunterdon","40.515262","-74.806671"
"10/15/2007","AQS","340190001","1","0.036","ppm","33","Flemington","17","100.0000","44201","Ozone","35620","New York-Newark-Jersey City, NY-NJ-PA","34","New Jersey","019","Hunterdon","40.515262","-74.806671"
"10/16/2007","AQS","340190001","1","0.034","ppm","31","Flemington","17","100.0000","44201","Ozone","35620","New York-Newark-Jersey City, NY-NJ-PA","34","New Jersey","019","Hunterdon","40.515262","-74.806671"
"10/17/2007","AQS","340190001","1","0.049","ppm","45","Flemington","17","100.0000","44201","Ozone","35620","New York-Newark-Jersey City, NY-NJ-PA","34","New Jersey","019","Hunterdon","40.515262","-74.806671"
"10/18/2007","AQS","340190001","1","0.037","ppm","34","Flemington","17","100.0000","44201","Ozone","35620","New York-Newark-Jersey City, NY-NJ-PA","34","New Jersey","019","Hunterdon","40.515262","-74.806671"
"10/19/2007","AQS","340190001","1","0.032","ppm","30","Flemington","17","100.0000","44201","Ozone","35620","New York-Newark-Jersey City, NY-NJ-PA","34","New Jersey","019","Hunterdon","40.515262","-74.806671"
"10/20/2007","AQS","340190001","1","0.039","ppm","36","Flemington","17","100.0000","44201","Ozone","35620","New York-Newark-Jersey City, NY-NJ-PA","34","New Jersey","019","Hunterdon","40.515262","-74.806671"
"10/21/2007","AQS","340190001","1","0.046","ppm","43","Flemington","17","100.0000","44201","Ozone","35620","New York-Newark-Jersey City, NY-NJ-PA","34","New Jersey","019","Hunterdon","40.515262","-74.806671"
"10/22/2007","AQS","340190001","1","0.051","ppm","47","Flemington","17","100.0000","44201","Ozone","35620","New York-Newark-Jersey City, NY-NJ-PA","34","New Jersey","019","Hunterdon","40.515262","-74.806671"
"10/23/2007","AQS","340190001","1","0.046","ppm","43","Flemington","17","100.0000","44201","Ozone","35620","New York-Newark-Jersey City, NY-NJ-PA","34","New Jersey","019","Hunterdon","40.515262","-74.806671"
"10/24/2007","AQS","340190001","1","0.018","ppm","17","Flemington","17","100.0000","44201","Ozone","35620","New York-Newark-Jersey City, NY-NJ-PA","34","New Jersey","019","Hunterdon","40.515262","-74.806671"
"10/25/2007","AQS","340190001","1","0.02","ppm","19","Flemington","17","100.0000","44201","Ozone","35620","New York-Newark-Jersey City, NY-NJ-PA","34","New Jersey","019","Hunterdon","40.515262","-74.806671"
"10/26/2007","AQS","340190001","1","0.007","ppm","6","Flemington","17","100.0000","44201","Ozone","35620","New York-Newark-Jersey City, NY-NJ-PA","34","New Jersey","019","Hunterdon","40.515262","-74.806671"
"10/27/2007","AQS","340190001","1","0.031","ppm","29","Flemington","17","100.0000","44201","Ozone","35620","New York-Newark-Jersey City, NY-NJ-PA","34","New Jersey","019","Hunterdon","40.515262","-74.806671"
"10/28/2007","AQS","340190001","1","0.034","ppm","31","Flemington","17","100.0000","44201","Ozone","35620","New York-Newark-Jersey City, NY-NJ-PA","34","New Jersey","019","Hunterdon","40.515262","-74.806671"
"10/29/2007","AQS","340190001","1","0.027","ppm","25","Flemington","17","100.0000","44201","Ozone","35620","New York-Newark-Jersey City, NY-NJ-PA","34","New Jersey","019","Hunterdon","40.515262","-74.806671"
"10/30/2007","AQS","340190001","1","0.036","ppm","33","Flemington","17","100.0000","44201","Ozone","35620","New York-Newark-Jersey City, NY-NJ-PA","34","New Jersey","019","Hunterdon","40.515262","-74.806671"
"10/31/2007","AQS","340190001","1","0.038","ppm","35","Flemington","17","100.0000","44201","Ozone","35620","New York-Newark-Jersey City, NY-NJ-PA","34","New Jersey","019","Hunterdon","40.515262","-74.806671"
"11/01/2007","AQS","340190001","1","0.028","ppm","26","Flemington","17","100.0000","44201","Ozone","35620","New York-Newark-Jersey City, NY-NJ-PA","34","New Jersey","019","Hunterdon","40.515262","-74.806671"
"11/02/2007","AQS","340190001","1","0.025","ppm","23","Flemington","17","100.0000","44201","Ozone","35620","New York-Newark-Jersey City, NY-NJ-PA","34","New Jersey","019","Hunterdon","40.515262","-74.806671"
"11/03/2007","AQS","340190001","1","0.035","ppm","32","Flemington","17","100.0000","44201","Ozone","35620","New York-Newark-Jersey City, NY-NJ-PA","34","New Jersey","019","Hunterdon","40.515262","-74.806671"
"11/04/2007","AQS","340190001","1","0.037","ppm","34","Flemington","17","100.0000","44201","Ozone","35620","New York-Newark-Jersey City, NY-NJ-PA","34","New Jersey","019","Hunterdon","40.515262","-74.806671"
"11/05/2007","AQS","340190001","1","0.036","ppm","33","Flemington","17","100.0000","44201","Ozone","35620","New York-Newark-Jersey City, NY-NJ-PA","34","New Jersey","019","Hunterdon","40.515262","-74.806671"
"11/06/2007","AQS","340190001","1","0.029","ppm","27","Flemington","17","100.0000","44201","Ozone","35620","New York-Newark-Jersey City, NY-NJ-PA","34","New Jersey","019","Hunterdon","40.515262","-74.806671"
"11/07/2007","AQS","340190001","1","0.032","ppm","30","Flemington","17","100.0000","44201","Ozone","35620","New York-Newark-Jersey City, NY-NJ-PA","34","New Jersey","019","Hunterdon","40.515262","-74.806671"
"11/08/2007","AQS","340190001","1","0.03","ppm","28","Flemington","17","100.0000","44201","Ozone","35620","New York-Newark-Jersey City, NY-NJ-PA","34","New Jersey","019","Hunterdon","40.515262","-74.806671"
"11/09/2007","AQS","340190001","1","0.014","ppm","13","Flemington","17","100.0000","44201","Ozone","35620","New York-Newark-Jersey City, NY-NJ-PA","34","New Jersey","019","Hunterdon","40.515262","-74.806671"
"11/10/2007","AQS","340190001","1","0.021","ppm","19","Flemington","17","100.0000","44201","Ozone","35620","New York-Newark-Jersey City, NY-NJ-PA","34","New Jersey","019","Hunterdon","40.515262","-74.806671"
"11/11/2007","AQS","340190001","1","0.033","ppm","31","Flemington","17","100.0000","44201","Ozone","35620","New York-Newark-Jersey City, NY-NJ-PA","34","New Jersey","019","Hunterdon","40.515262","-74.806671"
"11/12/2007","AQS","340190001","1","0.002","ppm","2","Flemington","17","100.0000","44201","Ozone","35620","New York-Newark-Jersey City, NY-NJ-PA","34","New Jersey","019","Hunterdon","40.515262","-74.806671"
"11/13/2007","AQS","340190001","1","0.013","ppm","12","Flemington","17","100.0000","44201","Ozone","35620","New York-Newark-Jersey City, NY-NJ-PA","34","New Jersey","019","Hunterdon","40.515262","-74.806671"
"11/14/2007","AQS","340190001","1","0","ppm","0","Flemington","17","100.0000","44201","Ozone","35620","New York-Newark-Jersey City, NY-NJ-PA","34","New Jersey","019","Hunterdon","40.515262","-74.806671"
"11/15/2007","AQS","340190001","1","0.024","ppm","22","Flemington","17","100.0000","44201","Ozone","35620","New York-Newark-Jersey City, NY-NJ-PA","34","New Jersey","019","Hunterdon","40.515262","-74.806671"
"11/16/2007","AQS","340190001","1","0.03","ppm","28","Flemington","17","100.0000","44201","Ozone","35620","New York-Newark-Jersey City, NY-NJ-PA","34","New Jersey","019","Hunterdon","40.515262","-74.806671"
"11/17/2007","AQS","340190001","1","0.026","ppm","24","Flemington","17","100.0000","44201","Ozone","35620","New York-Newark-Jersey City, NY-NJ-PA","34","New Jersey","019","Hunterdon","40.515262","-74.806671"
"11/18/2007","AQS","340190001","1","0.022","ppm","20","Flemington","17","100.0000","44201","Ozone","35620","New York-Newark-Jersey City, NY-NJ-PA","34","New Jersey","019","Hunterdon","40.515262","-74.806671"
"11/19/2007","AQS","340190001","1","0.012","ppm","11","Flemington","17","100.0000","44201","Ozone","35620","New York-Newark-Jersey City, NY-NJ-PA","34","New Jersey","019","Hunterdon","40.515262","-74.806671"
"11/20/2007","AQS","340190001","1","0.007","ppm","6","Flemington","17","100.0000","44201","Ozone","35620","New York-Newark-Jersey City, NY-NJ-PA","34","New Jersey","019","Hunterdon","40.515262","-74.806671"
"11/21/2007","AQS","340190001","1","0.001","ppm","1","Flemington","17","100.0000","44201","Ozone","35620","New York-Newark-Jersey City, NY-NJ-PA","34","New Jersey","019","Hunterdon","40.515262","-74.806671"
"11/22/2007","AQS","340190001","1","0.031","ppm","29","Flemington","17","100.0000","44201","Ozone","35620","New York-Newark-Jersey City, NY-NJ-PA","34","New Jersey","019","Hunterdon","40.515262","-74.806671"
"11/23/2007","AQS","340190001","1","0.036","ppm","33","Flemington","17","100.0000","44201","Ozone","35620","New York-Newark-Jersey City, NY-NJ-PA","34","New Jersey","019","Hunterdon","40.515262","-74.806671"
"11/24/2007","AQS","340190001","1","0.029","ppm","27","Flemington","17","100.0000","44201","Ozone","35620","New York-Newark-Jersey City, NY-NJ-PA","34","New Jersey","019","Hunterdon","40.515262","-74.806671"
"11/25/2007","AQS","340190001","1","0.025","ppm","23","Flemington","17","100.0000","44201","Ozone","35620","New York-Newark-Jersey City, NY-NJ-PA","34","New Jersey","019","Hunterdon","40.515262","-74.806671"
"11/26/2007","AQS","340190001","1","0.018","ppm","17","Flemington","17","100.0000","44201","Ozone","35620","New York-Newark-Jersey City, NY-NJ-PA","34","New Jersey","019","Hunterdon","40.515262","-74.806671"
"11/27/2007","AQS","340190001","1","0.024","ppm","22","Flemington","17","100.0000","44201","Ozone","35620","New York-Newark-Jersey City, NY-NJ-PA","34","New Jersey","019","Hunterdon","40.515262","-74.806671"
"11/28/2007","AQS","340190001","1","0.026","ppm","24","Flemington","17","100.0000","44201","Ozone","35620","New York-Newark-Jersey City, NY-NJ-PA","34","New Jersey","019","Hunterdon","40.515262","-74.806671"
"11/29/2007","AQS","340190001","1","0.031","ppm","29","Flemington","17","100.0000","44201","Ozone","35620","New York-Newark-Jersey City, NY-NJ-PA","34","New Jersey","019","Hunterdon","40.515262","-74.806671"
"11/30/2007","AQS","340190001","1","0.023","ppm","21","Flemington","17","100.0000","44201","Ozone","35620","New York-Newark-Jersey City, NY-NJ-PA","34","New Jersey","019","Hunterdon","40.515262","-74.806671"
"12/01/2007","AQS","340190001","1","0.035","ppm","32","Flemington","17","100.0000","44201","Ozone","35620","New York-Newark-Jersey City, NY-NJ-PA","34","New Jersey","019","Hunterdon","40.515262","-74.806671"
"12/02/2007","AQS","340190001","1","0.016","ppm","15","Flemington","17","100.0000","44201","Ozone","35620","New York-Newark-Jersey City, NY-NJ-PA","34","New Jersey","019","Hunterdon","40.515262","-74.806671"
"12/03/2007","AQS","340190001","1","0.036","ppm","33","Flemington","17","100.0000","44201","Ozone","35620","New York-Newark-Jersey City, NY-NJ-PA","34","New Jersey","019","Hunterdon","40.515262","-74.806671"
"12/04/2007","AQS","340190001","1","0.034","ppm","31","Flemington","17","100.0000","44201","Ozone","35620","New York-Newark-Jersey City, NY-NJ-PA","34","New Jersey","019","Hunterdon","40.515262","-74.806671"
"12/05/2007","AQS","340190001","1","0.028","ppm","26","Flemington","17","100.0000","44201","Ozone","35620","New York-Newark-Jersey City, NY-NJ-PA","34","New Jersey","019","Hunterdon","40.515262","-74.806671"
"12/06/2007","AQS","340190001","1","0.03","ppm","28","Flemington","17","100.0000","44201","Ozone","35620","New York-Newark-Jersey City, NY-NJ-PA","34","New Jersey","019","Hunterdon","40.515262","-74.806671"
"12/07/2007","AQS","340190001","1","0.006","ppm","6","Flemington","15","88.0000","44201","Ozone","35620","New York-Newark-Jersey City, NY-NJ-PA","34","New Jersey","019","Hunterdon","40.515262","-74.806671"
"12/09/2007","AQS","340190001","1","0.021","ppm","19","Flemington","15","88.0000","44201","Ozone","35620","New York-Newark-Jersey City, NY-NJ-PA","34","New Jersey","019","Hunterdon","40.515262","-74.806671"
"12/10/2007","AQS","340190001","1","0.002","ppm","2","Flemington","17","100.0000","44201","Ozone","35620","New York-Newark-Jersey City, NY-NJ-PA","34","New Jersey","019","Hunterdon","40.515262","-74.806671"
"12/11/2007","AQS","340190001","1","0.009","ppm","8","Flemington","17","100.0000","44201","Ozone","35620","New York-Newark-Jersey City, NY-NJ-PA","34","New Jersey","019","Hunterdon","40.515262","-74.806671"
"12/12/2007","AQS","340190001","1","0.029","ppm","27","Flemington","17","100.0000","44201","Ozone","35620","New York-Newark-Jersey City, NY-NJ-PA","34","New Jersey","019","Hunterdon","40.515262","-74.806671"
"12/13/2007","AQS","340190001","1","0.01","ppm","9","Flemington","17","100.0000","44201","Ozone","35620","New York-Newark-Jersey City, NY-NJ-PA","34","New Jersey","019","Hunterdon","40.515262","-74.806671"
"12/14/2007","AQS","340190001","1","0.025","ppm","23","Flemington","17","100.0000","44201","Ozone","35620","New York-Newark-Jersey City, NY-NJ-PA","34","New Jersey","019","Hunterdon","40.515262","-74.806671"
"12/15/2007","AQS","340190001","1","0.03","ppm","28","Flemington","17","100.0000","44201","Ozone","35620","New York-Newark-Jersey City, NY-NJ-PA","34","New Jersey","019","Hunterdon","40.515262","-74.806671"
"12/16/2007","AQS","340190001","1","0.036","ppm","33","Flemington","17","100.0000","44201","Ozone","35620","New York-Newark-Jersey City, NY-NJ-PA","34","New Jersey","019","Hunterdon","40.515262","-74.806671"
"12/17/2007","AQS","340190001","1","0.041","ppm","38","Flemington","17","100.0000","44201","Ozone","35620","New York-Newark-Jersey City, NY-NJ-PA","34","New Jersey","019","Hunterdon","40.515262","-74.806671"
"12/18/2007","AQS","340190001","1","0.028","ppm","26","Flemington","17","100.0000","44201","Ozone","35620","New York-Newark-Jersey City, NY-NJ-PA","34","New Jersey","019","Hunterdon","40.515262","-74.806671"
"12/19/2007","AQS","340190001","1","0.018","ppm","17","Flemington","17","100.0000","44201","Ozone","35620","New York-Newark-Jersey City, NY-NJ-PA","34","New Jersey","019","Hunterdon","40.515262","-74.806671"
"12/27/2007","AQS","340190001","1","0.015","ppm","14","Flemington","13","76.0000","44201","Ozone","35620","New York-Newark-Jersey City, NY-NJ-PA","34","New Jersey","019","Hunterdon","40.515262","-74.806671"
"01/03/2007","AQS","340210005","1","0.015","ppm","14","Rider University","14","82.0000","44201","Ozone","45940","Trenton, NJ","34","New Jersey","021","Mercer","40.283092","-74.742613"
"01/04/2007","AQS","340210005","1","0.005","ppm","5","Rider University","17","100.0000","44201","Ozone","45940","Trenton, NJ","34","New Jersey","021","Mercer","40.283092","-74.742613"
"01/05/2007","AQS","340210005","1","0.014","ppm","13","Rider University","17","100.0000","44201","Ozone","45940","Trenton, NJ","34","New Jersey","021","Mercer","40.283092","-74.742613"
"01/06/2007","AQS","340210005","1","0.029","ppm","27","Rider University","17","100.0000","44201","Ozone","45940","Trenton, NJ","34","New Jersey","021","Mercer","40.283092","-74.742613"
"01/07/2007","AQS","340210005","1","0.029","ppm","27","Rider University","17","100.0000","44201","Ozone","45940","Trenton, NJ","34","New Jersey","021","Mercer","40.283092","-74.742613"
"01/08/2007","AQS","340210005","1","0.028","ppm","26","Rider University","17","100.0000","44201","Ozone","45940","Trenton, NJ","34","New Jersey","021","Mercer","40.283092","-74.742613"
"01/09/2007","AQS","340210005","1","0.024","ppm","22","Rider University","17","100.0000","44201","Ozone","45940","Trenton, NJ","34","New Jersey","021","Mercer","40.283092","-74.742613"
"01/10/2007","AQS","340210005","1","0.029","ppm","27","Rider University","17","100.0000","44201","Ozone","45940","Trenton, NJ","34","New Jersey","021","Mercer","40.283092","-74.742613"
"01/11/2007","AQS","340210005","1","0.017","ppm","16","Rider University","17","100.0000","44201","Ozone","45940","Trenton, NJ","34","New Jersey","021","Mercer","40.283092","-74.742613"
"01/12/2007","AQS","340210005","1","0.007","ppm","6","Rider University","17","100.0000","44201","Ozone","45940","Trenton, NJ","34","New Jersey","021","Mercer","40.283092","-74.742613"
"01/13/2007","AQS","340210005","1","0.009","ppm","8","Rider University","17","100.0000","44201","Ozone","45940","Trenton, NJ","34","New Jersey","021","Mercer","40.283092","-74.742613"
"01/14/2007","AQS","340210005","1","0.002","ppm","2","Rider University","17","100.0000","44201","Ozone","45940","Trenton, NJ","34","New Jersey","021","Mercer","40.283092","-74.742613"
"01/15/2007","AQS","340210005","1","0.015","ppm","14","Rider University","17","100.0000","44201","Ozone","45940","Trenton, NJ","34","New Jersey","021","Mercer","40.283092","-74.742613"
"01/16/2007","AQS","340210005","1","0.029","ppm","27","Rider University","17","100.0000","44201","Ozone","45940","Trenton, NJ","34","New Jersey","021","Mercer","40.283092","-74.742613"
"01/17/2007","AQS","340210005","1","0.029","ppm","27","Rider University","17","100.0000","44201","Ozone","45940","Trenton, NJ","34","New Jersey","021","Mercer","40.283092","-74.742613"
"01/18/2007","AQS","340210005","1","0.006","ppm","6","Rider University","17","100.0000","44201","Ozone","45940","Trenton, NJ","34","New Jersey","021","Mercer","40.283092","-74.742613"
"01/19/2007","AQS","340210005","1","0.027","ppm","25","Rider University","17","100.0000","44201","Ozone","45940","Trenton, NJ","34","New Jersey","021","Mercer","40.283092","-74.742613"
"01/20/2007","AQS","340210005","1","0.032","ppm","30","Rider University","17","100.0000","44201","Ozone","45940","Trenton, NJ","34","New Jersey","021","Mercer","40.283092","-74.742613"
"01/21/2007","AQS","340210005","1","0.029","ppm","27","Rider University","17","100.0000","44201","Ozone","45940","Trenton, NJ","34","New Jersey","021","Mercer","40.283092","-74.742613"
"01/30/2007","AQS","340210005","1","0.023","ppm","21","Rider University","17","100.0000","44201","Ozone","45940","Trenton, NJ","34","New Jersey","021","Mercer","40.283092","-74.742613"
"01/31/2007","AQS","340210005","1","0.025","ppm","23","Rider University","17","100.0000","44201","Ozone","45940","Trenton, NJ","34","New Jersey","021","Mercer","40.283092","-74.742613"
"02/01/2007","AQS","340210005","1","0.017","ppm","16","Rider University","17","100.0000","44201","Ozone","45940","Trenton, NJ","34","New Jersey","021","Mercer","40.283092","-74.742613"
"02/02/2007","AQS","340210005","1","0.022","ppm","20","Rider University","17","100.0000","44201","Ozone","45940","Trenton, NJ","34","New Jersey","021","Mercer","40.283092","-74.742613"
"02/03/2007","AQS","340210005","1","0.031","ppm","29","Rider University","17","100.0000","44201","Ozone","45940","Trenton, NJ","34","New Jersey","021","Mercer","40.283092","-74.742613"
"02/04/2007","AQS","340210005","1","0.03","ppm","28","Rider University","17","100.0000","44201","Ozone","45940","Trenton, NJ","34","New Jersey","021","Mercer","40.283092","-74.742613"
"02/05/2007","AQS","340210005","1","0.028","ppm","26","Rider University","13","76.0000","44201","Ozone","45940","Trenton, NJ","34","New Jersey","021","Mercer","40.283092","-74.742613"
"02/12/2007","AQS","340210005","1","0.02","ppm","19","Rider University","14","82.0000","44201","Ozone","45940","Trenton, NJ","34","New Jersey","021","Mercer","40.283092","-74.742613"
"02/13/2007","AQS","340210005","1","0.019","ppm","18","Rider University","17","100.0000","44201","Ozone","45940","Trenton, NJ","34","New Jersey","021","Mercer","40.283092","-74.742613"
"02/14/2007","AQS","340210005","1","0.029","ppm","27","Rider University","17","100.0000","44201","Ozone","45940","Trenton, NJ","34","New Jersey","021","Mercer","40.283092","-74.742613"
"02/15/2007","AQS","340210005","1","0.031","ppm","29","Rider University","17","100.0000","44201","Ozone","45940","Trenton, NJ","34","New Jersey","021","Mercer","40.283092","-74.742613"
"02/16/2007","AQS","340210005","1","0.031","ppm","29","Rider University","17","100.0000","44201","Ozone","45940","Trenton, NJ","34","New Jersey","021","Mercer","40.283092","-74.742613"
"02/17/2007","AQS","340210005","1","0.029","ppm","27","Rider University","17","100.0000","44201","Ozone","45940","Trenton, NJ","34","New Jersey","021","Mercer","40.283092","-74.742613"
"02/18/2007","AQS","340210005","1","0.034","ppm","31","Rider University","17","100.0000","44201","Ozone","45940","Trenton, NJ","34","New Jersey","021","Mercer","40.283092","-74.742613"
"02/19/2007","AQS","340210005","1","0.033","ppm","31","Rider University","17","100.0000","44201","Ozone","45940","Trenton, NJ","34","New Jersey","021","Mercer","40.283092","-74.742613"
"02/20/2007","AQS","340210005","1","0.01","ppm","9","Rider University","17","100.0000","44201","Ozone","45940","Trenton, NJ","34","New Jersey","021","Mercer","40.283092","-74.742613"
"02/22/2007","AQS","340210005","1","0.026","ppm","24","Rider University","17","100.0000","44201","Ozone","45940","Trenton, NJ","34","New Jersey","021","Mercer","40.283092","-74.742613"
"02/24/2007","AQS","340210005","1","0.04","ppm","37","Rider University","17","100.0000","44201","Ozone","45940","Trenton, NJ","34","New Jersey","021","Mercer","40.283092","-74.742613"
"02/25/2007","AQS","340210005","1","0.028","ppm","26","Rider University","17","100.0000","44201","Ozone","45940","Trenton, NJ","34","New Jersey","021","Mercer","40.283092","-74.742613"
"02/26/2007","AQS","340210005","1","0.013","ppm","12","Rider University","17","100.0000","44201","Ozone","45940","Trenton, NJ","34","New Jersey","021","Mercer","40.283092","-74.742613"
"02/27/2007","AQS","340210005","1","0.022","ppm","20","Rider University","17","100.0000","44201","Ozone","45940","Trenton, NJ","34","New Jersey","021","Mercer","40.283092","-74.742613"
"02/28/2007","AQS","340210005","1","0.036","ppm","33","Rider University","17","100.0000","44201","Ozone","45940","Trenton, NJ","34","New Jersey","021","Mercer","40.283092","-74.742613"
"03/01/2007","AQS","340210005","1","0.036","ppm","33","Rider University","17","100.0000","44201","Ozone","45940","Trenton, NJ","34","New Jersey","021","Mercer","40.283092","-74.742613"
"03/02/2007","AQS","340210005","1","0.041","ppm","38","Rider University","17","100.0000","44201","Ozone","45940","Trenton, NJ","34","New Jersey","021","Mercer","40.283092","-74.742613"
"03/03/2007","AQS","340210005","1","0.042","ppm","39","Rider University","17","100.0000","44201","Ozone","45940","Trenton, NJ","34","New Jersey","021","Mercer","40.283092","-74.742613"
"03/04/2007","AQS","340210005","1","0.039","ppm","36","Rider University","17","100.0000","44201","Ozone","45940","Trenton, NJ","34","New Jersey","021","Mercer","40.283092","-74.742613"
"03/05/2007","AQS","340210005","1","0.042","ppm","39","Rider University","17","100.0000","44201","Ozone","45940","Trenton, NJ","34","New Jersey","021","Mercer","40.283092","-74.742613"
"03/08/2007","AQS","340210005","1","0.044","ppm","41","Rider University","15","88.0000","44201","Ozone","45940","Trenton, NJ","34","New Jersey","021","Mercer","40.283092","-74.742613"
"03/09/2007","AQS","340210005","1","0.033","ppm","31","Rider University","17","100.0000","44201","Ozone","45940","Trenton, NJ","34","New Jersey","021","Mercer","40.283092","-74.742613"
"03/10/2007","AQS","340210005","1","0.04","ppm","37","Rider University","17","100.0000","44201","Ozone","45940","Trenton, NJ","34","New Jersey","021","Mercer","40.283092","-74.742613"
"03/11/2007","AQS","340210005","1","0.045","ppm","42","Rider University","17","100.0000","44201","Ozone","45940","Trenton, NJ","34","New Jersey","021","Mercer","40.283092","-74.742613"
"03/12/2007","AQS","340210005","1","0.032","ppm","30","Rider University","17","100.0000","44201","Ozone","45940","Trenton, NJ","34","New Jersey","021","Mercer","40.283092","-74.742613"
"03/13/2007","AQS","340210005","1","0.044","ppm","41","Rider University","17","100.0000","44201","Ozone","45940","Trenton, NJ","34","New Jersey","021","Mercer","40.283092","-74.742613"
"03/14/2007","AQS","340210005","1","0.061","ppm","71","Rider University","17","100.0000","44201","Ozone","45940","Trenton, NJ","34","New Jersey","021","Mercer","40.283092","-74.742613"
"03/15/2007","AQS","340210005","1","0.038","ppm","35","Rider University","17","100.0000","44201","Ozone","45940","Trenton, NJ","34","New Jersey","021","Mercer","40.283092","-74.742613"
"03/16/2007","AQS","340210005","1","0.036","ppm","33","Rider University","17","100.0000","44201","Ozone","45940","Trenton, NJ","34","New Jersey","021","Mercer","40.283092","-74.742613"
"03/17/2007","AQS","340210005","1","0.043","ppm","40","Rider University","17","100.0000","44201","Ozone","45940","Trenton, NJ","34","New Jersey","021","Mercer","40.283092","-74.742613"
"03/18/2007","AQS","340210005","1","0.045","ppm","42","Rider University","17","100.0000","44201","Ozone","45940","Trenton, NJ","34","New Jersey","021","Mercer","40.283092","-74.742613"
"03/19/2007","AQS","340210005","1","0.04","ppm","37","Rider University","17","100.0000","44201","Ozone","45940","Trenton, NJ","34","New Jersey","021","Mercer","40.283092","-74.742613"
"03/20/2007","AQS","340210005","1","0.046","ppm","43","Rider University","17","100.0000","44201","Ozone","45940","Trenton, NJ","34","New Jersey","021","Mercer","40.283092","-74.742613"
"03/21/2007","AQS","340210005","1","0.043","ppm","40","Rider University","17","100.0000","44201","Ozone","45940","Trenton, NJ","34","New Jersey","021","Mercer","40.283092","-74.742613"
"03/22/2007","AQS","340210005","1","0.05","ppm","46","Rider University","17","100.0000","44201","Ozone","45940","Trenton, NJ","34","New Jersey","021","Mercer","40.283092","-74.742613"
"03/23/2007","AQS","340210005","1","0.023","ppm","21","Rider University","17","100.0000","44201","Ozone","45940","Trenton, NJ","34","New Jersey","021","Mercer","40.283092","-74.742613"
"03/24/2007","AQS","340210005","1","0.039","ppm","36","Rider University","17","100.0000","44201","Ozone","45940","Trenton, NJ","34","New Jersey","021","Mercer","40.283092","-74.742613"
"03/25/2007","AQS","340210005","1","0.041","ppm","38","Rider University","17","100.0000","44201","Ozone","45940","Trenton, NJ","34","New Jersey","021","Mercer","40.283092","-74.742613"
"03/26/2007","AQS","340210005","1","0.035","ppm","32","Rider University","17","100.0000","44201","Ozone","45940","Trenton, NJ","34","New Jersey","021","Mercer","40.283092","-74.742613"
"03/27/2007","AQS","340210005","1","0.049","ppm","45","Rider University","17","100.0000","44201","Ozone","45940","Trenton, NJ","34","New Jersey","021","Mercer","40.283092","-74.742613"
"03/28/2007","AQS","340210005","1","0.047","ppm","44","Rider University","17","100.0000","44201","Ozone","45940","Trenton, NJ","34","New Jersey","021","Mercer","40.283092","-74.742613"
"03/29/2007","AQS","340210005","1","0.047","ppm","44","Rider University","17","100.0000","44201","Ozone","45940","Trenton, NJ","34","New Jersey","021","Mercer","40.283092","-74.742613"
"03/30/2007","AQS","340210005","1","0.044","ppm","41","Rider University","17","100.0000","44201","Ozone","45940","Trenton, NJ","34","New Jersey","021","Mercer","40.283092","-74.742613"
"03/31/2007","AQS","340210005","1","0.042","ppm","39","Rider University","17","100.0000","44201","Ozone","45940","Trenton, NJ","34","New Jersey","021","Mercer","40.283092","-74.742613"
"04/01/2007","AQS","340210005","1","0.044","ppm","41","Rider University","17","100.0000","44201","Ozone","45940","Trenton, NJ","34","New Jersey","021","Mercer","40.283092","-74.742613"
"04/02/2007","AQS","340210005","1","0.04","ppm","37","Rider University","17","100.0000","44201","Ozone","45940","Trenton, NJ","34","New Jersey","021","Mercer","40.283092","-74.742613"
"04/03/2007","AQS","340210005","1","0.041","ppm","38","Rider University","17","100.0000","44201","Ozone","45940","Trenton, NJ","34","New Jersey","021","Mercer","40.283092","-74.742613"
"04/06/2007","AQS","340210005","1","0.038","ppm","35","Rider University","17","100.0000","44201","Ozone","45940","Trenton, NJ","34","New Jersey","021","Mercer","40.283092","-74.742613"
"04/07/2007","AQS","340210005","1","0.039","ppm","36","Rider University","17","100.0000","44201","Ozone","45940","Trenton, NJ","34","New Jersey","021","Mercer","40.283092","-74.742613"
"04/08/2007","AQS","340210005","1","0.031","ppm","29","Rider University","17","100.0000","44201","Ozone","45940","Trenton, NJ","34","New Jersey","021","Mercer","40.283092","-74.742613"
"04/09/2007","AQS","340210005","1","0.039","ppm","36","Rider University","17","100.0000","44201","Ozone","45940","Trenton, NJ","34","New Jersey","021","Mercer","40.283092","-74.742613"
"04/10/2007","AQS","340210005","1","0.046","ppm","43","Rider University","17","100.0000","44201","Ozone","45940","Trenton, NJ","34","New Jersey","021","Mercer","40.283092","-74.742613"
"04/11/2007","AQS","340210005","1","0.047","ppm","44","Rider University","17","100.0000","44201","Ozone","45940","Trenton, NJ","34","New Jersey","021","Mercer","40.283092","-74.742613"
"04/12/2007","AQS","340210005","1","0.037","ppm","34","Rider University","17","100.0000","44201","Ozone","45940","Trenton, NJ","34","New Jersey","021","Mercer","40.283092","-74.742613"
"04/13/2007","AQS","340210005","1","0.042","ppm","39","Rider University","17","100.0000","44201","Ozone","45940","Trenton, NJ","34","New Jersey","021","Mercer","40.283092","-74.742613"
"04/14/2007","AQS","340210005","1","0.053","ppm","49","Rider University","17","100.0000","44201","Ozone","45940","Trenton, NJ","34","New Jersey","021","Mercer","40.283092","-74.742613"
"04/15/2007","AQS","340210005","1","0.047","ppm","44","Rider University","17","100.0000","44201","Ozone","45940","Trenton, NJ","34","New Jersey","021","Mercer","40.283092","-74.742613"
"04/16/2007","AQS","340210005","1","0.04","ppm","37","Rider University","17","100.0000","44201","Ozone","45940","Trenton, NJ","34","New Jersey","021","Mercer","40.283092","-74.742613"
"04/17/2007","AQS","340210005","1","0.04","ppm","37","Rider University","17","100.0000","44201","Ozone","45940","Trenton, NJ","34","New Jersey","021","Mercer","40.283092","-74.742613"
"04/18/2007","AQS","340210005","1","0.036","ppm","33","Rider University","17","100.0000","44201","Ozone","45940","Trenton, NJ","34","New Jersey","021","Mercer","40.283092","-74.742613"
"04/19/2007","AQS","340210005","1","0.037","ppm","34","Rider University","17","100.0000","44201","Ozone","45940","Trenton, NJ","34","New Jersey","021","Mercer","40.283092","-74.742613"
"04/20/2007","AQS","340210005","1","0.056","ppm","54","Rider University","17","100.0000","44201","Ozone","45940","Trenton, NJ","34","New Jersey","021","Mercer","40.283092","-74.742613"
"04/21/2007","AQS","340210005","1","0.059","ppm","64","Rider University","17","100.0000","44201","Ozone","45940","Trenton, NJ","34","New Jersey","021","Mercer","40.283092","-74.742613"
"04/22/2007","AQS","340210005","1","0.062","ppm","74","Rider University","17","100.0000","44201","Ozone","45940","Trenton, NJ","34","New Jersey","021","Mercer","40.283092","-74.742613"
"04/23/2007","AQS","340210005","1","0.075","ppm","115","Rider University","17","100.0000","44201","Ozone","45940","Trenton, NJ","34","New Jersey","021","Mercer","40.283092","-74.742613"
"04/24/2007","AQS","340210005","1","0.057","ppm","58","Rider University","17","100.0000","44201","Ozone","45940","Trenton, NJ","34","New Jersey","021","Mercer","40.283092","-74.742613"
"04/25/2007","AQS","340210005","1","0.041","ppm","38","Rider University","17","100.0000","44201","Ozone","45940","Trenton, NJ","34","New Jersey","021","Mercer","40.283092","-74.742613"
"04/26/2007","AQS","340210005","1","0.049","ppm","45","Rider University","17","100.0000","44201","Ozone","45940","Trenton, NJ","34","New Jersey","021","Mercer","40.283092","-74.742613"
"04/27/2007","AQS","340210005","1","0.011","ppm","10","Rider University","17","100.0000","44201","Ozone","45940","Trenton, NJ","34","New Jersey","021","Mercer","40.283092","-74.742613"
"04/28/2007","AQS","340210005","1","0.044","ppm","41","Rider University","17","100.0000","44201","Ozone","45940","Trenton, NJ","34","New Jersey","021","Mercer","40.283092","-74.742613"
"04/29/2007","AQS","340210005","1","0.047","ppm","44","Rider University","17","100.0000","44201","Ozone","45940","Trenton, NJ","34","New Jersey","021","Mercer","40.283092","-74.742613"
"04/30/2007","AQS","340210005","1","0.061","ppm","71","Rider University","17","100.0000","44201","Ozone","45940","Trenton, NJ","34","New Jersey","021","Mercer","40.283092","-74.742613"
"05/01/2007","AQS","340210005","1","0.041","ppm","38","Rider University","17","100.0000","44201","Ozone","45940","Trenton, NJ","34","New Jersey","021","Mercer","40.283092","-74.742613"
"05/02/2007","AQS","340210005","1","0.048","ppm","44","Rider University","17","100.0000","44201","Ozone","45940","Trenton, NJ","34","New Jersey","021","Mercer","40.283092","-74.742613"
"05/03/2007","AQS","340210005","1","0.051","ppm","47","Rider University","17","100.0000","44201","Ozone","45940","Trenton, NJ","34","New Jersey","021","Mercer","40.283092","-74.742613"
"05/04/2007","AQS","340210005","1","0.051","ppm","47","Rider University","17","100.0000","44201","Ozone","45940","Trenton, NJ","34","New Jersey","021","Mercer","40.283092","-74.742613"
"05/05/2007","AQS","340210005","1","0.064","ppm","80","Rider University","17","100.0000","44201","Ozone","45940","Trenton, NJ","34","New Jersey","021","Mercer","40.283092","-74.742613"
"05/06/2007","AQS","340210005","1","0.044","ppm","41","Rider University","17","100.0000","44201","Ozone","45940","Trenton, NJ","34","New Jersey","021","Mercer","40.283092","-74.742613"
"05/07/2007","AQS","340210005","1","0.043","ppm","40","Rider University","17","100.0000","44201","Ozone","45940","Trenton, NJ","34","New Jersey","021","Mercer","40.283092","-74.742613"
"05/08/2007","AQS","340210005","1","0.043","ppm","40","Rider University","17","100.0000","44201","Ozone","45940","Trenton, NJ","34","New Jersey","021","Mercer","40.283092","-74.742613"
"05/09/2007","AQS","340210005","1","0.038","ppm","35","Rider University","17","100.0000","44201","Ozone","45940","Trenton, NJ","34","New Jersey","021","Mercer","40.283092","-74.742613"
"05/10/2007","AQS","340210005","1","0.029","ppm","27","Rider University","17","100.0000","44201","Ozone","45940","Trenton, NJ","34","New Jersey","021","Mercer","40.283092","-74.742613"
"05/11/2007","AQS","340210005","1","0.061","ppm","71","Rider University","17","100.0000","44201","Ozone","45940","Trenton, NJ","34","New Jersey","021","Mercer","40.283092","-74.742613"
"05/12/2007","AQS","340210005","1","0.044","ppm","41","Rider University","17","100.0000","44201","Ozone","45940","Trenton, NJ","34","New Jersey","021","Mercer","40.283092","-74.742613"
"05/13/2007","AQS","340210005","1","0.049","ppm","45","Rider University","17","100.0000","44201","Ozone","45940","Trenton, NJ","34","New Jersey","021","Mercer","40.283092","-74.742613"
"05/14/2007","AQS","340210005","1","0.053","ppm","49","Rider University","17","100.0000","44201","Ozone","45940","Trenton, NJ","34","New Jersey","021","Mercer","40.283092","-74.742613"
"05/15/2007","AQS","340210005","1","0.084","ppm","147","Rider University","17","100.0000","44201","Ozone","45940","Trenton, NJ","34","New Jersey","021","Mercer","40.283092","-74.742613"
"05/16/2007","AQS","340210005","1","0.067","ppm","90","Rider University","17","100.0000","44201","Ozone","45940","Trenton, NJ","34","New Jersey","021","Mercer","40.283092","-74.742613"
"05/17/2007","AQS","340210005","1","0.042","ppm","39","Rider University","17","100.0000","44201","Ozone","45940","Trenton, NJ","34","New Jersey","021","Mercer","40.283092","-74.742613"
"05/18/2007","AQS","340210005","1","0.031","ppm","29","Rider University","17","100.0000","44201","Ozone","45940","Trenton, NJ","34","New Jersey","021","Mercer","40.283092","-74.742613"
"05/19/2007","AQS","340210005","1","0.043","ppm","40","Rider University","17","100.0000","44201","Ozone","45940","Trenton, NJ","34","New Jersey","021","Mercer","40.283092","-74.742613"
"05/20/2007","AQS","340210005","1","0.058","ppm","61","Rider University","17","100.0000","44201","Ozone","45940","Trenton, NJ","34","New Jersey","021","Mercer","40.283092","-74.742613"
"05/21/2007","AQS","340210005","1","0.046","ppm","43","Rider University","17","100.0000","44201","Ozone","45940","Trenton, NJ","34","New Jersey","021","Mercer","40.283092","-74.742613"
"05/22/2007","AQS","340210005","1","0.056","ppm","54","Rider University","17","100.0000","44201","Ozone","45940","Trenton, NJ","34","New Jersey","021","Mercer","40.283092","-74.742613"
"05/23/2007","AQS","340210005","1","0.071","ppm","101","Rider University","17","100.0000","44201","Ozone","45940","Trenton, NJ","34","New Jersey","021","Mercer","40.283092","-74.742613"
"05/24/2007","AQS","340210005","1","0.079","ppm","129","Rider University","17","100.0000","44201","Ozone","45940","Trenton, NJ","34","New Jersey","021","Mercer","40.283092","-74.742613"
"05/25/2007","AQS","340210005","1","0.089","ppm","159","Rider University","17","100.0000","44201","Ozone","45940","Trenton, NJ","34","New Jersey","021","Mercer","40.283092","-74.742613"
"05/26/2007","AQS","340210005","1","0.072","ppm","105","Rider University","17","100.0000","44201","Ozone","45940","Trenton, NJ","34","New Jersey","021","Mercer","40.283092","-74.742613"
"05/27/2007","AQS","340210005","1","0.085","ppm","150","Rider University","17","100.0000","44201","Ozone","45940","Trenton, NJ","34","New Jersey","021","Mercer","40.283092","-74.742613"
"05/28/2007","AQS","340210005","1","0.057","ppm","58","Rider University","17","100.0000","44201","Ozone","45940","Trenton, NJ","34","New Jersey","021","Mercer","40.283092","-74.742613"
"05/29/2007","AQS","340210005","1","0.055","ppm","51","Rider University","17","100.0000","44201","Ozone","45940","Trenton, NJ","34","New Jersey","021","Mercer","40.283092","-74.742613"
"05/30/2007","AQS","340210005","1","0.071","ppm","101","Rider University","17","100.0000","44201","Ozone","45940","Trenton, NJ","34","New Jersey","021","Mercer","40.283092","-74.742613"
"05/31/2007","AQS","340210005","1","0.094","ppm","172","Rider University","17","100.0000","44201","Ozone","45940","Trenton, NJ","34","New Jersey","021","Mercer","40.283092","-74.742613"
"06/01/2007","AQS","340210005","1","0.091","ppm","164","Rider University","16","94.0000","44201","Ozone","45940","Trenton, NJ","34","New Jersey","021","Mercer","40.283092","-74.742613"
"06/04/2007","AQS","340210005","1","0.032","ppm","30","Rider University","17","100.0000","44201","Ozone","45940","Trenton, NJ","34","New Jersey","021","Mercer","40.283092","-74.742613"
"06/05/2007","AQS","340210005","1","0.056","ppm","54","Rider University","17","100.0000","44201","Ozone","45940","Trenton, NJ","34","New Jersey","021","Mercer","40.283092","-74.742613"
"06/06/2007","AQS","340210005","1","0.04","ppm","37","Rider University","17","100.0000","44201","Ozone","45940","Trenton, NJ","34","New Jersey","021","Mercer","40.283092","-74.742613"
"06/07/2007","AQS","340210005","1","0.067","ppm","90","Rider University","17","100.0000","44201","Ozone","45940","Trenton, NJ","34","New Jersey","021","Mercer","40.283092","-74.742613"
"06/08/2007","AQS","340210005","1","0.106","ppm","201","Rider University","17","100.0000","44201","Ozone","45940","Trenton, NJ","34","New Jersey","021","Mercer","40.283092","-74.742613"
"06/09/2007","AQS","340210005","1","0.059","ppm","64","Rider University","17","100.0000","44201","Ozone","45940","Trenton, NJ","34","New Jersey","021","Mercer","40.283092","-74.742613"
"06/10/2007","AQS","340210005","1","0.06","ppm","67","Rider University","17","100.0000","44201","Ozone","45940","Trenton, NJ","34","New Jersey","021","Mercer","40.283092","-74.742613"
"06/11/2007","AQS","340210005","1","0.059","ppm","64","Rider University","17","100.0000","44201","Ozone","45940","Trenton, NJ","34","New Jersey","021","Mercer","40.283092","-74.742613"
"06/12/2007","AQS","340210005","1","0.044","ppm","41","Rider University","17","100.0000","44201","Ozone","45940","Trenton, NJ","34","New Jersey","021","Mercer","40.283092","-74.742613"
"06/13/2007","AQS","340210005","1","0.028","ppm","26","Rider University","17","100.0000","44201","Ozone","45940","Trenton, NJ","34","New Jersey","021","Mercer","40.283092","-74.742613"
"06/14/2007","AQS","340210005","1","0.021","ppm","19","Rider University","17","100.0000","44201","Ozone","45940","Trenton, NJ","34","New Jersey","021","Mercer","40.283092","-74.742613"
"06/15/2007","AQS","340210005","1","0.043","ppm","40","Rider University","17","100.0000","44201","Ozone","45940","Trenton, NJ","34","New Jersey","021","Mercer","40.283092","-74.742613"
"06/16/2007","AQS","340210005","1","0.056","ppm","54","Rider University","17","100.0000","44201","Ozone","45940","Trenton, NJ","34","New Jersey","021","Mercer","40.283092","-74.742613"
"06/17/2007","AQS","340210005","1","0.07","ppm","100","Rider University","17","100.0000","44201","Ozone","45940","Trenton, NJ","34","New Jersey","021","Mercer","40.283092","-74.742613"
"06/18/2007","AQS","340210005","1","0.067","ppm","90","Rider University","17","100.0000","44201","Ozone","45940","Trenton, NJ","34","New Jersey","021","Mercer","40.283092","-74.742613"
"06/19/2007","AQS","340210005","1","0.079","ppm","129","Rider University","17","100.0000","44201","Ozone","45940","Trenton, NJ","34","New Jersey","021","Mercer","40.283092","-74.742613"
"06/20/2007","AQS","340210005","1","0.044","ppm","41","Rider University","17","100.0000","44201","Ozone","45940","Trenton, NJ","34","New Jersey","021","Mercer","40.283092","-74.742613"
"06/21/2007","AQS","340210005","1","0.068","ppm","93","Rider University","17","100.0000","44201","Ozone","45940","Trenton, NJ","34","New Jersey","021","Mercer","40.283092","-74.742613"
"06/22/2007","AQS","340210005","1","0.04","ppm","37","Rider University","17","100.0000","44201","Ozone","45940","Trenton, NJ","34","New Jersey","021","Mercer","40.283092","-74.742613"
"06/23/2007","AQS","340210005","1","0.045","ppm","42","Rider University","17","100.0000","44201","Ozone","45940","Trenton, NJ","34","New Jersey","021","Mercer","40.283092","-74.742613"
"06/24/2007","AQS","340210005","1","0.051","ppm","47","Rider University","17","100.0000","44201","Ozone","45940","Trenton, NJ","34","New Jersey","021","Mercer","40.283092","-74.742613"
"06/25/2007","AQS","340210005","1","0.052","ppm","48","Rider University","17","100.0000","44201","Ozone","45940","Trenton, NJ","34","New Jersey","021","Mercer","40.283092","-74.742613"
"06/26/2007","AQS","340210005","1","0.072","ppm","105","Rider University","10","59.0000","44201","Ozone","45940","Trenton, NJ","34","New Jersey","021","Mercer","40.283092","-74.742613"
"06/27/2007","AQS","340210005","1","0.094","ppm","172","Rider University","17","100.0000","44201","Ozone","45940","Trenton, NJ","34","New Jersey","021","Mercer","40.283092","-74.742613"
"06/28/2007","AQS","340210005","1","0.07","ppm","100","Rider University","17","100.0000","44201","Ozone","45940","Trenton, NJ","34","New Jersey","021","Mercer","40.283092","-74.742613"
"06/30/2007","AQS","340210005","1","0.05","ppm","46","Rider University","17","100.0000","44201","Ozone","45940","Trenton, NJ","34","New Jersey","021","Mercer","40.283092","-74.742613"
"07/01/2007","AQS","340210005","1","0.035","ppm","32","Rider University","17","100.0000","44201","Ozone","45940","Trenton, NJ","34","New Jersey","021","Mercer","40.283092","-74.742613"
"07/02/2007","AQS","340210005","1","0.034","ppm","31","Rider University","17","100.0000","44201","Ozone","45940","Trenton, NJ","34","New Jersey","021","Mercer","40.283092","-74.742613"
"07/03/2007","AQS","340210005","1","0.049","ppm","45","Rider University","17","100.0000","44201","Ozone","45940","Trenton, NJ","34","New Jersey","021","Mercer","40.283092","-74.742613"
"07/04/2007","AQS","340210005","1","0.046","ppm","43","Rider University","17","100.0000","44201","Ozone","45940","Trenton, NJ","34","New Jersey","021","Mercer","40.283092","-74.742613"
"07/05/2007","AQS","340210005","1","0.054","ppm","50","Rider University","17","100.0000","44201","Ozone","45940","Trenton, NJ","34","New Jersey","021","Mercer","40.283092","-74.742613"
"07/06/2007","AQS","340210005","1","0.055","ppm","51","Rider University","17","100.0000","44201","Ozone","45940","Trenton, NJ","34","New Jersey","021","Mercer","40.283092","-74.742613"
"07/07/2007","AQS","340210005","1","0.054","ppm","50","Rider University","17","100.0000","44201","Ozone","45940","Trenton, NJ","34","New Jersey","021","Mercer","40.283092","-74.742613"
"07/08/2007","AQS","340210005","1","0.078","ppm","126","Rider University","17","100.0000","44201","Ozone","45940","Trenton, NJ","34","New Jersey","021","Mercer","40.283092","-74.742613"
"07/09/2007","AQS","340210005","1","0.094","ppm","172","Rider University","17","100.0000","44201","Ozone","45940","Trenton, NJ","34","New Jersey","021","Mercer","40.283092","-74.742613"
"07/10/2007","AQS","340210005","1","0.074","ppm","112","Rider University","17","100.0000","44201","Ozone","45940","Trenton, NJ","34","New Jersey","021","Mercer","40.283092","-74.742613"
"07/11/2007","AQS","340210005","1","0.053","ppm","49","Rider University","17","100.0000","44201","Ozone","45940","Trenton, NJ","34","New Jersey","021","Mercer","40.283092","-74.742613"
"07/12/2007","AQS","340210005","1","0.052","ppm","48","Rider University","17","100.0000","44201","Ozone","45940","Trenton, NJ","34","New Jersey","021","Mercer","40.283092","-74.742613"
"07/13/2007","AQS","340210005","1","0.063","ppm","77","Rider University","17","100.0000","44201","Ozone","45940","Trenton, NJ","34","New Jersey","021","Mercer","40.283092","-74.742613"
"07/14/2007","AQS","340210005","1","0.076","ppm","119","Rider University","17","100.0000","44201","Ozone","45940","Trenton, NJ","34","New Jersey","021","Mercer","40.283092","-74.742613"
"07/15/2007","AQS","340210005","1","0.081","ppm","136","Rider University","17","100.0000","44201","Ozone","45940","Trenton, NJ","34","New Jersey","021","Mercer","40.283092","-74.742613"
"07/16/2007","AQS","340210005","1","0.057","ppm","58","Rider University","17","100.0000","44201","Ozone","45940","Trenton, NJ","34","New Jersey","021","Mercer","40.283092","-74.742613"
"07/17/2007","AQS","340210005","1","0.082","ppm","140","Rider University","17","100.0000","44201","Ozone","45940","Trenton, NJ","34","New Jersey","021","Mercer","40.283092","-74.742613"
"07/18/2007","AQS","340210005","1","0.047","ppm","44","Rider University","17","100.0000","44201","Ozone","45940","Trenton, NJ","34","New Jersey","021","Mercer","40.283092","-74.742613"
"07/19/2007","AQS","340210005","1","0.065","ppm","84","Rider University","17","100.0000","44201","Ozone","45940","Trenton, NJ","34","New Jersey","021","Mercer","40.283092","-74.742613"
"07/20/2007","AQS","340210005","1","0.048","ppm","44","Rider University","17","100.0000","44201","Ozone","45940","Trenton, NJ","34","New Jersey","021","Mercer","40.283092","-74.742613"
"07/21/2007","AQS","340210005","1","0.028","ppm","26","Rider University","17","100.0000","44201","Ozone","45940","Trenton, NJ","34","New Jersey","021","Mercer","40.283092","-74.742613"
"07/22/2007","AQS","340210005","1","0.052","ppm","48","Rider University","17","100.0000","44201","Ozone","45940","Trenton, NJ","34","New Jersey","021","Mercer","40.283092","-74.742613"
"07/23/2007","AQS","340210005","1","0.026","ppm","24","Rider University","17","100.0000","44201","Ozone","45940","Trenton, NJ","34","New Jersey","021","Mercer","40.283092","-74.742613"
"07/24/2007","AQS","340210005","1","0.065","ppm","84","Rider University","17","100.0000","44201","Ozone","45940","Trenton, NJ","34","New Jersey","021","Mercer","40.283092","-74.742613"
"07/25/2007","AQS","340210005","1","0.053","ppm","49","Rider University","17","100.0000","44201","Ozone","45940","Trenton, NJ","34","New Jersey","021","Mercer","40.283092","-74.742613"
"07/26/2007","AQS","340210005","1","0.05","ppm","46","Rider University","17","100.0000","44201","Ozone","45940","Trenton, NJ","34","New Jersey","021","Mercer","40.283092","-74.742613"
"07/27/2007","AQS","340210005","1","0.04","ppm","37","Rider University","17","100.0000","44201","Ozone","45940","Trenton, NJ","34","New Jersey","021","Mercer","40.283092","-74.742613"
"07/28/2007","AQS","340210005","1","0.065","ppm","84","Rider University","17","100.0000","44201","Ozone","45940","Trenton, NJ","34","New Jersey","021","Mercer","40.283092","-74.742613"
"07/29/2007","AQS","340210005","1","0.047","ppm","44","Rider University","17","100.0000","44201","Ozone","45940","Trenton, NJ","34","New Jersey","021","Mercer","40.283092","-74.742613"
"07/30/2007","AQS","340210005","1","0.062","ppm","74","Rider University","17","100.0000","44201","Ozone","45940","Trenton, NJ","34","New Jersey","021","Mercer","40.283092","-74.742613"
"07/31/2007","AQS","340210005","1","0.06","ppm","67","Rider University","17","100.0000","44201","Ozone","45940","Trenton, NJ","34","New Jersey","021","Mercer","40.283092","-74.742613"
"08/01/2007","AQS","340210005","1","0.059","ppm","64","Rider University","17","100.0000","44201","Ozone","45940","Trenton, NJ","34","New Jersey","021","Mercer","40.283092","-74.742613"
"08/02/2007","AQS","340210005","1","0.102","ppm","192","Rider University","17","100.0000","44201","Ozone","45940","Trenton, NJ","34","New Jersey","021","Mercer","40.283092","-74.742613"
"08/03/2007","AQS","340210005","1","0.093","ppm","169","Rider University","17","100.0000","44201","Ozone","45940","Trenton, NJ","34","New Jersey","021","Mercer","40.283092","-74.742613"
"08/04/2007","AQS","340210005","1","0.073","ppm","108","Rider University","17","100.0000","44201","Ozone","45940","Trenton, NJ","34","New Jersey","021","Mercer","40.283092","-74.742613"
"08/05/2007","AQS","340210005","1","0.051","ppm","47","Rider University","17","100.0000","44201","Ozone","45940","Trenton, NJ","34","New Jersey","021","Mercer","40.283092","-74.742613"
"08/06/2007","AQS","340210005","1","0.067","ppm","90","Rider University","17","100.0000","44201","Ozone","45940","Trenton, NJ","34","New Jersey","021","Mercer","40.283092","-74.742613"
"08/07/2007","AQS","340210005","1","0.062","ppm","74","Rider University","14","82.0000","44201","Ozone","45940","Trenton, NJ","34","New Jersey","021","Mercer","40.283092","-74.742613"
"08/08/2007","AQS","340210005","1","0.069","ppm","97","Rider University","17","100.0000","44201","Ozone","45940","Trenton, NJ","34","New Jersey","021","Mercer","40.283092","-74.742613"
"08/09/2007","AQS","340210005","1","0.051","ppm","47","Rider University","17","100.0000","44201","Ozone","45940","Trenton, NJ","34","New Jersey","021","Mercer","40.283092","-74.742613"
"08/10/2007","AQS","340210005","1","0.027","ppm","25","Rider University","17","100.0000","44201","Ozone","45940","Trenton, NJ","34","New Jersey","021","Mercer","40.283092","-74.742613"
"08/11/2007","AQS","340210005","1","0.049","ppm","45","Rider University","17","100.0000","44201","Ozone","45940","Trenton, NJ","34","New Jersey","021","Mercer","40.283092","-74.742613"
"08/12/2007","AQS","340210005","1","0.048","ppm","44","Rider University","17","100.0000","44201","Ozone","45940","Trenton, NJ","34","New Jersey","021","Mercer","40.283092","-74.742613"
"08/13/2007","AQS","340210005","1","0.061","ppm","71","Rider University","17","100.0000","44201","Ozone","45940","Trenton, NJ","34","New Jersey","021","Mercer","40.283092","-74.742613"
"08/14/2007","AQS","340210005","1","0.044","ppm","41","Rider University","17","100.0000","44201","Ozone","45940","Trenton, NJ","34","New Jersey","021","Mercer","40.283092","-74.742613"
"08/15/2007","AQS","340210005","1","0.081","ppm","136","Rider University","17","100.0000","44201","Ozone","45940","Trenton, NJ","34","New Jersey","021","Mercer","40.283092","-74.742613"
"08/16/2007","AQS","340210005","1","0.073","ppm","108","Rider University","17","100.0000","44201","Ozone","45940","Trenton, NJ","34","New Jersey","021","Mercer","40.283092","-74.742613"
"08/17/2007","AQS","340210005","1","0.071","ppm","101","Rider University","17","100.0000","44201","Ozone","45940","Trenton, NJ","34","New Jersey","021","Mercer","40.283092","-74.742613"
"08/18/2007","AQS","340210005","1","0.03","ppm","28","Rider University","17","100.0000","44201","Ozone","45940","Trenton, NJ","34","New Jersey","021","Mercer","40.283092","-74.742613"
"08/19/2007","AQS","340210005","1","0.033","ppm","31","Rider University","17","100.0000","44201","Ozone","45940","Trenton, NJ","34","New Jersey","021","Mercer","40.283092","-74.742613"
"08/20/2007","AQS","340210005","1","0.028","ppm","26","Rider University","17","100.0000","44201","Ozone","45940","Trenton, NJ","34","New Jersey","021","Mercer","40.283092","-74.742613"
"08/21/2007","AQS","340210005","1","0.026","ppm","24","Rider University","17","100.0000","44201","Ozone","45940","Trenton, NJ","34","New Jersey","021","Mercer","40.283092","-74.742613"
"08/22/2007","AQS","340210005","1","0.015","ppm","14","Rider University","17","100.0000","44201","Ozone","45940","Trenton, NJ","34","New Jersey","021","Mercer","40.283092","-74.742613"
"08/23/2007","AQS","340210005","1","0.016","ppm","15","Rider University","17","100.0000","44201","Ozone","45940","Trenton, NJ","34","New Jersey","021","Mercer","40.283092","-74.742613"
"08/24/2007","AQS","340210005","1","0.052","ppm","48","Rider University","17","100.0000","44201","Ozone","45940","Trenton, NJ","34","New Jersey","021","Mercer","40.283092","-74.742613"
"08/25/2007","AQS","340210005","1","0.067","ppm","90","Rider University","17","100.0000","44201","Ozone","45940","Trenton, NJ","34","New Jersey","021","Mercer","40.283092","-74.742613"
"08/26/2007","AQS","340210005","1","0.046","ppm","43","Rider University","17","100.0000","44201","Ozone","45940","Trenton, NJ","34","New Jersey","021","Mercer","40.283092","-74.742613"
"08/27/2007","AQS","340210005","1","0.053","ppm","49","Rider University","17","100.0000","44201","Ozone","45940","Trenton, NJ","34","New Jersey","021","Mercer","40.283092","-74.742613"
"08/28/2007","AQS","340210005","1","0.058","ppm","61","Rider University","17","100.0000","44201","Ozone","45940","Trenton, NJ","34","New Jersey","021","Mercer","40.283092","-74.742613"
"08/29/2007","AQS","340210005","1","0.073","ppm","108","Rider University","17","100.0000","44201","Ozone","45940","Trenton, NJ","34","New Jersey","021","Mercer","40.283092","-74.742613"
"08/30/2007","AQS","340210005","1","0.071","ppm","101","Rider University","17","100.0000","44201","Ozone","45940","Trenton, NJ","34","New Jersey","021","Mercer","40.283092","-74.742613"
"08/31/2007","AQS","340210005","1","0.036","ppm","33","Rider University","17","100.0000","44201","Ozone","45940","Trenton, NJ","34","New Jersey","021","Mercer","40.283092","-74.742613"
"09/01/2007","AQS","340210005","1","0.038","ppm","35","Rider University","17","100.0000","44201","Ozone","45940","Trenton, NJ","34","New Jersey","021","Mercer","40.283092","-74.742613"
"09/02/2007","AQS","340210005","1","0.049","ppm","45","Rider University","17","100.0000","44201","Ozone","45940","Trenton, NJ","34","New Jersey","021","Mercer","40.283092","-74.742613"
"09/03/2007","AQS","340210005","1","0.066","ppm","87","Rider University","17","100.0000","44201","Ozone","45940","Trenton, NJ","34","New Jersey","021","Mercer","40.283092","-74.742613"
"09/04/2007","AQS","340210005","1","0.047","ppm","44","Rider University","17","100.0000","44201","Ozone","45940","Trenton, NJ","34","New Jersey","021","Mercer","40.283092","-74.742613"
"09/05/2007","AQS","340210005","1","0.046","ppm","43","Rider University","17","100.0000","44201","Ozone","45940","Trenton, NJ","34","New Jersey","021","Mercer","40.283092","-74.742613"
"09/06/2007","AQS","340210005","1","0.065","ppm","84","Rider University","17","100.0000","44201","Ozone","45940","Trenton, NJ","34","New Jersey","021","Mercer","40.283092","-74.742613"
"09/07/2007","AQS","340210005","1","0.071","ppm","101","Rider University","17","100.0000","44201","Ozone","45940","Trenton, NJ","34","New Jersey","021","Mercer","40.283092","-74.742613"
"09/08/2007","AQS","340210005","1","0.068","ppm","93","Rider University","17","100.0000","44201","Ozone","45940","Trenton, NJ","34","New Jersey","021","Mercer","40.283092","-74.742613"
"09/09/2007","AQS","340210005","1","0.042","ppm","39","Rider University","17","100.0000","44201","Ozone","45940","Trenton, NJ","34","New Jersey","021","Mercer","40.283092","-74.742613"
"09/10/2007","AQS","340210005","1","0.045","ppm","42","Rider University","17","100.0000","44201","Ozone","45940","Trenton, NJ","34","New Jersey","021","Mercer","40.283092","-74.742613"
"09/11/2007","AQS","340210005","1","0.029","ppm","27","Rider University","17","100.0000","44201","Ozone","45940","Trenton, NJ","34","New Jersey","021","Mercer","40.283092","-74.742613"
"09/12/2007","AQS","340210005","1","0.039","ppm","36","Rider University","17","100.0000","44201","Ozone","45940","Trenton, NJ","34","New Jersey","021","Mercer","40.283092","-74.742613"
"09/13/2007","AQS","340210005","1","0.045","ppm","42","Rider University","17","100.0000","44201","Ozone","45940","Trenton, NJ","34","New Jersey","021","Mercer","40.283092","-74.742613"
"09/14/2007","AQS","340210005","1","0.053","ppm","49","Rider University","17","100.0000","44201","Ozone","45940","Trenton, NJ","34","New Jersey","021","Mercer","40.283092","-74.742613"
"09/15/2007","AQS","340210005","1","0.031","ppm","29","Rider University","17","100.0000","44201","Ozone","45940","Trenton, NJ","34","New Jersey","021","Mercer","40.283092","-74.742613"
"09/16/2007","AQS","340210005","1","0.025","ppm","23","Rider University","17","100.0000","44201","Ozone","45940","Trenton, NJ","34","New Jersey","021","Mercer","40.283092","-74.742613"
"09/17/2007","AQS","340210005","1","0.033","ppm","31","Rider University","17","100.0000","44201","Ozone","45940","Trenton, NJ","34","New Jersey","021","Mercer","40.283092","-74.742613"
"09/18/2007","AQS","340210005","1","0.033","ppm","31","Rider University","17","100.0000","44201","Ozone","45940","Trenton, NJ","34","New Jersey","021","Mercer","40.283092","-74.742613"
"09/19/2007","AQS","340210005","1","0.038","ppm","35","Rider University","17","100.0000","44201","Ozone","45940","Trenton, NJ","34","New Jersey","021","Mercer","40.283092","-74.742613"
"09/20/2007","AQS","340210005","1","0.056","ppm","54","Rider University","17","100.0000","44201","Ozone","45940","Trenton, NJ","34","New Jersey","021","Mercer","40.283092","-74.742613"
"09/21/2007","AQS","340210005","1","0.075","ppm","115","Rider University","17","100.0000","44201","Ozone","45940","Trenton, NJ","34","New Jersey","021","Mercer","40.283092","-74.742613"
"09/22/2007","AQS","340210005","1","0.025","ppm","23","Rider University","17","100.0000","44201","Ozone","45940","Trenton, NJ","34","New Jersey","021","Mercer","40.283092","-74.742613"
"09/23/2007","AQS","340210005","1","0.046","ppm","43","Rider University","17","100.0000","44201","Ozone","45940","Trenton, NJ","34","New Jersey","021","Mercer","40.283092","-74.742613"
"09/24/2007","AQS","340210005","1","0.045","ppm","42","Rider University","17","100.0000","44201","Ozone","45940","Trenton, NJ","34","New Jersey","021","Mercer","40.283092","-74.742613"
"09/25/2007","AQS","340210005","1","0.069","ppm","97","Rider University","17","100.0000","44201","Ozone","45940","Trenton, NJ","34","New Jersey","021","Mercer","40.283092","-74.742613"
"09/26/2007","AQS","340210005","1","0.075","ppm","115","Rider University","17","100.0000","44201","Ozone","45940","Trenton, NJ","34","New Jersey","021","Mercer","40.283092","-74.742613"
"09/27/2007","AQS","340210005","1","0.036","ppm","33","Rider University","17","100.0000","44201","Ozone","45940","Trenton, NJ","34","New Jersey","021","Mercer","40.283092","-74.742613"
"09/29/2007","AQS","340210005","1","0.036","ppm","33","Rider University","17","100.0000","44201","Ozone","45940","Trenton, NJ","34","New Jersey","021","Mercer","40.283092","-74.742613"
"09/30/2007","AQS","340210005","1","0.04","ppm","37","Rider University","17","100.0000","44201","Ozone","45940","Trenton, NJ","34","New Jersey","021","Mercer","40.283092","-74.742613"
"10/01/2007","AQS","340210005","1","0.038","ppm","35","Rider University","17","100.0000","44201","Ozone","45940","Trenton, NJ","34","New Jersey","021","Mercer","40.283092","-74.742613"
"10/02/2007","AQS","340210005","1","0.037","ppm","34","Rider University","17","100.0000","44201","Ozone","45940","Trenton, NJ","34","New Jersey","021","Mercer","40.283092","-74.742613"
"10/03/2007","AQS","340210005","1","0.035","ppm","32","Rider University","17","100.0000","44201","Ozone","45940","Trenton, NJ","34","New Jersey","021","Mercer","40.283092","-74.742613"
"10/04/2007","AQS","340210005","1","0.047","ppm","44","Rider University","17","100.0000","44201","Ozone","45940","Trenton, NJ","34","New Jersey","021","Mercer","40.283092","-74.742613"
"10/05/2007","AQS","340210005","1","0.029","ppm","27","Rider University","17","100.0000","44201","Ozone","45940","Trenton, NJ","34","New Jersey","021","Mercer","40.283092","-74.742613"
"10/06/2007","AQS","340210005","1","0.038","ppm","35","Rider University","17","100.0000","44201","Ozone","45940","Trenton, NJ","34","New Jersey","021","Mercer","40.283092","-74.742613"
"10/07/2007","AQS","340210005","1","0.043","ppm","40","Rider University","17","100.0000","44201","Ozone","45940","Trenton, NJ","34","New Jersey","021","Mercer","40.283092","-74.742613"
"10/08/2007","AQS","340210005","1","0.062","ppm","74","Rider University","17","100.0000","44201","Ozone","45940","Trenton, NJ","34","New Jersey","021","Mercer","40.283092","-74.742613"
"10/09/2007","AQS","340210005","1","0.032","ppm","30","Rider University","17","100.0000","44201","Ozone","45940","Trenton, NJ","34","New Jersey","021","Mercer","40.283092","-74.742613"
"10/10/2007","AQS","340210005","1","0.033","ppm","31","Rider University","17","100.0000","44201","Ozone","45940","Trenton, NJ","34","New Jersey","021","Mercer","40.283092","-74.742613"
"10/11/2007","AQS","340210005","1","0.03","ppm","28","Rider University","17","100.0000","44201","Ozone","45940","Trenton, NJ","34","New Jersey","021","Mercer","40.283092","-74.742613"
"10/12/2007","AQS","340210005","1","0.03","ppm","28","Rider University","17","100.0000","44201","Ozone","45940","Trenton, NJ","34","New Jersey","021","Mercer","40.283092","-74.742613"
"10/13/2007","AQS","340210005","1","0.035","ppm","32","Rider University","17","100.0000","44201","Ozone","45940","Trenton, NJ","34","New Jersey","021","Mercer","40.283092","-74.742613"
"10/14/2007","AQS","340210005","1","0.036","ppm","33","Rider University","17","100.0000","44201","Ozone","45940","Trenton, NJ","34","New Jersey","021","Mercer","40.283092","-74.742613"
"10/15/2007","AQS","340210005","1","0.034","ppm","31","Rider University","17","100.0000","44201","Ozone","45940","Trenton, NJ","34","New Jersey","021","Mercer","40.283092","-74.742613"
"10/16/2007","AQS","340210005","1","0.026","ppm","24","Rider University","17","100.0000","44201","Ozone","45940","Trenton, NJ","34","New Jersey","021","Mercer","40.283092","-74.742613"
"10/17/2007","AQS","340210005","1","0.042","ppm","39","Rider University","17","100.0000","44201","Ozone","45940","Trenton, NJ","34","New Jersey","021","Mercer","40.283092","-74.742613"
"10/18/2007","AQS","340210005","1","0.034","ppm","31","Rider University","17","100.0000","44201","Ozone","45940","Trenton, NJ","34","New Jersey","021","Mercer","40.283092","-74.742613"
"10/19/2007","AQS","340210005","1","0.031","ppm","29","Rider University","17","100.0000","44201","Ozone","45940","Trenton, NJ","34","New Jersey","021","Mercer","40.283092","-74.742613"
"10/20/2007","AQS","340210005","1","0.04","ppm","37","Rider University","17","100.0000","44201","Ozone","45940","Trenton, NJ","34","New Jersey","021","Mercer","40.283092","-74.742613"
"10/21/2007","AQS","340210005","1","0.043","ppm","40","Rider University","17","100.0000","44201","Ozone","45940","Trenton, NJ","34","New Jersey","021","Mercer","40.283092","-74.742613"
"10/22/2007","AQS","340210005","1","0.048","ppm","44","Rider University","17","100.0000","44201","Ozone","45940","Trenton, NJ","34","New Jersey","021","Mercer","40.283092","-74.742613"
"10/23/2007","AQS","340210005","1","0.046","ppm","43","Rider University","17","100.0000","44201","Ozone","45940","Trenton, NJ","34","New Jersey","021","Mercer","40.283092","-74.742613"
"10/24/2007","AQS","340210005","1","0.025","ppm","23","Rider University","17","100.0000","44201","Ozone","45940","Trenton, NJ","34","New Jersey","021","Mercer","40.283092","-74.742613"
"10/25/2007","AQS","340210005","1","0.02","ppm","19","Rider University","17","100.0000","44201","Ozone","45940","Trenton, NJ","34","New Jersey","021","Mercer","40.283092","-74.742613"
"10/26/2007","AQS","340210005","1","0.024","ppm","22","Rider University","17","100.0000","44201","Ozone","45940","Trenton, NJ","34","New Jersey","021","Mercer","40.283092","-74.742613"
"10/27/2007","AQS","340210005","1","0.029","ppm","27","Rider University","17","100.0000","44201","Ozone","45940","Trenton, NJ","34","New Jersey","021","Mercer","40.283092","-74.742613"
"10/28/2007","AQS","340210005","1","0.034","ppm","31","Rider University","17","100.0000","44201","Ozone","45940","Trenton, NJ","34","New Jersey","021","Mercer","40.283092","-74.742613"
"10/29/2007","AQS","340210005","1","0.028","ppm","26","Rider University","17","100.0000","44201","Ozone","45940","Trenton, NJ","34","New Jersey","021","Mercer","40.283092","-74.742613"
"10/30/2007","AQS","340210005","1","0.034","ppm","31","Rider University","17","100.0000","44201","Ozone","45940","Trenton, NJ","34","New Jersey","021","Mercer","40.283092","-74.742613"
"10/31/2007","AQS","340210005","1","0.039","ppm","36","Rider University","17","100.0000","44201","Ozone","45940","Trenton, NJ","34","New Jersey","021","Mercer","40.283092","-74.742613"
"11/01/2007","AQS","340210005","1","0.028","ppm","26","Rider University","17","100.0000","44201","Ozone","45940","Trenton, NJ","34","New Jersey","021","Mercer","40.283092","-74.742613"
"11/02/2007","AQS","340210005","1","0.024","ppm","22","Rider University","17","100.0000","44201","Ozone","45940","Trenton, NJ","34","New Jersey","021","Mercer","40.283092","-74.742613"
"11/03/2007","AQS","340210005","1","0.033","ppm","31","Rider University","17","100.0000","44201","Ozone","45940","Trenton, NJ","34","New Jersey","021","Mercer","40.283092","-74.742613"
"11/04/2007","AQS","340210005","1","0.035","ppm","32","Rider University","17","100.0000","44201","Ozone","45940","Trenton, NJ","34","New Jersey","021","Mercer","40.283092","-74.742613"
"11/05/2007","AQS","340210005","1","0.033","ppm","31","Rider University","17","100.0000","44201","Ozone","45940","Trenton, NJ","34","New Jersey","021","Mercer","40.283092","-74.742613"
"11/06/2007","AQS","340210005","1","0.03","ppm","28","Rider University","17","100.0000","44201","Ozone","45940","Trenton, NJ","34","New Jersey","021","Mercer","40.283092","-74.742613"
"11/07/2007","AQS","340210005","1","0.028","ppm","26","Rider University","17","100.0000","44201","Ozone","45940","Trenton, NJ","34","New Jersey","021","Mercer","40.283092","-74.742613"
"11/08/2007","AQS","340210005","1","0.033","ppm","31","Rider University","17","100.0000","44201","Ozone","45940","Trenton, NJ","34","New Jersey","021","Mercer","40.283092","-74.742613"
"11/09/2007","AQS","340210005","1","0.024","ppm","22","Rider University","17","100.0000","44201","Ozone","45940","Trenton, NJ","34","New Jersey","021","Mercer","40.283092","-74.742613"
"11/10/2007","AQS","340210005","1","0.02","ppm","19","Rider University","17","100.0000","44201","Ozone","45940","Trenton, NJ","34","New Jersey","021","Mercer","40.283092","-74.742613"
"11/11/2007","AQS","340210005","1","0.032","ppm","30","Rider University","17","100.0000","44201","Ozone","45940","Trenton, NJ","34","New Jersey","021","Mercer","40.283092","-74.742613"
"11/12/2007","AQS","340210005","1","0.012","ppm","11","Rider University","17","100.0000","44201","Ozone","45940","Trenton, NJ","34","New Jersey","021","Mercer","40.283092","-74.742613"
"11/13/2007","AQS","340210005","1","0.007","ppm","6","Rider University","17","100.0000","44201","Ozone","45940","Trenton, NJ","34","New Jersey","021","Mercer","40.283092","-74.742613"
"11/14/2007","AQS","340210005","1","0.013","ppm","12","Rider University","17","100.0000","44201","Ozone","45940","Trenton, NJ","34","New Jersey","021","Mercer","40.283092","-74.742613"
"11/15/2007","AQS","340210005","1","0.022","ppm","20","Rider University","17","100.0000","44201","Ozone","45940","Trenton, NJ","34","New Jersey","021","Mercer","40.283092","-74.742613"
"11/16/2007","AQS","340210005","1","0.026","ppm","24","Rider University","17","100.0000","44201","Ozone","45940","Trenton, NJ","34","New Jersey","021","Mercer","40.283092","-74.742613"
"11/17/2007","AQS","340210005","1","0.023","ppm","21","Rider University","17","100.0000","44201","Ozone","45940","Trenton, NJ","34","New Jersey","021","Mercer","40.283092","-74.742613"
"11/18/2007","AQS","340210005","1","0.026","ppm","24","Rider University","17","100.0000","44201","Ozone","45940","Trenton, NJ","34","New Jersey","021","Mercer","40.283092","-74.742613"
"11/19/2007","AQS","340210005","1","0.005","ppm","5","Rider University","17","100.0000","44201","Ozone","45940","Trenton, NJ","34","New Jersey","021","Mercer","40.283092","-74.742613"
"11/20/2007","AQS","340210005","1","0.005","ppm","5","Rider University","17","100.0000","44201","Ozone","45940","Trenton, NJ","34","New Jersey","021","Mercer","40.283092","-74.742613"
"11/21/2007","AQS","340210005","1","0.006","ppm","6","Rider University","17","100.0000","44201","Ozone","45940","Trenton, NJ","34","New Jersey","021","Mercer","40.283092","-74.742613"
"11/22/2007","AQS","340210005","1","0.034","ppm","31","Rider University","17","100.0000","44201","Ozone","45940","Trenton, NJ","34","New Jersey","021","Mercer","40.283092","-74.742613"
"11/23/2007","AQS","340210005","1","0.033","ppm","31","Rider University","17","100.0000","44201","Ozone","45940","Trenton, NJ","34","New Jersey","021","Mercer","40.283092","-74.742613"
"11/24/2007","AQS","340210005","1","0.029","ppm","27","Rider University","17","100.0000","44201","Ozone","45940","Trenton, NJ","34","New Jersey","021","Mercer","40.283092","-74.742613"
"11/25/2007","AQS","340210005","1","0.022","ppm","20","Rider University","17","100.0000","44201","Ozone","45940","Trenton, NJ","34","New Jersey","021","Mercer","40.283092","-74.742613"
"11/26/2007","AQS","340210005","1","0.019","ppm","18","Rider University","17","100.0000","44201","Ozone","45940","Trenton, NJ","34","New Jersey","021","Mercer","40.283092","-74.742613"
"11/27/2007","AQS","340210005","1","0.025","ppm","23","Rider University","17","100.0000","44201","Ozone","45940","Trenton, NJ","34","New Jersey","021","Mercer","40.283092","-74.742613"
"11/28/2007","AQS","340210005","1","0.025","ppm","23","Rider University","17","100.0000","44201","Ozone","45940","Trenton, NJ","34","New Jersey","021","Mercer","40.283092","-74.742613"
"11/29/2007","AQS","340210005","1","0.028","ppm","26","Rider University","17","100.0000","44201","Ozone","45940","Trenton, NJ","34","New Jersey","021","Mercer","40.283092","-74.742613"
"11/30/2007","AQS","340210005","1","0.021","ppm","19","Rider University","17","100.0000","44201","Ozone","45940","Trenton, NJ","34","New Jersey","021","Mercer","40.283092","-74.742613"
"12/01/2007","AQS","340210005","1","0.033","ppm","31","Rider University","17","100.0000","44201","Ozone","45940","Trenton, NJ","34","New Jersey","021","Mercer","40.283092","-74.742613"
"12/02/2007","AQS","340210005","1","0.015","ppm","14","Rider University","17","100.0000","44201","Ozone","45940","Trenton, NJ","34","New Jersey","021","Mercer","40.283092","-74.742613"
"12/03/2007","AQS","340210005","1","0.035","ppm","32","Rider University","17","100.0000","44201","Ozone","45940","Trenton, NJ","34","New Jersey","021","Mercer","40.283092","-74.742613"
"12/04/2007","AQS","340210005","1","0.034","ppm","31","Rider University","17","100.0000","44201","Ozone","45940","Trenton, NJ","34","New Jersey","021","Mercer","40.283092","-74.742613"
"12/05/2007","AQS","340210005","1","0.024","ppm","22","Rider University","17","100.0000","44201","Ozone","45940","Trenton, NJ","34","New Jersey","021","Mercer","40.283092","-74.742613"
"12/06/2007","AQS","340210005","1","0.031","ppm","29","Rider University","17","100.0000","44201","Ozone","45940","Trenton, NJ","34","New Jersey","021","Mercer","40.283092","-74.742613"
"12/07/2007","AQS","340210005","1","0.005","ppm","5","Rider University","17","100.0000","44201","Ozone","45940","Trenton, NJ","34","New Jersey","021","Mercer","40.283092","-74.742613"
"12/08/2007","AQS","340210005","1","0.017","ppm","16","Rider University","17","100.0000","44201","Ozone","45940","Trenton, NJ","34","New Jersey","021","Mercer","40.283092","-74.742613"
"12/09/2007","AQS","340210005","1","0.018","ppm","17","Rider University","17","100.0000","44201","Ozone","45940","Trenton, NJ","34","New Jersey","021","Mercer","40.283092","-74.742613"
"12/10/2007","AQS","340210005","1","0.001","ppm","1","Rider University","17","100.0000","44201","Ozone","45940","Trenton, NJ","34","New Jersey","021","Mercer","40.283092","-74.742613"
"12/11/2007","AQS","340210005","1","0.004","ppm","4","Rider University","17","100.0000","44201","Ozone","45940","Trenton, NJ","34","New Jersey","021","Mercer","40.283092","-74.742613"
"12/12/2007","AQS","340210005","1","0.024","ppm","22","Rider University","17","100.0000","44201","Ozone","45940","Trenton, NJ","34","New Jersey","021","Mercer","40.283092","-74.742613"
"12/13/2007","AQS","340210005","1","0.01","ppm","9","Rider University","17","100.0000","44201","Ozone","45940","Trenton, NJ","34","New Jersey","021","Mercer","40.283092","-74.742613"
"12/14/2007","AQS","340210005","1","0.021","ppm","19","Rider University","17","100.0000","44201","Ozone","45940","Trenton, NJ","34","New Jersey","021","Mercer","40.283092","-74.742613"
"12/15/2007","AQS","340210005","1","0.031","ppm","29","Rider University","17","100.0000","44201","Ozone","45940","Trenton, NJ","34","New Jersey","021","Mercer","40.283092","-74.742613"
"12/16/2007","AQS","340210005","1","0.035","ppm","32","Rider University","17","100.0000","44201","Ozone","45940","Trenton, NJ","34","New Jersey","021","Mercer","40.283092","-74.742613"
"12/17/2007","AQS","340210005","1","0.039","ppm","36","Rider University","17","100.0000","44201","Ozone","45940","Trenton, NJ","34","New Jersey","021","Mercer","40.283092","-74.742613"
"12/18/2007","AQS","340210005","1","0.025","ppm","23","Rider University","17","100.0000","44201","Ozone","45940","Trenton, NJ","34","New Jersey","021","Mercer","40.283092","-74.742613"
"12/19/2007","AQS","340210005","1","0.022","ppm","20","Rider University","17","100.0000","44201","Ozone","45940","Trenton, NJ","34","New Jersey","021","Mercer","40.283092","-74.742613"
"12/20/2007","AQS","340210005","1","0.025","ppm","23","Rider University","17","100.0000","44201","Ozone","45940","Trenton, NJ","34","New Jersey","021","Mercer","40.283092","-74.742613"
"12/21/2007","AQS","340210005","1","0.024","ppm","22","Rider University","17","100.0000","44201","Ozone","45940","Trenton, NJ","34","New Jersey","021","Mercer","40.283092","-74.742613"
"12/22/2007","AQS","340210005","1","0.017","ppm","16","Rider University","17","100.0000","44201","Ozone","45940","Trenton, NJ","34","New Jersey","021","Mercer","40.283092","-74.742613"
"12/23/2007","AQS","340210005","1","0.038","ppm","35","Rider University","17","100.0000","44201","Ozone","45940","Trenton, NJ","34","New Jersey","021","Mercer","40.283092","-74.742613"
"12/25/2007","AQS","340210005","1","0.022","ppm","20","Rider University","17","100.0000","44201","Ozone","45940","Trenton, NJ","34","New Jersey","021","Mercer","40.283092","-74.742613"
"12/26/2007","AQS","340210005","1","0.007","ppm","6","Rider University","17","100.0000","44201","Ozone","45940","Trenton, NJ","34","New Jersey","021","Mercer","40.283092","-74.742613"
"12/27/2007","AQS","340210005","1","0.009","ppm","8","Rider University","17","100.0000","44201","Ozone","45940","Trenton, NJ","34","New Jersey","021","Mercer","40.283092","-74.742613"
"12/28/2007","AQS","340210005","1","0.026","ppm","24","Rider University","17","100.0000","44201","Ozone","45940","Trenton, NJ","34","New Jersey","021","Mercer","40.283092","-74.742613"
"12/29/2007","AQS","340210005","1","0.023","ppm","21","Rider University","17","100.0000","44201","Ozone","45940","Trenton, NJ","34","New Jersey","021","Mercer","40.283092","-74.742613"
"12/30/2007","AQS","340210005","1","0.016","ppm","15","Rider University","17","100.0000","44201","Ozone","45940","Trenton, NJ","34","New Jersey","021","Mercer","40.283092","-74.742613"
"01/01/2007","AQS","340219991","9","0.024","ppm","22","Wash. Crossing","17","100.0000","44201","Ozone","45940","Trenton, NJ","34","New Jersey","021","Mercer","40.3125","-74.8729"
"01/02/2007","AQS","340219991","9","0.033","ppm","31","Wash. Crossing","17","100.0000","44201","Ozone","45940","Trenton, NJ","34","New Jersey","021","Mercer","40.3125","-74.8729"
"01/03/2007","AQS","340219991","9","0.012","ppm","11","Wash. Crossing","17","100.0000","44201","Ozone","45940","Trenton, NJ","34","New Jersey","021","Mercer","40.3125","-74.8729"
"01/04/2007","AQS","340219991","9","0.01","ppm","9","Wash. Crossing","17","100.0000","44201","Ozone","45940","Trenton, NJ","34","New Jersey","021","Mercer","40.3125","-74.8729"
"01/05/2007","AQS","340219991","9","0.014","ppm","13","Wash. Crossing","17","100.0000","44201","Ozone","45940","Trenton, NJ","34","New Jersey","021","Mercer","40.3125","-74.8729"
"01/06/2007","AQS","340219991","9","0.029","ppm","27","Wash. Crossing","17","100.0000","44201","Ozone","45940","Trenton, NJ","34","New Jersey","021","Mercer","40.3125","-74.8729"
"01/07/2007","AQS","340219991","9","0.03","ppm","28","Wash. Crossing","17","100.0000","44201","Ozone","45940","Trenton, NJ","34","New Jersey","021","Mercer","40.3125","-74.8729"
"01/08/2007","AQS","340219991","9","0.029","ppm","27","Wash. Crossing","17","100.0000","44201","Ozone","45940","Trenton, NJ","34","New Jersey","021","Mercer","40.3125","-74.8729"
"01/09/2007","AQS","340219991","9","0.027","ppm","25","Wash. Crossing","17","100.0000","44201","Ozone","45940","Trenton, NJ","34","New Jersey","021","Mercer","40.3125","-74.8729"
"01/10/2007","AQS","340219991","9","0.03","ppm","28","Wash. Crossing","17","100.0000","44201","Ozone","45940","Trenton, NJ","34","New Jersey","021","Mercer","40.3125","-74.8729"
"01/11/2007","AQS","340219991","9","0.018","ppm","17","Wash. Crossing","17","100.0000","44201","Ozone","45940","Trenton, NJ","34","New Jersey","021","Mercer","40.3125","-74.8729"
"01/12/2007","AQS","340219991","9","0.009","ppm","8","Wash. Crossing","17","100.0000","44201","Ozone","45940","Trenton, NJ","34","New Jersey","021","Mercer","40.3125","-74.8729"
"01/13/2007","AQS","340219991","9","0.013","ppm","12","Wash. Crossing","17","100.0000","44201","Ozone","45940","Trenton, NJ","34","New Jersey","021","Mercer","40.3125","-74.8729"
"01/14/2007","AQS","340219991","9","0.003","ppm","3","Wash. Crossing","17","100.0000","44201","Ozone","45940","Trenton, NJ","34","New Jersey","021","Mercer","40.3125","-74.8729"
"01/15/2007","AQS","340219991","9","0.016","ppm","15","Wash. Crossing","17","100.0000","44201","Ozone","45940","Trenton, NJ","34","New Jersey","021","Mercer","40.3125","-74.8729"
"01/16/2007","AQS","340219991","9","0.03","ppm","28","Wash. Crossing","17","100.0000","44201","Ozone","45940","Trenton, NJ","34","New Jersey","021","Mercer","40.3125","-74.8729"
"01/17/2007","AQS","340219991","9","0.031","ppm","29","Wash. Crossing","17","100.0000","44201","Ozone","45940","Trenton, NJ","34","New Jersey","021","Mercer","40.3125","-74.8729"
"01/18/2007","AQS","340219991","9","0.009","ppm","8","Wash. Crossing","17","100.0000","44201","Ozone","45940","Trenton, NJ","34","New Jersey","021","Mercer","40.3125","-74.8729"
"01/19/2007","AQS","340219991","9","0.029","ppm","27","Wash. Crossing","17","100.0000","44201","Ozone","45940","Trenton, NJ","34","New Jersey","021","Mercer","40.3125","-74.8729"
"01/20/2007","AQS","340219991","9","0.034","ppm","31","Wash. Crossing","17","100.0000","44201","Ozone","45940","Trenton, NJ","34","New Jersey","021","Mercer","40.3125","-74.8729"
"01/21/2007","AQS","340219991","9","0.03","ppm","28","Wash. Crossing","17","100.0000","44201","Ozone","45940","Trenton, NJ","34","New Jersey","021","Mercer","40.3125","-74.8729"
"01/22/2007","AQS","340219991","9","0.013","ppm","12","Wash. Crossing","17","100.0000","44201","Ozone","45940","Trenton, NJ","34","New Jersey","021","Mercer","40.3125","-74.8729"
"01/23/2007","AQS","340219991","9","0.026","ppm","24","Wash. Crossing","17","100.0000","44201","Ozone","45940","Trenton, NJ","34","New Jersey","021","Mercer","40.3125","-74.8729"
"01/24/2007","AQS","340219991","9","0.023","ppm","21","Wash. Crossing","17","100.0000","44201","Ozone","45940","Trenton, NJ","34","New Jersey","021","Mercer","40.3125","-74.8729"
"01/25/2007","AQS","340219991","9","0.033","ppm","31","Wash. Crossing","17","100.0000","44201","Ozone","45940","Trenton, NJ","34","New Jersey","021","Mercer","40.3125","-74.8729"
"01/26/2007","AQS","340219991","9","0.033","ppm","31","Wash. Crossing","17","100.0000","44201","Ozone","45940","Trenton, NJ","34","New Jersey","021","Mercer","40.3125","-74.8729"
"01/27/2007","AQS","340219991","9","0.019","ppm","18","Wash. Crossing","17","100.0000","44201","Ozone","45940","Trenton, NJ","34","New Jersey","021","Mercer","40.3125","-74.8729"
"01/28/2007","AQS","340219991","9","0.028","ppm","26","Wash. Crossing","17","100.0000","44201","Ozone","45940","Trenton, NJ","34","New Jersey","021","Mercer","40.3125","-74.8729"
"01/29/2007","AQS","340219991","9","0.033","ppm","31","Wash. Crossing","17","100.0000","44201","Ozone","45940","Trenton, NJ","34","New Jersey","021","Mercer","40.3125","-74.8729"
"01/30/2007","AQS","340219991","9","0.024","ppm","22","Wash. Crossing","17","100.0000","44201","Ozone","45940","Trenton, NJ","34","New Jersey","021","Mercer","40.3125","-74.8729"
"01/31/2007","AQS","340219991","9","0.027","ppm","25","Wash. Crossing","17","100.0000","44201","Ozone","45940","Trenton, NJ","34","New Jersey","021","Mercer","40.3125","-74.8729"
"02/01/2007","AQS","340219991","9","0.017","ppm","16","Wash. Crossing","17","100.0000","44201","Ozone","45940","Trenton, NJ","34","New Jersey","021","Mercer","40.3125","-74.8729"
"02/02/2007","AQS","340219991","9","0.025","ppm","23","Wash. Crossing","17","100.0000","44201","Ozone","45940","Trenton, NJ","34","New Jersey","021","Mercer","40.3125","-74.8729"
"02/03/2007","AQS","340219991","9","0.033","ppm","31","Wash. Crossing","17","100.0000","44201","Ozone","45940","Trenton, NJ","34","New Jersey","021","Mercer","40.3125","-74.8729"
"02/04/2007","AQS","340219991","9","0.032","ppm","30","Wash. Crossing","17","100.0000","44201","Ozone","45940","Trenton, NJ","34","New Jersey","021","Mercer","40.3125","-74.8729"
"02/05/2007","AQS","340219991","9","0.031","ppm","29","Wash. Crossing","17","100.0000","44201","Ozone","45940","Trenton, NJ","34","New Jersey","021","Mercer","40.3125","-74.8729"
"02/06/2007","AQS","340219991","9","0.029","ppm","27","Wash. Crossing","17","100.0000","44201","Ozone","45940","Trenton, NJ","34","New Jersey","021","Mercer","40.3125","-74.8729"
"02/07/2007","AQS","340219991","9","0.031","ppm","29","Wash. Crossing","17","100.0000","44201","Ozone","45940","Trenton, NJ","34","New Jersey","021","Mercer","40.3125","-74.8729"
"02/08/2007","AQS","340219991","9","0.03","ppm","28","Wash. Crossing","17","100.0000","44201","Ozone","45940","Trenton, NJ","34","New Jersey","021","Mercer","40.3125","-74.8729"
"02/09/2007","AQS","340219991","9","0.031","ppm","29","Wash. Crossing","17","100.0000","44201","Ozone","45940","Trenton, NJ","34","New Jersey","021","Mercer","40.3125","-74.8729"
"02/10/2007","AQS","340219991","9","0.031","ppm","29","Wash. Crossing","17","100.0000","44201","Ozone","45940","Trenton, NJ","34","New Jersey","021","Mercer","40.3125","-74.8729"
"02/11/2007","AQS","340219991","9","0.032","ppm","30","Wash. Crossing","17","100.0000","44201","Ozone","45940","Trenton, NJ","34","New Jersey","021","Mercer","40.3125","-74.8729"
"02/12/2007","AQS","340219991","9","0.025","ppm","23","Wash. Crossing","17","100.0000","44201","Ozone","45940","Trenton, NJ","34","New Jersey","021","Mercer","40.3125","-74.8729"
"02/13/2007","AQS","340219991","9","0.023","ppm","21","Wash. Crossing","17","100.0000","44201","Ozone","45940","Trenton, NJ","34","New Jersey","021","Mercer","40.3125","-74.8729"
"02/14/2007","AQS","340219991","9","0.033","ppm","31","Wash. Crossing","17","100.0000","44201","Ozone","45940","Trenton, NJ","34","New Jersey","021","Mercer","40.3125","-74.8729"
"02/15/2007","AQS","340219991","9","0.035","ppm","32","Wash. Crossing","17","100.0000","44201","Ozone","45940","Trenton, NJ","34","New Jersey","021","Mercer","40.3125","-74.8729"
"02/16/2007","AQS","340219991","9","0.036","ppm","33","Wash. Crossing","17","100.0000","44201","Ozone","45940","Trenton, NJ","34","New Jersey","021","Mercer","40.3125","-74.8729"
"02/17/2007","AQS","340219991","9","0.033","ppm","31","Wash. Crossing","17","100.0000","44201","Ozone","45940","Trenton, NJ","34","New Jersey","021","Mercer","40.3125","-74.8729"
"02/18/2007","AQS","340219991","9","0.04","ppm","37","Wash. Crossing","17","100.0000","44201","Ozone","45940","Trenton, NJ","34","New Jersey","021","Mercer","40.3125","-74.8729"
"02/19/2007","AQS","340219991","9","0.039","ppm","36","Wash. Crossing","17","100.0000","44201","Ozone","45940","Trenton, NJ","34","New Jersey","021","Mercer","40.3125","-74.8729"
"02/20/2007","AQS","340219991","9","0.016","ppm","15","Wash. Crossing","17","100.0000","44201","Ozone","45940","Trenton, NJ","34","New Jersey","021","Mercer","40.3125","-74.8729"
"02/21/2007","AQS","340219991","9","0.041","ppm","38","Wash. Crossing","17","100.0000","44201","Ozone","45940","Trenton, NJ","34","New Jersey","021","Mercer","40.3125","-74.8729"
"02/22/2007","AQS","340219991","9","0.031","ppm","29","Wash. Crossing","17","100.0000","44201","Ozone","45940","Trenton, NJ","34","New Jersey","021","Mercer","40.3125","-74.8729"
"02/24/2007","AQS","340219991","9","0.04","ppm","37","Wash. Crossing","17","100.0000","44201","Ozone","45940","Trenton, NJ","34","New Jersey","021","Mercer","40.3125","-74.8729"
"02/25/2007","AQS","340219991","9","0.031","ppm","29","Wash. Crossing","17","100.0000","44201","Ozone","45940","Trenton, NJ","34","New Jersey","021","Mercer","40.3125","-74.8729"
"02/26/2007","AQS","340219991","9","0.018","ppm","17","Wash. Crossing","17","100.0000","44201","Ozone","45940","Trenton, NJ","34","New Jersey","021","Mercer","40.3125","-74.8729"
"02/27/2007","AQS","340219991","9","0.024","ppm","22","Wash. Crossing","17","100.0000","44201","Ozone","45940","Trenton, NJ","34","New Jersey","021","Mercer","40.3125","-74.8729"
"02/28/2007","AQS","340219991","9","0.035","ppm","32","Wash. Crossing","17","100.0000","44201","Ozone","45940","Trenton, NJ","34","New Jersey","021","Mercer","40.3125","-74.8729"
"03/01/2007","AQS","340219991","9","0.036","ppm","33","Wash. Crossing","17","100.0000","44201","Ozone","45940","Trenton, NJ","34","New Jersey","021","Mercer","40.3125","-74.8729"
"03/02/2007","AQS","340219991","9","0.042","ppm","39","Wash. Crossing","17","100.0000","44201","Ozone","45940","Trenton, NJ","34","New Jersey","021","Mercer","40.3125","-74.8729"
"03/03/2007","AQS","340219991","9","0.043","ppm","40","Wash. Crossing","17","100.0000","44201","Ozone","45940","Trenton, NJ","34","New Jersey","021","Mercer","40.3125","-74.8729"
"03/04/2007","AQS","340219991","9","0.039","ppm","36","Wash. Crossing","17","100.0000","44201","Ozone","45940","Trenton, NJ","34","New Jersey","021","Mercer","40.3125","-74.8729"
"03/05/2007","AQS","340219991","9","0.042","ppm","39","Wash. Crossing","17","100.0000","44201","Ozone","45940","Trenton, NJ","34","New Jersey","021","Mercer","40.3125","-74.8729"
"03/06/2007","AQS","340219991","9","0.04","ppm","37","Wash. Crossing","17","100.0000","44201","Ozone","45940","Trenton, NJ","34","New Jersey","021","Mercer","40.3125","-74.8729"
"03/07/2007","AQS","340219991","9","0.025","ppm","23","Wash. Crossing","17","100.0000","44201","Ozone","45940","Trenton, NJ","34","New Jersey","021","Mercer","40.3125","-74.8729"
"03/08/2007","AQS","340219991","9","0.043","ppm","40","Wash. Crossing","17","100.0000","44201","Ozone","45940","Trenton, NJ","34","New Jersey","021","Mercer","40.3125","-74.8729"
"03/09/2007","AQS","340219991","9","0.033","ppm","31","Wash. Crossing","17","100.0000","44201","Ozone","45940","Trenton, NJ","34","New Jersey","021","Mercer","40.3125","-74.8729"
"03/10/2007","AQS","340219991","9","0.043","ppm","40","Wash. Crossing","17","100.0000","44201","Ozone","45940","Trenton, NJ","34","New Jersey","021","Mercer","40.3125","-74.8729"
"03/11/2007","AQS","340219991","9","0.043","ppm","40","Wash. Crossing","17","100.0000","44201","Ozone","45940","Trenton, NJ","34","New Jersey","021","Mercer","40.3125","-74.8729"
"03/12/2007","AQS","340219991","9","0.034","ppm","31","Wash. Crossing","17","100.0000","44201","Ozone","45940","Trenton, NJ","34","New Jersey","021","Mercer","40.3125","-74.8729"
"03/13/2007","AQS","340219991","9","0.043","ppm","40","Wash. Crossing","17","100.0000","44201","Ozone","45940","Trenton, NJ","34","New Jersey","021","Mercer","40.3125","-74.8729"
"03/14/2007","AQS","340219991","9","0.061","ppm","71","Wash. Crossing","17","100.0000","44201","Ozone","45940","Trenton, NJ","34","New Jersey","021","Mercer","40.3125","-74.8729"
"03/15/2007","AQS","340219991","9","0.039","ppm","36","Wash. Crossing","17","100.0000","44201","Ozone","45940","Trenton, NJ","34","New Jersey","021","Mercer","40.3125","-74.8729"
"03/16/2007","AQS","340219991","9","0.035","ppm","32","Wash. Crossing","17","100.0000","44201","Ozone","45940","Trenton, NJ","34","New Jersey","021","Mercer","40.3125","-74.8729"
"03/17/2007","AQS","340219991","9","0.041","ppm","38","Wash. Crossing","17","100.0000","44201","Ozone","45940","Trenton, NJ","34","New Jersey","021","Mercer","40.3125","-74.8729"
"03/18/2007","AQS","340219991","9","0.044","ppm","41","Wash. Crossing","17","100.0000","44201","Ozone","45940","Trenton, NJ","34","New Jersey","021","Mercer","40.3125","-74.8729"
"03/19/2007","AQS","340219991","9","0.038","ppm","35","Wash. Crossing","17","100.0000","44201","Ozone","45940","Trenton, NJ","34","New Jersey","021","Mercer","40.3125","-74.8729"
"03/20/2007","AQS","340219991","9","0.046","ppm","43","Wash. Crossing","17","100.0000","44201","Ozone","45940","Trenton, NJ","34","New Jersey","021","Mercer","40.3125","-74.8729"
"03/21/2007","AQS","340219991","9","0.043","ppm","40","Wash. Crossing","17","100.0000","44201","Ozone","45940","Trenton, NJ","34","New Jersey","021","Mercer","40.3125","-74.8729"
"03/22/2007","AQS","340219991","9","0.048","ppm","44","Wash. Crossing","17","100.0000","44201","Ozone","45940","Trenton, NJ","34","New Jersey","021","Mercer","40.3125","-74.8729"
"03/23/2007","AQS","340219991","9","0.028","ppm","26","Wash. Crossing","17","100.0000","44201","Ozone","45940","Trenton, NJ","34","New Jersey","021","Mercer","40.3125","-74.8729"
"03/24/2007","AQS","340219991","9","0.038","ppm","35","Wash. Crossing","17","100.0000","44201","Ozone","45940","Trenton, NJ","34","New Jersey","021","Mercer","40.3125","-74.8729"
"03/25/2007","AQS","340219991","9","0.041","ppm","38","Wash. Crossing","17","100.0000","44201","Ozone","45940","Trenton, NJ","34","New Jersey","021","Mercer","40.3125","-74.8729"
"03/26/2007","AQS","340219991","9","0.034","ppm","31","Wash. Crossing","17","100.0000","44201","Ozone","45940","Trenton, NJ","34","New Jersey","021","Mercer","40.3125","-74.8729"
"03/27/2007","AQS","340219991","9","0.053","ppm","49","Wash. Crossing","17","100.0000","44201","Ozone","45940","Trenton, NJ","34","New Jersey","021","Mercer","40.3125","-74.8729"
"03/28/2007","AQS","340219991","9","0.048","ppm","44","Wash. Crossing","17","100.0000","44201","Ozone","45940","Trenton, NJ","34","New Jersey","021","Mercer","40.3125","-74.8729"
"03/29/2007","AQS","340219991","9","0.048","ppm","44","Wash. Crossing","17","100.0000","44201","Ozone","45940","Trenton, NJ","34","New Jersey","021","Mercer","40.3125","-74.8729"
"03/30/2007","AQS","340219991","9","0.044","ppm","41","Wash. Crossing","17","100.0000","44201","Ozone","45940","Trenton, NJ","34","New Jersey","021","Mercer","40.3125","-74.8729"
"03/31/2007","AQS","340219991","9","0.039","ppm","36","Wash. Crossing","17","100.0000","44201","Ozone","45940","Trenton, NJ","34","New Jersey","021","Mercer","40.3125","-74.8729"
"04/01/2007","AQS","340219991","9","0.042","ppm","39","Wash. Crossing","17","100.0000","44201","Ozone","45940","Trenton, NJ","34","New Jersey","021","Mercer","40.3125","-74.8729"
"04/02/2007","AQS","340219991","9","0.036","ppm","33","Wash. Crossing","17","100.0000","44201","Ozone","45940","Trenton, NJ","34","New Jersey","021","Mercer","40.3125","-74.8729"
"04/03/2007","AQS","340219991","9","0.039","ppm","36","Wash. Crossing","17","100.0000","44201","Ozone","45940","Trenton, NJ","34","New Jersey","021","Mercer","40.3125","-74.8729"
"04/04/2007","AQS","340219991","9","0.034","ppm","31","Wash. Crossing","17","100.0000","44201","Ozone","45940","Trenton, NJ","34","New Jersey","021","Mercer","40.3125","-74.8729"
"04/05/2007","AQS","340219991","9","0.034","ppm","31","Wash. Crossing","17","100.0000","44201","Ozone","45940","Trenton, NJ","34","New Jersey","021","Mercer","40.3125","-74.8729"
"04/06/2007","AQS","340219991","9","0.037","ppm","34","Wash. Crossing","17","100.0000","44201","Ozone","45940","Trenton, NJ","34","New Jersey","021","Mercer","40.3125","-74.8729"
"04/07/2007","AQS","340219991","9","0.038","ppm","35","Wash. Crossing","17","100.0000","44201","Ozone","45940","Trenton, NJ","34","New Jersey","021","Mercer","40.3125","-74.8729"
"04/08/2007","AQS","340219991","9","0.031","ppm","29","Wash. Crossing","17","100.0000","44201","Ozone","45940","Trenton, NJ","34","New Jersey","021","Mercer","40.3125","-74.8729"
"04/09/2007","AQS","340219991","9","0.039","ppm","36","Wash. Crossing","17","100.0000","44201","Ozone","45940","Trenton, NJ","34","New Jersey","021","Mercer","40.3125","-74.8729"
"04/10/2007","AQS","340219991","9","0.044","ppm","41","Wash. Crossing","17","100.0000","44201","Ozone","45940","Trenton, NJ","34","New Jersey","021","Mercer","40.3125","-74.8729"
"04/11/2007","AQS","340219991","9","0.045","ppm","42","Wash. Crossing","17","100.0000","44201","Ozone","45940","Trenton, NJ","34","New Jersey","021","Mercer","40.3125","-74.8729"
"04/12/2007","AQS","340219991","9","0.039","ppm","36","Wash. Crossing","17","100.0000","44201","Ozone","45940","Trenton, NJ","34","New Jersey","021","Mercer","40.3125","-74.8729"
"04/13/2007","AQS","340219991","9","0.041","ppm","38","Wash. Crossing","17","100.0000","44201","Ozone","45940","Trenton, NJ","34","New Jersey","021","Mercer","40.3125","-74.8729"
"04/14/2007","AQS","340219991","9","0.052","ppm","48","Wash. Crossing","17","100.0000","44201","Ozone","45940","Trenton, NJ","34","New Jersey","021","Mercer","40.3125","-74.8729"
"04/15/2007","AQS","340219991","9","0.044","ppm","41","Wash. Crossing","17","100.0000","44201","Ozone","45940","Trenton, NJ","34","New Jersey","021","Mercer","40.3125","-74.8729"
"04/16/2007","AQS","340219991","9","0.038","ppm","35","Wash. Crossing","17","100.0000","44201","Ozone","45940","Trenton, NJ","34","New Jersey","021","Mercer","40.3125","-74.8729"
"04/17/2007","AQS","340219991","9","0.04","ppm","37","Wash. Crossing","17","100.0000","44201","Ozone","45940","Trenton, NJ","34","New Jersey","021","Mercer","40.3125","-74.8729"
"04/18/2007","AQS","340219991","9","0.037","ppm","34","Wash. Crossing","17","100.0000","44201","Ozone","45940","Trenton, NJ","34","New Jersey","021","Mercer","40.3125","-74.8729"
"04/19/2007","AQS","340219991","9","0.039","ppm","36","Wash. Crossing","17","100.0000","44201","Ozone","45940","Trenton, NJ","34","New Jersey","021","Mercer","40.3125","-74.8729"
"04/20/2007","AQS","340219991","9","0.056","ppm","54","Wash. Crossing","17","100.0000","44201","Ozone","45940","Trenton, NJ","34","New Jersey","021","Mercer","40.3125","-74.8729"
"04/21/2007","AQS","340219991","9","0.056","ppm","54","Wash. Crossing","17","100.0000","44201","Ozone","45940","Trenton, NJ","34","New Jersey","021","Mercer","40.3125","-74.8729"
"04/22/2007","AQS","340219991","9","0.061","ppm","71","Wash. Crossing","17","100.0000","44201","Ozone","45940","Trenton, NJ","34","New Jersey","021","Mercer","40.3125","-74.8729"
"04/23/2007","AQS","340219991","9","0.07","ppm","100","Wash. Crossing","17","100.0000","44201","Ozone","45940","Trenton, NJ","34","New Jersey","021","Mercer","40.3125","-74.8729"
"04/24/2007","AQS","340219991","9","0.054","ppm","50","Wash. Crossing","17","100.0000","44201","Ozone","45940","Trenton, NJ","34","New Jersey","021","Mercer","40.3125","-74.8729"
"04/25/2007","AQS","340219991","9","0.038","ppm","35","Wash. Crossing","17","100.0000","44201","Ozone","45940","Trenton, NJ","34","New Jersey","021","Mercer","40.3125","-74.8729"
"04/26/2007","AQS","340219991","9","0.046","ppm","43","Wash. Crossing","17","100.0000","44201","Ozone","45940","Trenton, NJ","34","New Jersey","021","Mercer","40.3125","-74.8729"
"04/27/2007","AQS","340219991","9","0.016","ppm","15","Wash. Crossing","17","100.0000","44201","Ozone","45940","Trenton, NJ","34","New Jersey","021","Mercer","40.3125","-74.8729"
"04/28/2007","AQS","340219991","9","0.04","ppm","37","Wash. Crossing","17","100.0000","44201","Ozone","45940","Trenton, NJ","34","New Jersey","021","Mercer","40.3125","-74.8729"
"04/29/2007","AQS","340219991","9","0.046","ppm","43","Wash. Crossing","17","100.0000","44201","Ozone","45940","Trenton, NJ","34","New Jersey","021","Mercer","40.3125","-74.8729"
"04/30/2007","AQS","340219991","9","0.06","ppm","67","Wash. Crossing","17","100.0000","44201","Ozone","45940","Trenton, NJ","34","New Jersey","021","Mercer","40.3125","-74.8729"
"05/01/2007","AQS","340219991","9","0.041","ppm","38","Wash. Crossing","17","100.0000","44201","Ozone","45940","Trenton, NJ","34","New Jersey","021","Mercer","40.3125","-74.8729"
"05/02/2007","AQS","340219991","9","0.05","ppm","46","Wash. Crossing","17","100.0000","44201","Ozone","45940","Trenton, NJ","34","New Jersey","021","Mercer","40.3125","-74.8729"
"05/03/2007","AQS","340219991","9","0.05","ppm","46","Wash. Crossing","17","100.0000","44201","Ozone","45940","Trenton, NJ","34","New Jersey","021","Mercer","40.3125","-74.8729"
"05/04/2007","AQS","340219991","9","0.05","ppm","46","Wash. Crossing","17","100.0000","44201","Ozone","45940","Trenton, NJ","34","New Jersey","021","Mercer","40.3125","-74.8729"
"05/05/2007","AQS","340219991","9","0.064","ppm","80","Wash. Crossing","17","100.0000","44201","Ozone","45940","Trenton, NJ","34","New Jersey","021","Mercer","40.3125","-74.8729"
"05/06/2007","AQS","340219991","9","0.043","ppm","40","Wash. Crossing","17","100.0000","44201","Ozone","45940","Trenton, NJ","34","New Jersey","021","Mercer","40.3125","-74.8729"
"05/07/2007","AQS","340219991","9","0.041","ppm","38","Wash. Crossing","17","100.0000","44201","Ozone","45940","Trenton, NJ","34","New Jersey","021","Mercer","40.3125","-74.8729"
"05/08/2007","AQS","340219991","9","0.041","ppm","38","Wash. Crossing","17","100.0000","44201","Ozone","45940","Trenton, NJ","34","New Jersey","021","Mercer","40.3125","-74.8729"
"05/09/2007","AQS","340219991","9","0.034","ppm","31","Wash. Crossing","17","100.0000","44201","Ozone","45940","Trenton, NJ","34","New Jersey","021","Mercer","40.3125","-74.8729"
"05/10/2007","AQS","340219991","9","0.029","ppm","27","Wash. Crossing","17","100.0000","44201","Ozone","45940","Trenton, NJ","34","New Jersey","021","Mercer","40.3125","-74.8729"
"05/11/2007","AQS","340219991","9","0.06","ppm","67","Wash. Crossing","17","100.0000","44201","Ozone","45940","Trenton, NJ","34","New Jersey","021","Mercer","40.3125","-74.8729"
"05/12/2007","AQS","340219991","9","0.044","ppm","41","Wash. Crossing","17","100.0000","44201","Ozone","45940","Trenton, NJ","34","New Jersey","021","Mercer","40.3125","-74.8729"
"05/13/2007","AQS","340219991","9","0.047","ppm","44","Wash. Crossing","17","100.0000","44201","Ozone","45940","Trenton, NJ","34","New Jersey","021","Mercer","40.3125","-74.8729"
"05/14/2007","AQS","340219991","9","0.05","ppm","46","Wash. Crossing","17","100.0000","44201","Ozone","45940","Trenton, NJ","34","New Jersey","021","Mercer","40.3125","-74.8729"
"05/15/2007","AQS","340219991","9","0.077","ppm","122","Wash. Crossing","17","100.0000","44201","Ozone","45940","Trenton, NJ","34","New Jersey","021","Mercer","40.3125","-74.8729"
"05/16/2007","AQS","340219991","9","0.061","ppm","71","Wash. Crossing","17","100.0000","44201","Ozone","45940","Trenton, NJ","34","New Jersey","021","Mercer","40.3125","-74.8729"
"05/17/2007","AQS","340219991","9","0.039","ppm","36","Wash. Crossing","17","100.0000","44201","Ozone","45940","Trenton, NJ","34","New Jersey","021","Mercer","40.3125","-74.8729"
"05/18/2007","AQS","340219991","9","0.034","ppm","31","Wash. Crossing","17","100.0000","44201","Ozone","45940","Trenton, NJ","34","New Jersey","021","Mercer","40.3125","-74.8729"
"05/19/2007","AQS","340219991","9","0.043","ppm","40","Wash. Crossing","17","100.0000","44201","Ozone","45940","Trenton, NJ","34","New Jersey","021","Mercer","40.3125","-74.8729"
"05/20/2007","AQS","340219991","9","0.053","ppm","49","Wash. Crossing","17","100.0000","44201","Ozone","45940","Trenton, NJ","34","New Jersey","021","Mercer","40.3125","-74.8729"
"05/21/2007","AQS","340219991","9","0.045","ppm","42","Wash. Crossing","17","100.0000","44201","Ozone","45940","Trenton, NJ","34","New Jersey","021","Mercer","40.3125","-74.8729"
"05/22/2007","AQS","340219991","9","0.053","ppm","49","Wash. Crossing","17","100.0000","44201","Ozone","45940","Trenton, NJ","34","New Jersey","021","Mercer","40.3125","-74.8729"
"05/23/2007","AQS","340219991","9","0.066","ppm","87","Wash. Crossing","17","100.0000","44201","Ozone","45940","Trenton, NJ","34","New Jersey","021","Mercer","40.3125","-74.8729"
"05/24/2007","AQS","340219991","9","0.073","ppm","108","Wash. Crossing","17","100.0000","44201","Ozone","45940","Trenton, NJ","34","New Jersey","021","Mercer","40.3125","-74.8729"
"05/25/2007","AQS","340219991","9","0.077","ppm","122","Wash. Crossing","17","100.0000","44201","Ozone","45940","Trenton, NJ","34","New Jersey","021","Mercer","40.3125","-74.8729"
"05/26/2007","AQS","340219991","9","0.064","ppm","80","Wash. Crossing","17","100.0000","44201","Ozone","45940","Trenton, NJ","34","New Jersey","021","Mercer","40.3125","-74.8729"
"05/27/2007","AQS","340219991","9","0.081","ppm","136","Wash. Crossing","17","100.0000","44201","Ozone","45940","Trenton, NJ","34","New Jersey","021","Mercer","40.3125","-74.8729"
"05/28/2007","AQS","340219991","9","0.05","ppm","46","Wash. Crossing","17","100.0000","44201","Ozone","45940","Trenton, NJ","34","New Jersey","021","Mercer","40.3125","-74.8729"
"05/29/2007","AQS","340219991","9","0.053","ppm","49","Wash. Crossing","17","100.0000","44201","Ozone","45940","Trenton, NJ","34","New Jersey","021","Mercer","40.3125","-74.8729"
"05/30/2007","AQS","340219991","9","0.067","ppm","90","Wash. Crossing","17","100.0000","44201","Ozone","45940","Trenton, NJ","34","New Jersey","021","Mercer","40.3125","-74.8729"
"05/31/2007","AQS","340219991","9","0.086","ppm","151","Wash. Crossing","17","100.0000","44201","Ozone","45940","Trenton, NJ","34","New Jersey","021","Mercer","40.3125","-74.8729"
"06/01/2007","AQS","340219991","9","0.077","ppm","122","Wash. Crossing","17","100.0000","44201","Ozone","45940","Trenton, NJ","34","New Jersey","021","Mercer","40.3125","-74.8729"
"06/02/2007","AQS","340219991","9","0.079","ppm","129","Wash. Crossing","17","100.0000","44201","Ozone","45940","Trenton, NJ","34","New Jersey","021","Mercer","40.3125","-74.8729"
"06/03/2007","AQS","340219991","9","0.034","ppm","31","Wash. Crossing","17","100.0000","44201","Ozone","45940","Trenton, NJ","34","New Jersey","021","Mercer","40.3125","-74.8729"
"06/04/2007","AQS","340219991","9","0.029","ppm","27","Wash. Crossing","17","100.0000","44201","Ozone","45940","Trenton, NJ","34","New Jersey","021","Mercer","40.3125","-74.8729"
"06/05/2007","AQS","340219991","9","0.053","ppm","49","Wash. Crossing","17","100.0000","44201","Ozone","45940","Trenton, NJ","34","New Jersey","021","Mercer","40.3125","-74.8729"
"06/06/2007","AQS","340219991","9","0.039","ppm","36","Wash. Crossing","17","100.0000","44201","Ozone","45940","Trenton, NJ","34","New Jersey","021","Mercer","40.3125","-74.8729"
"06/07/2007","AQS","340219991","9","0.07","ppm","100","Wash. Crossing","17","100.0000","44201","Ozone","45940","Trenton, NJ","34","New Jersey","021","Mercer","40.3125","-74.8729"
"06/08/2007","AQS","340219991","9","0.095","ppm","174","Wash. Crossing","17","100.0000","44201","Ozone","45940","Trenton, NJ","34","New Jersey","021","Mercer","40.3125","-74.8729"
"06/09/2007","AQS","340219991","9","0.054","ppm","50","Wash. Crossing","17","100.0000","44201","Ozone","45940","Trenton, NJ","34","New Jersey","021","Mercer","40.3125","-74.8729"
"06/10/2007","AQS","340219991","9","0.053","ppm","49","Wash. Crossing","17","100.0000","44201","Ozone","45940","Trenton, NJ","34","New Jersey","021","Mercer","40.3125","-74.8729"
"06/11/2007","AQS","340219991","9","0.048","ppm","44","Wash. Crossing","17","100.0000","44201","Ozone","45940","Trenton, NJ","34","New Jersey","021","Mercer","40.3125","-74.8729"
"06/12/2007","AQS","340219991","9","0.036","ppm","33","Wash. Crossing","14","82.0000","44201","Ozone","45940","Trenton, NJ","34","New Jersey","021","Mercer","40.3125","-74.8729"
"06/13/2007","AQS","340219991","9","0.026","ppm","24","Wash. Crossing","17","100.0000","44201","Ozone","45940","Trenton, NJ","34","New Jersey","021","Mercer","40.3125","-74.8729"
"06/14/2007","AQS","340219991","9","0.023","ppm","21","Wash. Crossing","17","100.0000","44201","Ozone","45940","Trenton, NJ","34","New Jersey","021","Mercer","40.3125","-74.8729"
"06/15/2007","AQS","340219991","9","0.04","ppm","37","Wash. Crossing","17","100.0000","44201","Ozone","45940","Trenton, NJ","34","New Jersey","021","Mercer","40.3125","-74.8729"
"06/16/2007","AQS","340219991","9","0.052","ppm","48","Wash. Crossing","17","100.0000","44201","Ozone","45940","Trenton, NJ","34","New Jersey","021","Mercer","40.3125","-74.8729"
"06/17/2007","AQS","340219991","9","0.067","ppm","90","Wash. Crossing","17","100.0000","44201","Ozone","45940","Trenton, NJ","34","New Jersey","021","Mercer","40.3125","-74.8729"
"06/18/2007","AQS","340219991","9","0.059","ppm","64","Wash. Crossing","17","100.0000","44201","Ozone","45940","Trenton, NJ","34","New Jersey","021","Mercer","40.3125","-74.8729"
"06/19/2007","AQS","340219991","9","0.081","ppm","136","Wash. Crossing","17","100.0000","44201","Ozone","45940","Trenton, NJ","34","New Jersey","021","Mercer","40.3125","-74.8729"
"06/20/2007","AQS","340219991","9","0.04","ppm","37","Wash. Crossing","17","100.0000","44201","Ozone","45940","Trenton, NJ","34","New Jersey","021","Mercer","40.3125","-74.8729"
"06/21/2007","AQS","340219991","9","0.064","ppm","80","Wash. Crossing","17","100.0000","44201","Ozone","45940","Trenton, NJ","34","New Jersey","021","Mercer","40.3125","-74.8729"
"06/22/2007","AQS","340219991","9","0.037","ppm","34","Wash. Crossing","17","100.0000","44201","Ozone","45940","Trenton, NJ","34","New Jersey","021","Mercer","40.3125","-74.8729"
"06/23/2007","AQS","340219991","9","0.042","ppm","39","Wash. Crossing","17","100.0000","44201","Ozone","45940","Trenton, NJ","34","New Jersey","021","Mercer","40.3125","-74.8729"
"06/24/2007","AQS","340219991","9","0.048","ppm","44","Wash. Crossing","17","100.0000","44201","Ozone","45940","Trenton, NJ","34","New Jersey","021","Mercer","40.3125","-74.8729"
"06/25/2007","AQS","340219991","9","0.05","ppm","46","Wash. Crossing","17","100.0000","44201","Ozone","45940","Trenton, NJ","34","New Jersey","021","Mercer","40.3125","-74.8729"
"06/26/2007","AQS","340219991","9","0.059","ppm","64","Wash. Crossing","17","100.0000","44201","Ozone","45940","Trenton, NJ","34","New Jersey","021","Mercer","40.3125","-74.8729"
"06/27/2007","AQS","340219991","9","0.057","ppm","58","Wash. Crossing","17","100.0000","44201","Ozone","45940","Trenton, NJ","34","New Jersey","021","Mercer","40.3125","-74.8729"
"06/28/2007","AQS","340219991","9","0.047","ppm","44","Wash. Crossing","17","100.0000","44201","Ozone","45940","Trenton, NJ","34","New Jersey","021","Mercer","40.3125","-74.8729"
"06/29/2007","AQS","340219991","9","0.019","ppm","18","Wash. Crossing","17","100.0000","44201","Ozone","45940","Trenton, NJ","34","New Jersey","021","Mercer","40.3125","-74.8729"
"06/30/2007","AQS","340219991","9","0.034","ppm","31","Wash. Crossing","17","100.0000","44201","Ozone","45940","Trenton, NJ","34","New Jersey","021","Mercer","40.3125","-74.8729"
"07/01/2007","AQS","340219991","9","0.025","ppm","23","Wash. Crossing","17","100.0000","44201","Ozone","45940","Trenton, NJ","34","New Jersey","021","Mercer","40.3125","-74.8729"
"07/02/2007","AQS","340219991","9","0.025","ppm","23","Wash. Crossing","17","100.0000","44201","Ozone","45940","Trenton, NJ","34","New Jersey","021","Mercer","40.3125","-74.8729"
"07/03/2007","AQS","340219991","9","0.041","ppm","38","Wash. Crossing","17","100.0000","44201","Ozone","45940","Trenton, NJ","34","New Jersey","021","Mercer","40.3125","-74.8729"
"07/04/2007","AQS","340219991","9","0.036","ppm","33","Wash. Crossing","17","100.0000","44201","Ozone","45940","Trenton, NJ","34","New Jersey","021","Mercer","40.3125","-74.8729"
"07/05/2007","AQS","340219991","9","0.043","ppm","40","Wash. Crossing","17","100.0000","44201","Ozone","45940","Trenton, NJ","34","New Jersey","021","Mercer","40.3125","-74.8729"
"07/06/2007","AQS","340219991","9","0.043","ppm","40","Wash. Crossing","17","100.0000","44201","Ozone","45940","Trenton, NJ","34","New Jersey","021","Mercer","40.3125","-74.8729"
"07/07/2007","AQS","340219991","9","0.042","ppm","39","Wash. Crossing","17","100.0000","44201","Ozone","45940","Trenton, NJ","34","New Jersey","021","Mercer","40.3125","-74.8729"
"07/08/2007","AQS","340219991","9","0.061","ppm","71","Wash. Crossing","17","100.0000","44201","Ozone","45940","Trenton, NJ","34","New Jersey","021","Mercer","40.3125","-74.8729"
"07/09/2007","AQS","340219991","9","0.075","ppm","115","Wash. Crossing","17","100.0000","44201","Ozone","45940","Trenton, NJ","34","New Jersey","021","Mercer","40.3125","-74.8729"
"07/10/2007","AQS","340219991","9","0.059","ppm","64","Wash. Crossing","13","76.0000","44201","Ozone","45940","Trenton, NJ","34","New Jersey","021","Mercer","40.3125","-74.8729"
"07/11/2007","AQS","340219991","9","0.051","ppm","47","Wash. Crossing","17","100.0000","44201","Ozone","45940","Trenton, NJ","34","New Jersey","021","Mercer","40.3125","-74.8729"
"07/12/2007","AQS","340219991","9","0.049","ppm","45","Wash. Crossing","17","100.0000","44201","Ozone","45940","Trenton, NJ","34","New Jersey","021","Mercer","40.3125","-74.8729"
"07/13/2007","AQS","340219991","9","0.058","ppm","61","Wash. Crossing","17","100.0000","44201","Ozone","45940","Trenton, NJ","34","New Jersey","021","Mercer","40.3125","-74.8729"
"07/14/2007","AQS","340219991","9","0.073","ppm","108","Wash. Crossing","17","100.0000","44201","Ozone","45940","Trenton, NJ","34","New Jersey","021","Mercer","40.3125","-74.8729"
"07/15/2007","AQS","340219991","9","0.073","ppm","108","Wash. Crossing","17","100.0000","44201","Ozone","45940","Trenton, NJ","34","New Jersey","021","Mercer","40.3125","-74.8729"
"07/16/2007","AQS","340219991","9","0.055","ppm","51","Wash. Crossing","17","100.0000","44201","Ozone","45940","Trenton, NJ","34","New Jersey","021","Mercer","40.3125","-74.8729"
"07/17/2007","AQS","340219991","9","0.068","ppm","93","Wash. Crossing","17","100.0000","44201","Ozone","45940","Trenton, NJ","34","New Jersey","021","Mercer","40.3125","-74.8729"
"07/18/2007","AQS","340219991","9","0.047","ppm","44","Wash. Crossing","17","100.0000","44201","Ozone","45940","Trenton, NJ","34","New Jersey","021","Mercer","40.3125","-74.8729"
"07/19/2007","AQS","340219991","9","0.058","ppm","61","Wash. Crossing","17","100.0000","44201","Ozone","45940","Trenton, NJ","34","New Jersey","021","Mercer","40.3125","-74.8729"
"07/20/2007","AQS","340219991","9","0.045","ppm","42","Wash. Crossing","17","100.0000","44201","Ozone","45940","Trenton, NJ","34","New Jersey","021","Mercer","40.3125","-74.8729"
"07/21/2007","AQS","340219991","9","0.025","ppm","23","Wash. Crossing","17","100.0000","44201","Ozone","45940","Trenton, NJ","34","New Jersey","021","Mercer","40.3125","-74.8729"
"07/22/2007","AQS","340219991","9","0.048","ppm","44","Wash. Crossing","17","100.0000","44201","Ozone","45940","Trenton, NJ","34","New Jersey","021","Mercer","40.3125","-74.8729"
"07/23/2007","AQS","340219991","9","0.026","ppm","24","Wash. Crossing","17","100.0000","44201","Ozone","45940","Trenton, NJ","34","New Jersey","021","Mercer","40.3125","-74.8729"
"07/24/2007","AQS","340219991","9","0.066","ppm","87","Wash. Crossing","17","100.0000","44201","Ozone","45940","Trenton, NJ","34","New Jersey","021","Mercer","40.3125","-74.8729"
"07/25/2007","AQS","340219991","9","0.055","ppm","51","Wash. Crossing","17","100.0000","44201","Ozone","45940","Trenton, NJ","34","New Jersey","021","Mercer","40.3125","-74.8729"
"07/26/2007","AQS","340219991","9","0.054","ppm","50","Wash. Crossing","17","100.0000","44201","Ozone","45940","Trenton, NJ","34","New Jersey","021","Mercer","40.3125","-74.8729"
"07/27/2007","AQS","340219991","9","0.042","ppm","39","Wash. Crossing","17","100.0000","44201","Ozone","45940","Trenton, NJ","34","New Jersey","021","Mercer","40.3125","-74.8729"
"07/28/2007","AQS","340219991","9","0.059","ppm","64","Wash. Crossing","17","100.0000","44201","Ozone","45940","Trenton, NJ","34","New Jersey","021","Mercer","40.3125","-74.8729"
"07/29/2007","AQS","340219991","9","0.044","ppm","41","Wash. Crossing","17","100.0000","44201","Ozone","45940","Trenton, NJ","34","New Jersey","021","Mercer","40.3125","-74.8729"
"07/30/2007","AQS","340219991","9","0.056","ppm","54","Wash. Crossing","17","100.0000","44201","Ozone","45940","Trenton, NJ","34","New Jersey","021","Mercer","40.3125","-74.8729"
"07/31/2007","AQS","340219991","9","0.052","ppm","48","Wash. Crossing","17","100.0000","44201","Ozone","45940","Trenton, NJ","34","New Jersey","021","Mercer","40.3125","-74.8729"
"08/01/2007","AQS","340219991","9","0.05","ppm","46","Wash. Crossing","17","100.0000","44201","Ozone","45940","Trenton, NJ","34","New Jersey","021","Mercer","40.3125","-74.8729"
"08/02/2007","AQS","340219991","9","0.101","ppm","190","Wash. Crossing","17","100.0000","44201","Ozone","45940","Trenton, NJ","34","New Jersey","021","Mercer","40.3125","-74.8729"
"08/03/2007","AQS","340219991","9","0.096","ppm","177","Wash. Crossing","17","100.0000","44201","Ozone","45940","Trenton, NJ","34","New Jersey","021","Mercer","40.3125","-74.8729"
"08/04/2007","AQS","340219991","9","0.068","ppm","93","Wash. Crossing","17","100.0000","44201","Ozone","45940","Trenton, NJ","34","New Jersey","021","Mercer","40.3125","-74.8729"
"08/05/2007","AQS","340219991","9","0.052","ppm","48","Wash. Crossing","17","100.0000","44201","Ozone","45940","Trenton, NJ","34","New Jersey","021","Mercer","40.3125","-74.8729"
"08/06/2007","AQS","340219991","9","0.063","ppm","77","Wash. Crossing","17","100.0000","44201","Ozone","45940","Trenton, NJ","34","New Jersey","021","Mercer","40.3125","-74.8729"
"08/07/2007","AQS","340219991","9","0.059","ppm","64","Wash. Crossing","17","100.0000","44201","Ozone","45940","Trenton, NJ","34","New Jersey","021","Mercer","40.3125","-74.8729"
"08/08/2007","AQS","340219991","9","0.063","ppm","77","Wash. Crossing","17","100.0000","44201","Ozone","45940","Trenton, NJ","34","New Jersey","021","Mercer","40.3125","-74.8729"
"08/09/2007","AQS","340219991","9","0.05","ppm","46","Wash. Crossing","15","88.0000","44201","Ozone","45940","Trenton, NJ","34","New Jersey","021","Mercer","40.3125","-74.8729"
"08/10/2007","AQS","340219991","9","0.026","ppm","24","Wash. Crossing","14","82.0000","44201","Ozone","45940","Trenton, NJ","34","New Jersey","021","Mercer","40.3125","-74.8729"
"08/11/2007","AQS","340219991","9","0.042","ppm","39","Wash. Crossing","17","100.0000","44201","Ozone","45940","Trenton, NJ","34","New Jersey","021","Mercer","40.3125","-74.8729"
"08/12/2007","AQS","340219991","9","0.044","ppm","41","Wash. Crossing","17","100.0000","44201","Ozone","45940","Trenton, NJ","34","New Jersey","021","Mercer","40.3125","-74.8729"
"08/13/2007","AQS","340219991","9","0.057","ppm","58","Wash. Crossing","17","100.0000","44201","Ozone","45940","Trenton, NJ","34","New Jersey","021","Mercer","40.3125","-74.8729"
"08/14/2007","AQS","340219991","9","0.043","ppm","40","Wash. Crossing","17","100.0000","44201","Ozone","45940","Trenton, NJ","34","New Jersey","021","Mercer","40.3125","-74.8729"
"08/15/2007","AQS","340219991","9","0.078","ppm","126","Wash. Crossing","17","100.0000","44201","Ozone","45940","Trenton, NJ","34","New Jersey","021","Mercer","40.3125","-74.8729"
"08/16/2007","AQS","340219991","9","0.07","ppm","100","Wash. Crossing","17","100.0000","44201","Ozone","45940","Trenton, NJ","34","New Jersey","021","Mercer","40.3125","-74.8729"
"08/17/2007","AQS","340219991","9","0.07","ppm","100","Wash. Crossing","17","100.0000","44201","Ozone","45940","Trenton, NJ","34","New Jersey","021","Mercer","40.3125","-74.8729"
"08/18/2007","AQS","340219991","9","0.028","ppm","26","Wash. Crossing","17","100.0000","44201","Ozone","45940","Trenton, NJ","34","New Jersey","021","Mercer","40.3125","-74.8729"
"08/19/2007","AQS","340219991","9","0.026","ppm","24","Wash. Crossing","17","100.0000","44201","Ozone","45940","Trenton, NJ","34","New Jersey","021","Mercer","40.3125","-74.8729"
"08/20/2007","AQS","340219991","9","0.028","ppm","26","Wash. Crossing","17","100.0000","44201","Ozone","45940","Trenton, NJ","34","New Jersey","021","Mercer","40.3125","-74.8729"
"08/21/2007","AQS","340219991","9","0.026","ppm","24","Wash. Crossing","17","100.0000","44201","Ozone","45940","Trenton, NJ","34","New Jersey","021","Mercer","40.3125","-74.8729"
"08/22/2007","AQS","340219991","9","0.016","ppm","15","Wash. Crossing","17","100.0000","44201","Ozone","45940","Trenton, NJ","34","New Jersey","021","Mercer","40.3125","-74.8729"
"08/23/2007","AQS","340219991","9","0.014","ppm","13","Wash. Crossing","17","100.0000","44201","Ozone","45940","Trenton, NJ","34","New Jersey","021","Mercer","40.3125","-74.8729"
"08/24/2007","AQS","340219991","9","0.045","ppm","42","Wash. Crossing","17","100.0000","44201","Ozone","45940","Trenton, NJ","34","New Jersey","021","Mercer","40.3125","-74.8729"
"08/25/2007","AQS","340219991","9","0.069","ppm","97","Wash. Crossing","17","100.0000","44201","Ozone","45940","Trenton, NJ","34","New Jersey","021","Mercer","40.3125","-74.8729"
"08/26/2007","AQS","340219991","9","0.042","ppm","39","Wash. Crossing","17","100.0000","44201","Ozone","45940","Trenton, NJ","34","New Jersey","021","Mercer","40.3125","-74.8729"
"08/27/2007","AQS","340219991","9","0.055","ppm","51","Wash. Crossing","17","100.0000","44201","Ozone","45940","Trenton, NJ","34","New Jersey","021","Mercer","40.3125","-74.8729"
"08/28/2007","AQS","340219991","9","0.059","ppm","64","Wash. Crossing","17","100.0000","44201","Ozone","45940","Trenton, NJ","34","New Jersey","021","Mercer","40.3125","-74.8729"
"08/29/2007","AQS","340219991","9","0.072","ppm","105","Wash. Crossing","17","100.0000","44201","Ozone","45940","Trenton, NJ","34","New Jersey","021","Mercer","40.3125","-74.8729"
"08/30/2007","AQS","340219991","9","0.071","ppm","101","Wash. Crossing","17","100.0000","44201","Ozone","45940","Trenton, NJ","34","New Jersey","021","Mercer","40.3125","-74.8729"
"08/31/2007","AQS","340219991","9","0.034","ppm","31","Wash. Crossing","17","100.0000","44201","Ozone","45940","Trenton, NJ","34","New Jersey","021","Mercer","40.3125","-74.8729"
"09/02/2007","AQS","340219991","9","0.049","ppm","45","Wash. Crossing","17","100.0000","44201","Ozone","45940","Trenton, NJ","34","New Jersey","021","Mercer","40.3125","-74.8729"
"09/03/2007","AQS","340219991","9","0.061","ppm","71","Wash. Crossing","17","100.0000","44201","Ozone","45940","Trenton, NJ","34","New Jersey","021","Mercer","40.3125","-74.8729"
"09/04/2007","AQS","340219991","9","0.047","ppm","44","Wash. Crossing","17","100.0000","44201","Ozone","45940","Trenton, NJ","34","New Jersey","021","Mercer","40.3125","-74.8729"
"09/05/2007","AQS","340219991","9","0.052","ppm","48","Wash. Crossing","17","100.0000","44201","Ozone","45940","Trenton, NJ","34","New Jersey","021","Mercer","40.3125","-74.8729"
"09/06/2007","AQS","340219991","9","0.069","ppm","97","Wash. Crossing","17","100.0000","44201","Ozone","45940","Trenton, NJ","34","New Jersey","021","Mercer","40.3125","-74.8729"
"09/07/2007","AQS","340219991","9","0.068","ppm","93","Wash. Crossing","17","100.0000","44201","Ozone","45940","Trenton, NJ","34","New Jersey","021","Mercer","40.3125","-74.8729"
"09/08/2007","AQS","340219991","9","0.073","ppm","108","Wash. Crossing","17","100.0000","44201","Ozone","45940","Trenton, NJ","34","New Jersey","021","Mercer","40.3125","-74.8729"
"09/09/2007","AQS","340219991","9","0.043","ppm","40","Wash. Crossing","17","100.0000","44201","Ozone","45940","Trenton, NJ","34","New Jersey","021","Mercer","40.3125","-74.8729"
"09/10/2007","AQS","340219991","9","0.047","ppm","44","Wash. Crossing","17","100.0000","44201","Ozone","45940","Trenton, NJ","34","New Jersey","021","Mercer","40.3125","-74.8729"
"09/11/2007","AQS","340219991","9","0.029","ppm","27","Wash. Crossing","17","100.0000","44201","Ozone","45940","Trenton, NJ","34","New Jersey","021","Mercer","40.3125","-74.8729"
"09/12/2007","AQS","340219991","9","0.038","ppm","35","Wash. Crossing","17","100.0000","44201","Ozone","45940","Trenton, NJ","34","New Jersey","021","Mercer","40.3125","-74.8729"
"09/13/2007","AQS","340219991","9","0.044","ppm","41","Wash. Crossing","17","100.0000","44201","Ozone","45940","Trenton, NJ","34","New Jersey","021","Mercer","40.3125","-74.8729"
"09/14/2007","AQS","340219991","9","0.053","ppm","49","Wash. Crossing","17","100.0000","44201","Ozone","45940","Trenton, NJ","34","New Jersey","021","Mercer","40.3125","-74.8729"
"09/15/2007","AQS","340219991","9","0.028","ppm","26","Wash. Crossing","17","100.0000","44201","Ozone","45940","Trenton, NJ","34","New Jersey","021","Mercer","40.3125","-74.8729"
"09/16/2007","AQS","340219991","9","0.023","ppm","21","Wash. Crossing","17","100.0000","44201","Ozone","45940","Trenton, NJ","34","New Jersey","021","Mercer","40.3125","-74.8729"
"09/17/2007","AQS","340219991","9","0.032","ppm","30","Wash. Crossing","17","100.0000","44201","Ozone","45940","Trenton, NJ","34","New Jersey","021","Mercer","40.3125","-74.8729"
"09/18/2007","AQS","340219991","9","0.035","ppm","32","Wash. Crossing","17","100.0000","44201","Ozone","45940","Trenton, NJ","34","New Jersey","021","Mercer","40.3125","-74.8729"
"09/19/2007","AQS","340219991","9","0.04","ppm","37","Wash. Crossing","17","100.0000","44201","Ozone","45940","Trenton, NJ","34","New Jersey","021","Mercer","40.3125","-74.8729"
"09/20/2007","AQS","340219991","9","0.058","ppm","61","Wash. Crossing","17","100.0000","44201","Ozone","45940","Trenton, NJ","34","New Jersey","021","Mercer","40.3125","-74.8729"
"09/21/2007","AQS","340219991","9","0.084","ppm","147","Wash. Crossing","17","100.0000","44201","Ozone","45940","Trenton, NJ","34","New Jersey","021","Mercer","40.3125","-74.8729"
"09/22/2007","AQS","340219991","9","0.029","ppm","27","Wash. Crossing","17","100.0000","44201","Ozone","45940","Trenton, NJ","34","New Jersey","021","Mercer","40.3125","-74.8729"
"09/23/2007","AQS","340219991","9","0.045","ppm","42","Wash. Crossing","17","100.0000","44201","Ozone","45940","Trenton, NJ","34","New Jersey","021","Mercer","40.3125","-74.8729"
"09/24/2007","AQS","340219991","9","0.046","ppm","43","Wash. Crossing","17","100.0000","44201","Ozone","45940","Trenton, NJ","34","New Jersey","021","Mercer","40.3125","-74.8729"
"09/25/2007","AQS","340219991","9","0.075","ppm","115","Wash. Crossing","17","100.0000","44201","Ozone","45940","Trenton, NJ","34","New Jersey","021","Mercer","40.3125","-74.8729"
"09/26/2007","AQS","340219991","9","0.08","ppm","133","Wash. Crossing","17","100.0000","44201","Ozone","45940","Trenton, NJ","34","New Jersey","021","Mercer","40.3125","-74.8729"
"09/27/2007","AQS","340219991","9","0.036","ppm","33","Wash. Crossing","17","100.0000","44201","Ozone","45940","Trenton, NJ","34","New Jersey","021","Mercer","40.3125","-74.8729"
"09/28/2007","AQS","340219991","9","0.042","ppm","39","Wash. Crossing","17","100.0000","44201","Ozone","45940","Trenton, NJ","34","New Jersey","021","Mercer","40.3125","-74.8729"
"09/29/2007","AQS","340219991","9","0.034","ppm","31","Wash. Crossing","17","100.0000","44201","Ozone","45940","Trenton, NJ","34","New Jersey","021","Mercer","40.3125","-74.8729"
"09/30/2007","AQS","340219991","9","0.04","ppm","37","Wash. Crossing","17","100.0000","44201","Ozone","45940","Trenton, NJ","34","New Jersey","021","Mercer","40.3125","-74.8729"
"10/01/2007","AQS","340219991","9","0.037","ppm","34","Wash. Crossing","17","100.0000","44201","Ozone","45940","Trenton, NJ","34","New Jersey","021","Mercer","40.3125","-74.8729"
"10/02/2007","AQS","340219991","9","0.035","ppm","32","Wash. Crossing","17","100.0000","44201","Ozone","45940","Trenton, NJ","34","New Jersey","021","Mercer","40.3125","-74.8729"
"10/03/2007","AQS","340219991","9","0.033","ppm","31","Wash. Crossing","17","100.0000","44201","Ozone","45940","Trenton, NJ","34","New Jersey","021","Mercer","40.3125","-74.8729"
"10/04/2007","AQS","340219991","9","0.049","ppm","45","Wash. Crossing","17","100.0000","44201","Ozone","45940","Trenton, NJ","34","New Jersey","021","Mercer","40.3125","-74.8729"
"10/05/2007","AQS","340219991","9","0.019","ppm","18","Wash. Crossing","17","100.0000","44201","Ozone","45940","Trenton, NJ","34","New Jersey","021","Mercer","40.3125","-74.8729"
"10/06/2007","AQS","340219991","9","0.036","ppm","33","Wash. Crossing","17","100.0000","44201","Ozone","45940","Trenton, NJ","34","New Jersey","021","Mercer","40.3125","-74.8729"
"10/07/2007","AQS","340219991","9","0.04","ppm","37","Wash. Crossing","17","100.0000","44201","Ozone","45940","Trenton, NJ","34","New Jersey","021","Mercer","40.3125","-74.8729"
"10/08/2007","AQS","340219991","9","0.059","ppm","64","Wash. Crossing","17","100.0000","44201","Ozone","45940","Trenton, NJ","34","New Jersey","021","Mercer","40.3125","-74.8729"
"10/09/2007","AQS","340219991","9","0.033","ppm","31","Wash. Crossing","17","100.0000","44201","Ozone","45940","Trenton, NJ","34","New Jersey","021","Mercer","40.3125","-74.8729"
"10/10/2007","AQS","340219991","9","0.037","ppm","34","Wash. Crossing","17","100.0000","44201","Ozone","45940","Trenton, NJ","34","New Jersey","021","Mercer","40.3125","-74.8729"
"10/11/2007","AQS","340219991","9","0.029","ppm","27","Wash. Crossing","17","100.0000","44201","Ozone","45940","Trenton, NJ","34","New Jersey","021","Mercer","40.3125","-74.8729"
"10/12/2007","AQS","340219991","9","0.03","ppm","28","Wash. Crossing","17","100.0000","44201","Ozone","45940","Trenton, NJ","34","New Jersey","021","Mercer","40.3125","-74.8729"
"10/13/2007","AQS","340219991","9","0.033","ppm","31","Wash. Crossing","17","100.0000","44201","Ozone","45940","Trenton, NJ","34","New Jersey","021","Mercer","40.3125","-74.8729"
"10/14/2007","AQS","340219991","9","0.035","ppm","32","Wash. Crossing","17","100.0000","44201","Ozone","45940","Trenton, NJ","34","New Jersey","021","Mercer","40.3125","-74.8729"
"10/15/2007","AQS","340219991","9","0.034","ppm","31","Wash. Crossing","17","100.0000","44201","Ozone","45940","Trenton, NJ","34","New Jersey","021","Mercer","40.3125","-74.8729"
"10/16/2007","AQS","340219991","9","0.031","ppm","29","Wash. Crossing","17","100.0000","44201","Ozone","45940","Trenton, NJ","34","New Jersey","021","Mercer","40.3125","-74.8729"
"10/17/2007","AQS","340219991","9","0.051","ppm","47","Wash. Crossing","17","100.0000","44201","Ozone","45940","Trenton, NJ","34","New Jersey","021","Mercer","40.3125","-74.8729"
"10/18/2007","AQS","340219991","9","0.033","ppm","31","Wash. Crossing","17","100.0000","44201","Ozone","45940","Trenton, NJ","34","New Jersey","021","Mercer","40.3125","-74.8729"
"10/19/2007","AQS","340219991","9","0.03","ppm","28","Wash. Crossing","17","100.0000","44201","Ozone","45940","Trenton, NJ","34","New Jersey","021","Mercer","40.3125","-74.8729"
"10/20/2007","AQS","340219991","9","0.037","ppm","34","Wash. Crossing","17","100.0000","44201","Ozone","45940","Trenton, NJ","34","New Jersey","021","Mercer","40.3125","-74.8729"
"10/21/2007","AQS","340219991","9","0.045","ppm","42","Wash. Crossing","17","100.0000","44201","Ozone","45940","Trenton, NJ","34","New Jersey","021","Mercer","40.3125","-74.8729"
"10/22/2007","AQS","340219991","9","0.049","ppm","45","Wash. Crossing","17","100.0000","44201","Ozone","45940","Trenton, NJ","34","New Jersey","021","Mercer","40.3125","-74.8729"
"10/25/2007","AQS","340219991","9","0.024","ppm","22","Wash. Crossing","14","82.0000","44201","Ozone","45940","Trenton, NJ","34","New Jersey","021","Mercer","40.3125","-74.8729"
"10/27/2007","AQS","340219991","9","0.028","ppm","26","Wash. Crossing","15","88.0000","44201","Ozone","45940","Trenton, NJ","34","New Jersey","021","Mercer","40.3125","-74.8729"
"10/28/2007","AQS","340219991","9","0.032","ppm","30","Wash. Crossing","17","100.0000","44201","Ozone","45940","Trenton, NJ","34","New Jersey","021","Mercer","40.3125","-74.8729"
"10/29/2007","AQS","340219991","9","0.026","ppm","24","Wash. Crossing","17","100.0000","44201","Ozone","45940","Trenton, NJ","34","New Jersey","021","Mercer","40.3125","-74.8729"
"10/30/2007","AQS","340219991","9","0.035","ppm","32","Wash. Crossing","17","100.0000","44201","Ozone","45940","Trenton, NJ","34","New Jersey","021","Mercer","40.3125","-74.8729"
"10/31/2007","AQS","340219991","9","0.038","ppm","35","Wash. Crossing","17","100.0000","44201","Ozone","45940","Trenton, NJ","34","New Jersey","021","Mercer","40.3125","-74.8729"
"11/01/2007","AQS","340219991","9","0.028","ppm","26","Wash. Crossing","17","100.0000","44201","Ozone","45940","Trenton, NJ","34","New Jersey","021","Mercer","40.3125","-74.8729"
"11/02/2007","AQS","340219991","9","0.025","ppm","23","Wash. Crossing","17","100.0000","44201","Ozone","45940","Trenton, NJ","34","New Jersey","021","Mercer","40.3125","-74.8729"
"11/03/2007","AQS","340219991","9","0.033","ppm","31","Wash. Crossing","17","100.0000","44201","Ozone","45940","Trenton, NJ","34","New Jersey","021","Mercer","40.3125","-74.8729"
"11/04/2007","AQS","340219991","9","0.036","ppm","33","Wash. Crossing","17","100.0000","44201","Ozone","45940","Trenton, NJ","34","New Jersey","021","Mercer","40.3125","-74.8729"
"11/05/2007","AQS","340219991","9","0.034","ppm","31","Wash. Crossing","17","100.0000","44201","Ozone","45940","Trenton, NJ","34","New Jersey","021","Mercer","40.3125","-74.8729"
"11/06/2007","AQS","340219991","9","0.029","ppm","27","Wash. Crossing","17","100.0000","44201","Ozone","45940","Trenton, NJ","34","New Jersey","021","Mercer","40.3125","-74.8729"
"11/07/2007","AQS","340219991","9","0.028","ppm","26","Wash. Crossing","17","100.0000","44201","Ozone","45940","Trenton, NJ","34","New Jersey","021","Mercer","40.3125","-74.8729"
"11/08/2007","AQS","340219991","9","0.031","ppm","29","Wash. Crossing","17","100.0000","44201","Ozone","45940","Trenton, NJ","34","New Jersey","021","Mercer","40.3125","-74.8729"
"11/09/2007","AQS","340219991","9","0.022","ppm","20","Wash. Crossing","17","100.0000","44201","Ozone","45940","Trenton, NJ","34","New Jersey","021","Mercer","40.3125","-74.8729"
"11/10/2007","AQS","340219991","9","0.022","ppm","20","Wash. Crossing","17","100.0000","44201","Ozone","45940","Trenton, NJ","34","New Jersey","021","Mercer","40.3125","-74.8729"
"11/11/2007","AQS","340219991","9","0.033","ppm","31","Wash. Crossing","17","100.0000","44201","Ozone","45940","Trenton, NJ","34","New Jersey","021","Mercer","40.3125","-74.8729"
"11/12/2007","AQS","340219991","9","0.009","ppm","8","Wash. Crossing","17","100.0000","44201","Ozone","45940","Trenton, NJ","34","New Jersey","021","Mercer","40.3125","-74.8729"
"11/13/2007","AQS","340219991","9","0.014","ppm","13","Wash. Crossing","17","100.0000","44201","Ozone","45940","Trenton, NJ","34","New Jersey","021","Mercer","40.3125","-74.8729"
"11/14/2007","AQS","340219991","9","0.016","ppm","15","Wash. Crossing","17","100.0000","44201","Ozone","45940","Trenton, NJ","34","New Jersey","021","Mercer","40.3125","-74.8729"
"11/15/2007","AQS","340219991","9","0.023","ppm","21","Wash. Crossing","17","100.0000","44201","Ozone","45940","Trenton, NJ","34","New Jersey","021","Mercer","40.3125","-74.8729"
"11/16/2007","AQS","340219991","9","0.028","ppm","26","Wash. Crossing","17","100.0000","44201","Ozone","45940","Trenton, NJ","34","New Jersey","021","Mercer","40.3125","-74.8729"
"11/17/2007","AQS","340219991","9","0.024","ppm","22","Wash. Crossing","17","100.0000","44201","Ozone","45940","Trenton, NJ","34","New Jersey","021","Mercer","40.3125","-74.8729"
"11/18/2007","AQS","340219991","9","0.022","ppm","20","Wash. Crossing","17","100.0000","44201","Ozone","45940","Trenton, NJ","34","New Jersey","021","Mercer","40.3125","-74.8729"
"11/19/2007","AQS","340219991","9","0.012","ppm","11","Wash. Crossing","17","100.0000","44201","Ozone","45940","Trenton, NJ","34","New Jersey","021","Mercer","40.3125","-74.8729"
"11/20/2007","AQS","340219991","9","0.006","ppm","6","Wash. Crossing","17","100.0000","44201","Ozone","45940","Trenton, NJ","34","New Jersey","021","Mercer","40.3125","-74.8729"
"11/21/2007","AQS","340219991","9","0.007","ppm","6","Wash. Crossing","17","100.0000","44201","Ozone","45940","Trenton, NJ","34","New Jersey","021","Mercer","40.3125","-74.8729"
"11/22/2007","AQS","340219991","9","0.029","ppm","27","Wash. Crossing","17","100.0000","44201","Ozone","45940","Trenton, NJ","34","New Jersey","021","Mercer","40.3125","-74.8729"
"11/23/2007","AQS","340219991","9","0.033","ppm","31","Wash. Crossing","17","100.0000","44201","Ozone","45940","Trenton, NJ","34","New Jersey","021","Mercer","40.3125","-74.8729"
"11/24/2007","AQS","340219991","9","0.028","ppm","26","Wash. Crossing","17","100.0000","44201","Ozone","45940","Trenton, NJ","34","New Jersey","021","Mercer","40.3125","-74.8729"
"11/25/2007","AQS","340219991","9","0.022","ppm","20","Wash. Crossing","17","100.0000","44201","Ozone","45940","Trenton, NJ","34","New Jersey","021","Mercer","40.3125","-74.8729"
"11/26/2007","AQS","340219991","9","0.018","ppm","17","Wash. Crossing","17","100.0000","44201","Ozone","45940","Trenton, NJ","34","New Jersey","021","Mercer","40.3125","-74.8729"
"11/27/2007","AQS","340219991","9","0.025","ppm","23","Wash. Crossing","17","100.0000","44201","Ozone","45940","Trenton, NJ","34","New Jersey","021","Mercer","40.3125","-74.8729"
"11/28/2007","AQS","340219991","9","0.025","ppm","23","Wash. Crossing","17","100.0000","44201","Ozone","45940","Trenton, NJ","34","New Jersey","021","Mercer","40.3125","-74.8729"
"11/29/2007","AQS","340219991","9","0.029","ppm","27","Wash. Crossing","17","100.0000","44201","Ozone","45940","Trenton, NJ","34","New Jersey","021","Mercer","40.3125","-74.8729"
"11/30/2007","AQS","340219991","9","0.021","ppm","19","Wash. Crossing","17","100.0000","44201","Ozone","45940","Trenton, NJ","34","New Jersey","021","Mercer","40.3125","-74.8729"
"12/01/2007","AQS","340219991","9","0.033","ppm","31","Wash. Crossing","17","100.0000","44201","Ozone","45940","Trenton, NJ","34","New Jersey","021","Mercer","40.3125","-74.8729"
"12/02/2007","AQS","340219991","9","0.017","ppm","16","Wash. Crossing","17","100.0000","44201","Ozone","45940","Trenton, NJ","34","New Jersey","021","Mercer","40.3125","-74.8729"
"12/03/2007","AQS","340219991","9","0.034","ppm","31","Wash. Crossing","17","100.0000","44201","Ozone","45940","Trenton, NJ","34","New Jersey","021","Mercer","40.3125","-74.8729"
"12/04/2007","AQS","340219991","9","0.033","ppm","31","Wash. Crossing","17","100.0000","44201","Ozone","45940","Trenton, NJ","34","New Jersey","021","Mercer","40.3125","-74.8729"
"12/05/2007","AQS","340219991","9","0.027","ppm","25","Wash. Crossing","17","100.0000","44201","Ozone","45940","Trenton, NJ","34","New Jersey","021","Mercer","40.3125","-74.8729"
"12/06/2007","AQS","340219991","9","0.03","ppm","28","Wash. Crossing","17","100.0000","44201","Ozone","45940","Trenton, NJ","34","New Jersey","021","Mercer","40.3125","-74.8729"
"12/07/2007","AQS","340219991","9","0.005","ppm","5","Wash. Crossing","17","100.0000","44201","Ozone","45940","Trenton, NJ","34","New Jersey","021","Mercer","40.3125","-74.8729"
"12/08/2007","AQS","340219991","9","0.02","ppm","19","Wash. Crossing","17","100.0000","44201","Ozone","45940","Trenton, NJ","34","New Jersey","021","Mercer","40.3125","-74.8729"
"12/09/2007","AQS","340219991","9","0.019","ppm","18","Wash. Crossing","17","100.0000","44201","Ozone","45940","Trenton, NJ","34","New Jersey","021","Mercer","40.3125","-74.8729"
"12/10/2007","AQS","340219991","9","0.005","ppm","5","Wash. Crossing","17","100.0000","44201","Ozone","45940","Trenton, NJ","34","New Jersey","021","Mercer","40.3125","-74.8729"
"12/11/2007","AQS","340219991","9","0.007","ppm","6","Wash. Crossing","17","100.0000","44201","Ozone","45940","Trenton, NJ","34","New Jersey","021","Mercer","40.3125","-74.8729"
"12/12/2007","AQS","340219991","9","0.028","ppm","26","Wash. Crossing","17","100.0000","44201","Ozone","45940","Trenton, NJ","34","New Jersey","021","Mercer","40.3125","-74.8729"
"12/13/2007","AQS","340219991","9","0.016","ppm","15","Wash. Crossing","17","100.0000","44201","Ozone","45940","Trenton, NJ","34","New Jersey","021","Mercer","40.3125","-74.8729"
"12/14/2007","AQS","340219991","9","0.025","ppm","23","Wash. Crossing","17","100.0000","44201","Ozone","45940","Trenton, NJ","34","New Jersey","021","Mercer","40.3125","-74.8729"
"12/15/2007","AQS","340219991","9","0.027","ppm","25","Wash. Crossing","17","100.0000","44201","Ozone","45940","Trenton, NJ","34","New Jersey","021","Mercer","40.3125","-74.8729"
"12/16/2007","AQS","340219991","9","0.034","ppm","31","Wash. Crossing","17","100.0000","44201","Ozone","45940","Trenton, NJ","34","New Jersey","021","Mercer","40.3125","-74.8729"
"12/17/2007","AQS","340219991","9","0.038","ppm","35","Wash. Crossing","17","100.0000","44201","Ozone","45940","Trenton, NJ","34","New Jersey","021","Mercer","40.3125","-74.8729"
"12/18/2007","AQS","340219991","9","0.023","ppm","21","Wash. Crossing","17","100.0000","44201","Ozone","45940","Trenton, NJ","34","New Jersey","021","Mercer","40.3125","-74.8729"
"12/19/2007","AQS","340219991","9","0.019","ppm","18","Wash. Crossing","17","100.0000","44201","Ozone","45940","Trenton, NJ","34","New Jersey","021","Mercer","40.3125","-74.8729"
"12/20/2007","AQS","340219991","9","0.028","ppm","26","Wash. Crossing","17","100.0000","44201","Ozone","45940","Trenton, NJ","34","New Jersey","021","Mercer","40.3125","-74.8729"
"12/21/2007","AQS","340219991","9","0.027","ppm","25","Wash. Crossing","17","100.0000","44201","Ozone","45940","Trenton, NJ","34","New Jersey","021","Mercer","40.3125","-74.8729"
"12/22/2007","AQS","340219991","9","0.008","ppm","7","Wash. Crossing","17","100.0000","44201","Ozone","45940","Trenton, NJ","34","New Jersey","021","Mercer","40.3125","-74.8729"
"12/23/2007","AQS","340219991","9","0.034","ppm","31","Wash. Crossing","17","100.0000","44201","Ozone","45940","Trenton, NJ","34","New Jersey","021","Mercer","40.3125","-74.8729"
"12/24/2007","AQS","340219991","9","0.031","ppm","29","Wash. Crossing","17","100.0000","44201","Ozone","45940","Trenton, NJ","34","New Jersey","021","Mercer","40.3125","-74.8729"
"12/25/2007","AQS","340219991","9","0.022","ppm","20","Wash. Crossing","17","100.0000","44201","Ozone","45940","Trenton, NJ","34","New Jersey","021","Mercer","40.3125","-74.8729"
"12/26/2007","AQS","340219991","9","0.008","ppm","7","Wash. Crossing","17","100.0000","44201","Ozone","45940","Trenton, NJ","34","New Jersey","021","Mercer","40.3125","-74.8729"
"12/27/2007","AQS","340219991","9","0.017","ppm","16","Wash. Crossing","17","100.0000","44201","Ozone","45940","Trenton, NJ","34","New Jersey","021","Mercer","40.3125","-74.8729"
"12/28/2007","AQS","340219991","9","0.023","ppm","21","Wash. Crossing","17","100.0000","44201","Ozone","45940","Trenton, NJ","34","New Jersey","021","Mercer","40.3125","-74.8729"
"12/29/2007","AQS","340219991","9","0.024","ppm","22","Wash. Crossing","17","100.0000","44201","Ozone","45940","Trenton, NJ","34","New Jersey","021","Mercer","40.3125","-74.8729"
"12/30/2007","AQS","340219991","9","0.018","ppm","17","Wash. Crossing","17","100.0000","44201","Ozone","45940","Trenton, NJ","34","New Jersey","021","Mercer","40.3125","-74.8729"
"01/02/2007","AQS","340230011","1","0.03","ppm","28","Rutgers University","17","100.0000","44201","Ozone","35620","New York-Newark-Jersey City, NY-NJ-PA","34","New Jersey","023","Middlesex","40.462182","-74.429439"
"01/03/2007","AQS","340230011","1","0.014","ppm","13","Rutgers University","17","100.0000","44201","Ozone","35620","New York-Newark-Jersey City, NY-NJ-PA","34","New Jersey","023","Middlesex","40.462182","-74.429439"
"01/04/2007","AQS","340230011","1","0.007","ppm","6","Rutgers University","17","100.0000","44201","Ozone","35620","New York-Newark-Jersey City, NY-NJ-PA","34","New Jersey","023","Middlesex","40.462182","-74.429439"
"01/05/2007","AQS","340230011","1","0.018","ppm","17","Rutgers University","17","100.0000","44201","Ozone","35620","New York-Newark-Jersey City, NY-NJ-PA","34","New Jersey","023","Middlesex","40.462182","-74.429439"
"01/06/2007","AQS","340230011","1","0.028","ppm","26","Rutgers University","17","100.0000","44201","Ozone","35620","New York-Newark-Jersey City, NY-NJ-PA","34","New Jersey","023","Middlesex","40.462182","-74.429439"
"01/07/2007","AQS","340230011","1","0.028","ppm","26","Rutgers University","17","100.0000","44201","Ozone","35620","New York-Newark-Jersey City, NY-NJ-PA","34","New Jersey","023","Middlesex","40.462182","-74.429439"
"01/08/2007","AQS","340230011","1","0.027","ppm","25","Rutgers University","17","100.0000","44201","Ozone","35620","New York-Newark-Jersey City, NY-NJ-PA","34","New Jersey","023","Middlesex","40.462182","-74.429439"
"01/09/2007","AQS","340230011","1","0.019","ppm","18","Rutgers University","17","100.0000","44201","Ozone","35620","New York-Newark-Jersey City, NY-NJ-PA","34","New Jersey","023","Middlesex","40.462182","-74.429439"
"01/10/2007","AQS","340230011","1","0.029","ppm","27","Rutgers University","17","100.0000","44201","Ozone","35620","New York-Newark-Jersey City, NY-NJ-PA","34","New Jersey","023","Middlesex","40.462182","-74.429439"
"01/11/2007","AQS","340230011","1","0.018","ppm","17","Rutgers University","17","100.0000","44201","Ozone","35620","New York-Newark-Jersey City, NY-NJ-PA","34","New Jersey","023","Middlesex","40.462182","-74.429439"
"01/12/2007","AQS","340230011","1","0.008","ppm","7","Rutgers University","17","100.0000","44201","Ozone","35620","New York-Newark-Jersey City, NY-NJ-PA","34","New Jersey","023","Middlesex","40.462182","-74.429439"
"01/13/2007","AQS","340230011","1","0.014","ppm","13","Rutgers University","17","100.0000","44201","Ozone","35620","New York-Newark-Jersey City, NY-NJ-PA","34","New Jersey","023","Middlesex","40.462182","-74.429439"
"01/14/2007","AQS","340230011","1","0.001","ppm","1","Rutgers University","17","100.0000","44201","Ozone","35620","New York-Newark-Jersey City, NY-NJ-PA","34","New Jersey","023","Middlesex","40.462182","-74.429439"
"01/15/2007","AQS","340230011","1","0.007","ppm","6","Rutgers University","17","100.0000","44201","Ozone","35620","New York-Newark-Jersey City, NY-NJ-PA","34","New Jersey","023","Middlesex","40.462182","-74.429439"
"01/16/2007","AQS","340230011","1","0.029","ppm","27","Rutgers University","17","100.0000","44201","Ozone","35620","New York-Newark-Jersey City, NY-NJ-PA","34","New Jersey","023","Middlesex","40.462182","-74.429439"
"01/17/2007","AQS","340230011","1","0.03","ppm","28","Rutgers University","17","100.0000","44201","Ozone","35620","New York-Newark-Jersey City, NY-NJ-PA","34","New Jersey","023","Middlesex","40.462182","-74.429439"
"01/18/2007","AQS","340230011","1","0.005","ppm","5","Rutgers University","17","100.0000","44201","Ozone","35620","New York-Newark-Jersey City, NY-NJ-PA","34","New Jersey","023","Middlesex","40.462182","-74.429439"
"01/19/2007","AQS","340230011","1","0.026","ppm","24","Rutgers University","17","100.0000","44201","Ozone","35620","New York-Newark-Jersey City, NY-NJ-PA","34","New Jersey","023","Middlesex","40.462182","-74.429439"
"01/20/2007","AQS","340230011","1","0.032","ppm","30","Rutgers University","17","100.0000","44201","Ozone","35620","New York-Newark-Jersey City, NY-NJ-PA","34","New Jersey","023","Middlesex","40.462182","-74.429439"
"01/21/2007","AQS","340230011","1","0.033","ppm","31","Rutgers University","17","100.0000","44201","Ozone","35620","New York-Newark-Jersey City, NY-NJ-PA","34","New Jersey","023","Middlesex","40.462182","-74.429439"
"01/22/2007","AQS","340230011","1","0.005","ppm","5","Rutgers University","17","100.0000","44201","Ozone","35620","New York-Newark-Jersey City, NY-NJ-PA","34","New Jersey","023","Middlesex","40.462182","-74.429439"
"01/23/2007","AQS","340230011","1","0.025","ppm","23","Rutgers University","17","100.0000","44201","Ozone","35620","New York-Newark-Jersey City, NY-NJ-PA","34","New Jersey","023","Middlesex","40.462182","-74.429439"
"01/24/2007","AQS","340230011","1","0.021","ppm","19","Rutgers University","17","100.0000","44201","Ozone","35620","New York-Newark-Jersey City, NY-NJ-PA","34","New Jersey","023","Middlesex","40.462182","-74.429439"
"01/25/2007","AQS","340230011","1","0.03","ppm","28","Rutgers University","17","100.0000","44201","Ozone","35620","New York-Newark-Jersey City, NY-NJ-PA","34","New Jersey","023","Middlesex","40.462182","-74.429439"
"01/26/2007","AQS","340230011","1","0.032","ppm","30","Rutgers University","17","100.0000","44201","Ozone","35620","New York-Newark-Jersey City, NY-NJ-PA","34","New Jersey","023","Middlesex","40.462182","-74.429439"
"01/27/2007","AQS","340230011","1","0.018","ppm","17","Rutgers University","17","100.0000","44201","Ozone","35620","New York-Newark-Jersey City, NY-NJ-PA","34","New Jersey","023","Middlesex","40.462182","-74.429439"
"01/28/2007","AQS","340230011","1","0.023","ppm","21","Rutgers University","17","100.0000","44201","Ozone","35620","New York-Newark-Jersey City, NY-NJ-PA","34","New Jersey","023","Middlesex","40.462182","-74.429439"
"01/29/2007","AQS","340230011","1","0.031","ppm","29","Rutgers University","17","100.0000","44201","Ozone","35620","New York-Newark-Jersey City, NY-NJ-PA","34","New Jersey","023","Middlesex","40.462182","-74.429439"
"01/30/2007","AQS","340230011","1","0.022","ppm","20","Rutgers University","17","100.0000","44201","Ozone","35620","New York-Newark-Jersey City, NY-NJ-PA","34","New Jersey","023","Middlesex","40.462182","-74.429439"
"01/31/2007","AQS","340230011","1","0.025","ppm","23","Rutgers University","17","100.0000","44201","Ozone","35620","New York-Newark-Jersey City, NY-NJ-PA","34","New Jersey","023","Middlesex","40.462182","-74.429439"
"02/01/2007","AQS","340230011","1","0.02","ppm","19","Rutgers University","17","100.0000","44201","Ozone","35620","New York-Newark-Jersey City, NY-NJ-PA","34","New Jersey","023","Middlesex","40.462182","-74.429439"
"02/02/2007","AQS","340230011","1","0.022","ppm","20","Rutgers University","17","100.0000","44201","Ozone","35620","New York-Newark-Jersey City, NY-NJ-PA","34","New Jersey","023","Middlesex","40.462182","-74.429439"
"02/03/2007","AQS","340230011","1","0.031","ppm","29","Rutgers University","17","100.0000","44201","Ozone","35620","New York-Newark-Jersey City, NY-NJ-PA","34","New Jersey","023","Middlesex","40.462182","-74.429439"
"02/04/2007","AQS","340230011","1","0.032","ppm","30","Rutgers University","17","100.0000","44201","Ozone","35620","New York-Newark-Jersey City, NY-NJ-PA","34","New Jersey","023","Middlesex","40.462182","-74.429439"
"02/05/2007","AQS","340230011","1","0.028","ppm","26","Rutgers University","17","100.0000","44201","Ozone","35620","New York-Newark-Jersey City, NY-NJ-PA","34","New Jersey","023","Middlesex","40.462182","-74.429439"
"02/06/2007","AQS","340230011","1","0.026","ppm","24","Rutgers University","17","100.0000","44201","Ozone","35620","New York-Newark-Jersey City, NY-NJ-PA","34","New Jersey","023","Middlesex","40.462182","-74.429439"
"02/07/2007","AQS","340230011","1","0.027","ppm","25","Rutgers University","17","100.0000","44201","Ozone","35620","New York-Newark-Jersey City, NY-NJ-PA","34","New Jersey","023","Middlesex","40.462182","-74.429439"
"02/08/2007","AQS","340230011","1","0.028","ppm","26","Rutgers University","17","100.0000","44201","Ozone","35620","New York-Newark-Jersey City, NY-NJ-PA","34","New Jersey","023","Middlesex","40.462182","-74.429439"
"02/09/2007","AQS","340230011","1","0.029","ppm","27","Rutgers University","17","100.0000","44201","Ozone","35620","New York-Newark-Jersey City, NY-NJ-PA","34","New Jersey","023","Middlesex","40.462182","-74.429439"
"02/10/2007","AQS","340230011","1","0.03","ppm","28","Rutgers University","17","100.0000","44201","Ozone","35620","New York-Newark-Jersey City, NY-NJ-PA","34","New Jersey","023","Middlesex","40.462182","-74.429439"
"02/11/2007","AQS","340230011","1","0.033","ppm","31","Rutgers University","17","100.0000","44201","Ozone","35620","New York-Newark-Jersey City, NY-NJ-PA","34","New Jersey","023","Middlesex","40.462182","-74.429439"
"02/12/2007","AQS","340230011","1","0.023","ppm","21","Rutgers University","17","100.0000","44201","Ozone","35620","New York-Newark-Jersey City, NY-NJ-PA","34","New Jersey","023","Middlesex","40.462182","-74.429439"
"02/13/2007","AQS","340230011","1","0.016","ppm","15","Rutgers University","17","100.0000","44201","Ozone","35620","New York-Newark-Jersey City, NY-NJ-PA","34","New Jersey","023","Middlesex","40.462182","-74.429439"
"02/14/2007","AQS","340230011","1","0.03","ppm","28","Rutgers University","17","100.0000","44201","Ozone","35620","New York-Newark-Jersey City, NY-NJ-PA","34","New Jersey","023","Middlesex","40.462182","-74.429439"
"02/15/2007","AQS","340230011","1","0.033","ppm","31","Rutgers University","17","100.0000","44201","Ozone","35620","New York-Newark-Jersey City, NY-NJ-PA","34","New Jersey","023","Middlesex","40.462182","-74.429439"
"02/16/2007","AQS","340230011","1","0.034","ppm","31","Rutgers University","17","100.0000","44201","Ozone","35620","New York-Newark-Jersey City, NY-NJ-PA","34","New Jersey","023","Middlesex","40.462182","-74.429439"
"02/17/2007","AQS","340230011","1","0.034","ppm","31","Rutgers University","17","100.0000","44201","Ozone","35620","New York-Newark-Jersey City, NY-NJ-PA","34","New Jersey","023","Middlesex","40.462182","-74.429439"
"02/18/2007","AQS","340230011","1","0.036","ppm","33","Rutgers University","17","100.0000","44201","Ozone","35620","New York-Newark-Jersey City, NY-NJ-PA","34","New Jersey","023","Middlesex","40.462182","-74.429439"
"02/19/2007","AQS","340230011","1","0.037","ppm","34","Rutgers University","17","100.0000","44201","Ozone","35620","New York-Newark-Jersey City, NY-NJ-PA","34","New Jersey","023","Middlesex","40.462182","-74.429439"
"02/20/2007","AQS","340230011","1","0.013","ppm","12","Rutgers University","17","100.0000","44201","Ozone","35620","New York-Newark-Jersey City, NY-NJ-PA","34","New Jersey","023","Middlesex","40.462182","-74.429439"
"02/21/2007","AQS","340230011","1","0.036","ppm","33","Rutgers University","17","100.0000","44201","Ozone","35620","New York-Newark-Jersey City, NY-NJ-PA","34","New Jersey","023","Middlesex","40.462182","-74.429439"
"02/22/2007","AQS","340230011","1","0.027","ppm","25","Rutgers University","17","100.0000","44201","Ozone","35620","New York-Newark-Jersey City, NY-NJ-PA","34","New Jersey","023","Middlesex","40.462182","-74.429439"
"02/23/2007","AQS","340230011","1","0.038","ppm","35","Rutgers University","17","100.0000","44201","Ozone","35620","New York-Newark-Jersey City, NY-NJ-PA","34","New Jersey","023","Middlesex","40.462182","-74.429439"
"02/24/2007","AQS","340230011","1","0.038","ppm","35","Rutgers University","17","100.0000","44201","Ozone","35620","New York-Newark-Jersey City, NY-NJ-PA","34","New Jersey","023","Middlesex","40.462182","-74.429439"
"02/25/2007","AQS","340230011","1","0.025","ppm","23","Rutgers University","17","100.0000","44201","Ozone","35620","New York-Newark-Jersey City, NY-NJ-PA","34","New Jersey","023","Middlesex","40.462182","-74.429439"
"02/26/2007","AQS","340230011","1","0.008","ppm","7","Rutgers University","17","100.0000","44201","Ozone","35620","New York-Newark-Jersey City, NY-NJ-PA","34","New Jersey","023","Middlesex","40.462182","-74.429439"
"02/27/2007","AQS","340230011","1","0.014","ppm","13","Rutgers University","17","100.0000","44201","Ozone","35620","New York-Newark-Jersey City, NY-NJ-PA","34","New Jersey","023","Middlesex","40.462182","-74.429439"
"02/28/2007","AQS","340230011","1","0.041","ppm","38","Rutgers University","17","100.0000","44201","Ozone","35620","New York-Newark-Jersey City, NY-NJ-PA","34","New Jersey","023","Middlesex","40.462182","-74.429439"
"03/01/2007","AQS","340230011","1","0.03","ppm","28","Rutgers University","17","100.0000","44201","Ozone","35620","New York-Newark-Jersey City, NY-NJ-PA","34","New Jersey","023","Middlesex","40.462182","-74.429439"
"03/02/2007","AQS","340230011","1","0.039","ppm","36","Rutgers University","17","100.0000","44201","Ozone","35620","New York-Newark-Jersey City, NY-NJ-PA","34","New Jersey","023","Middlesex","40.462182","-74.429439"
"03/03/2007","AQS","340230011","1","0.041","ppm","38","Rutgers University","17","100.0000","44201","Ozone","35620","New York-Newark-Jersey City, NY-NJ-PA","34","New Jersey","023","Middlesex","40.462182","-74.429439"
"03/04/2007","AQS","340230011","1","0.037","ppm","34","Rutgers University","17","100.0000","44201","Ozone","35620","New York-Newark-Jersey City, NY-NJ-PA","34","New Jersey","023","Middlesex","40.462182","-74.429439"
"03/05/2007","AQS","340230011","1","0.039","ppm","36","Rutgers University","17","100.0000","44201","Ozone","35620","New York-Newark-Jersey City, NY-NJ-PA","34","New Jersey","023","Middlesex","40.462182","-74.429439"
"03/06/2007","AQS","340230011","1","0.037","ppm","34","Rutgers University","17","100.0000","44201","Ozone","35620","New York-Newark-Jersey City, NY-NJ-PA","34","New Jersey","023","Middlesex","40.462182","-74.429439"
"03/07/2007","AQS","340230011","1","0.025","ppm","23","Rutgers University","17","100.0000","44201","Ozone","35620","New York-Newark-Jersey City, NY-NJ-PA","34","New Jersey","023","Middlesex","40.462182","-74.429439"
"03/08/2007","AQS","340230011","1","0.04","ppm","37","Rutgers University","17","100.0000","44201","Ozone","35620","New York-Newark-Jersey City, NY-NJ-PA","34","New Jersey","023","Middlesex","40.462182","-74.429439"
"03/09/2007","AQS","340230011","1","0.027","ppm","25","Rutgers University","17","100.0000","44201","Ozone","35620","New York-Newark-Jersey City, NY-NJ-PA","34","New Jersey","023","Middlesex","40.462182","-74.429439"
"03/10/2007","AQS","340230011","1","0.043","ppm","40","Rutgers University","17","100.0000","44201","Ozone","35620","New York-Newark-Jersey City, NY-NJ-PA","34","New Jersey","023","Middlesex","40.462182","-74.429439"
"03/11/2007","AQS","340230011","1","0.042","ppm","39","Rutgers University","17","100.0000","44201","Ozone","35620","New York-Newark-Jersey City, NY-NJ-PA","34","New Jersey","023","Middlesex","40.462182","-74.429439"
"03/12/2007","AQS","340230011","1","0.033","ppm","31","Rutgers University","17","100.0000","44201","Ozone","35620","New York-Newark-Jersey City, NY-NJ-PA","34","New Jersey","023","Middlesex","40.462182","-74.429439"
"03/13/2007","AQS","340230011","1","0.037","ppm","34","Rutgers University","17","100.0000","44201","Ozone","35620","New York-Newark-Jersey City, NY-NJ-PA","34","New Jersey","023","Middlesex","40.462182","-74.429439"
"03/14/2007","AQS","340230011","1","0.061","ppm","71","Rutgers University","17","100.0000","44201","Ozone","35620","New York-Newark-Jersey City, NY-NJ-PA","34","New Jersey","023","Middlesex","40.462182","-74.429439"
"03/15/2007","AQS","340230011","1","0.032","ppm","30","Rutgers University","17","100.0000","44201","Ozone","35620","New York-Newark-Jersey City, NY-NJ-PA","34","New Jersey","023","Middlesex","40.462182","-74.429439"
"03/16/2007","AQS","340230011","1","0.03","ppm","28","Rutgers University","17","100.0000","44201","Ozone","35620","New York-Newark-Jersey City, NY-NJ-PA","34","New Jersey","023","Middlesex","40.462182","-74.429439"
"03/17/2007","AQS","340230011","1","0.04","ppm","37","Rutgers University","17","100.0000","44201","Ozone","35620","New York-Newark-Jersey City, NY-NJ-PA","34","New Jersey","023","Middlesex","40.462182","-74.429439"
"03/18/2007","AQS","340230011","1","0.043","ppm","40","Rutgers University","17","100.0000","44201","Ozone","35620","New York-Newark-Jersey City, NY-NJ-PA","34","New Jersey","023","Middlesex","40.462182","-74.429439"
"03/19/2007","AQS","340230011","1","0.039","ppm","36","Rutgers University","17","100.0000","44201","Ozone","35620","New York-Newark-Jersey City, NY-NJ-PA","34","New Jersey","023","Middlesex","40.462182","-74.429439"
"03/20/2007","AQS","340230011","1","0.042","ppm","39","Rutgers University","17","100.0000","44201","Ozone","35620","New York-Newark-Jersey City, NY-NJ-PA","34","New Jersey","023","Middlesex","40.462182","-74.429439"
"03/21/2007","AQS","340230011","1","0.039","ppm","36","Rutgers University","17","100.0000","44201","Ozone","35620","New York-Newark-Jersey City, NY-NJ-PA","34","New Jersey","023","Middlesex","40.462182","-74.429439"
"03/22/2007","AQS","340230011","1","0.05","ppm","46","Rutgers University","17","100.0000","44201","Ozone","35620","New York-Newark-Jersey City, NY-NJ-PA","34","New Jersey","023","Middlesex","40.462182","-74.429439"
"03/23/2007","AQS","340230011","1","0.022","ppm","20","Rutgers University","17","100.0000","44201","Ozone","35620","New York-Newark-Jersey City, NY-NJ-PA","34","New Jersey","023","Middlesex","40.462182","-74.429439"
"03/24/2007","AQS","340230011","1","0.038","ppm","35","Rutgers University","17","100.0000","44201","Ozone","35620","New York-Newark-Jersey City, NY-NJ-PA","34","New Jersey","023","Middlesex","40.462182","-74.429439"
"03/25/2007","AQS","340230011","1","0.038","ppm","35","Rutgers University","17","100.0000","44201","Ozone","35620","New York-Newark-Jersey City, NY-NJ-PA","34","New Jersey","023","Middlesex","40.462182","-74.429439"
"03/26/2007","AQS","340230011","1","0.037","ppm","34","Rutgers University","17","100.0000","44201","Ozone","35620","New York-Newark-Jersey City, NY-NJ-PA","34","New Jersey","023","Middlesex","40.462182","-74.429439"
"03/27/2007","AQS","340230011","1","0.047","ppm","44","Rutgers University","17","100.0000","44201","Ozone","35620","New York-Newark-Jersey City, NY-NJ-PA","34","New Jersey","023","Middlesex","40.462182","-74.429439"
"03/28/2007","AQS","340230011","1","0.045","ppm","42","Rutgers University","17","100.0000","44201","Ozone","35620","New York-Newark-Jersey City, NY-NJ-PA","34","New Jersey","023","Middlesex","40.462182","-74.429439"
"03/29/2007","AQS","340230011","1","0.044","ppm","41","Rutgers University","17","100.0000","44201","Ozone","35620","New York-Newark-Jersey City, NY-NJ-PA","34","New Jersey","023","Middlesex","40.462182","-74.429439"
"03/30/2007","AQS","340230011","1","0.041","ppm","38","Rutgers University","17","100.0000","44201","Ozone","35620","New York-Newark-Jersey City, NY-NJ-PA","34","New Jersey","023","Middlesex","40.462182","-74.429439"
"03/31/2007","AQS","340230011","1","0.036","ppm","33","Rutgers University","17","100.0000","44201","Ozone","35620","New York-Newark-Jersey City, NY-NJ-PA","34","New Jersey","023","Middlesex","40.462182","-74.429439"
"04/01/2007","AQS","340230011","1","0.039","ppm","36","Rutgers University","17","100.0000","44201","Ozone","35620","New York-Newark-Jersey City, NY-NJ-PA","34","New Jersey","023","Middlesex","40.462182","-74.429439"
"04/02/2007","AQS","340230011","1","0.037","ppm","34","Rutgers University","17","100.0000","44201","Ozone","35620","New York-Newark-Jersey City, NY-NJ-PA","34","New Jersey","023","Middlesex","40.462182","-74.429439"
"04/03/2007","AQS","340230011","1","0.038","ppm","35","Rutgers University","17","100.0000","44201","Ozone","35620","New York-Newark-Jersey City, NY-NJ-PA","34","New Jersey","023","Middlesex","40.462182","-74.429439"
"04/04/2007","AQS","340230011","1","0.029","ppm","27","Rutgers University","17","100.0000","44201","Ozone","35620","New York-Newark-Jersey City, NY-NJ-PA","34","New Jersey","023","Middlesex","40.462182","-74.429439"
"04/05/2007","AQS","340230011","1","0.031","ppm","29","Rutgers University","17","100.0000","44201","Ozone","35620","New York-Newark-Jersey City, NY-NJ-PA","34","New Jersey","023","Middlesex","40.462182","-74.429439"
"04/06/2007","AQS","340230011","1","0.034","ppm","31","Rutgers University","17","100.0000","44201","Ozone","35620","New York-Newark-Jersey City, NY-NJ-PA","34","New Jersey","023","Middlesex","40.462182","-74.429439"
"04/07/2007","AQS","340230011","1","0.037","ppm","34","Rutgers University","17","100.0000","44201","Ozone","35620","New York-Newark-Jersey City, NY-NJ-PA","34","New Jersey","023","Middlesex","40.462182","-74.429439"
"04/08/2007","AQS","340230011","1","0.029","ppm","27","Rutgers University","17","100.0000","44201","Ozone","35620","New York-Newark-Jersey City, NY-NJ-PA","34","New Jersey","023","Middlesex","40.462182","-74.429439"
"04/09/2007","AQS","340230011","1","0.035","ppm","32","Rutgers University","17","100.0000","44201","Ozone","35620","New York-Newark-Jersey City, NY-NJ-PA","34","New Jersey","023","Middlesex","40.462182","-74.429439"
"04/10/2007","AQS","340230011","1","0.043","ppm","40","Rutgers University","17","100.0000","44201","Ozone","35620","New York-Newark-Jersey City, NY-NJ-PA","34","New Jersey","023","Middlesex","40.462182","-74.429439"
"04/11/2007","AQS","340230011","1","0.041","ppm","38","Rutgers University","17","100.0000","44201","Ozone","35620","New York-Newark-Jersey City, NY-NJ-PA","34","New Jersey","023","Middlesex","40.462182","-74.429439"
"04/12/2007","AQS","340230011","1","0.033","ppm","31","Rutgers University","17","100.0000","44201","Ozone","35620","New York-Newark-Jersey City, NY-NJ-PA","34","New Jersey","023","Middlesex","40.462182","-74.429439"
"04/13/2007","AQS","340230011","1","0.035","ppm","32","Rutgers University","17","100.0000","44201","Ozone","35620","New York-Newark-Jersey City, NY-NJ-PA","34","New Jersey","023","Middlesex","40.462182","-74.429439"
"04/14/2007","AQS","340230011","1","0.052","ppm","48","Rutgers University","17","100.0000","44201","Ozone","35620","New York-Newark-Jersey City, NY-NJ-PA","34","New Jersey","023","Middlesex","40.462182","-74.429439"
"04/15/2007","AQS","340230011","1","0.045","ppm","42","Rutgers University","17","100.0000","44201","Ozone","35620","New York-Newark-Jersey City, NY-NJ-PA","34","New Jersey","023","Middlesex","40.462182","-74.429439"
"04/16/2007","AQS","340230011","1","0.035","ppm","32","Rutgers University","17","100.0000","44201","Ozone","35620","New York-Newark-Jersey City, NY-NJ-PA","34","New Jersey","023","Middlesex","40.462182","-74.429439"
"04/17/2007","AQS","340230011","1","0.037","ppm","34","Rutgers University","17","100.0000","44201","Ozone","35620","New York-Newark-Jersey City, NY-NJ-PA","34","New Jersey","023","Middlesex","40.462182","-74.429439"
"04/18/2007","AQS","340230011","1","0.034","ppm","31","Rutgers University","17","100.0000","44201","Ozone","35620","New York-Newark-Jersey City, NY-NJ-PA","34","New Jersey","023","Middlesex","40.462182","-74.429439"
"04/19/2007","AQS","340230011","1","0.035","ppm","32","Rutgers University","17","100.0000","44201","Ozone","35620","New York-Newark-Jersey City, NY-NJ-PA","34","New Jersey","023","Middlesex","40.462182","-74.429439"
"04/20/2007","AQS","340230011","1","0.051","ppm","47","Rutgers University","17","100.0000","44201","Ozone","35620","New York-Newark-Jersey City, NY-NJ-PA","34","New Jersey","023","Middlesex","40.462182","-74.429439"
"04/21/2007","AQS","340230011","1","0.054","ppm","50","Rutgers University","17","100.0000","44201","Ozone","35620","New York-Newark-Jersey City, NY-NJ-PA","34","New Jersey","023","Middlesex","40.462182","-74.429439"
"04/22/2007","AQS","340230011","1","0.06","ppm","67","Rutgers University","17","100.0000","44201","Ozone","35620","New York-Newark-Jersey City, NY-NJ-PA","34","New Jersey","023","Middlesex","40.462182","-74.429439"
"04/23/2007","AQS","340230011","1","0.076","ppm","119","Rutgers University","17","100.0000","44201","Ozone","35620","New York-Newark-Jersey City, NY-NJ-PA","34","New Jersey","023","Middlesex","40.462182","-74.429439"
"04/24/2007","AQS","340230011","1","0.054","ppm","50","Rutgers University","17","100.0000","44201","Ozone","35620","New York-Newark-Jersey City, NY-NJ-PA","34","New Jersey","023","Middlesex","40.462182","-74.429439"
"04/25/2007","AQS","340230011","1","0.04","ppm","37","Rutgers University","17","100.0000","44201","Ozone","35620","New York-Newark-Jersey City, NY-NJ-PA","34","New Jersey","023","Middlesex","40.462182","-74.429439"
"04/26/2007","AQS","340230011","1","0.048","ppm","44","Rutgers University","17","100.0000","44201","Ozone","35620","New York-Newark-Jersey City, NY-NJ-PA","34","New Jersey","023","Middlesex","40.462182","-74.429439"
"04/27/2007","AQS","340230011","1","0.01","ppm","9","Rutgers University","17","100.0000","44201","Ozone","35620","New York-Newark-Jersey City, NY-NJ-PA","34","New Jersey","023","Middlesex","40.462182","-74.429439"
"04/28/2007","AQS","340230011","1","0.042","ppm","39","Rutgers University","17","100.0000","44201","Ozone","35620","New York-Newark-Jersey City, NY-NJ-PA","34","New Jersey","023","Middlesex","40.462182","-74.429439"
"04/29/2007","AQS","340230011","1","0.044","ppm","41","Rutgers University","17","100.0000","44201","Ozone","35620","New York-Newark-Jersey City, NY-NJ-PA","34","New Jersey","023","Middlesex","40.462182","-74.429439"
"04/30/2007","AQS","340230011","1","0.058","ppm","61","Rutgers University","17","100.0000","44201","Ozone","35620","New York-Newark-Jersey City, NY-NJ-PA","34","New Jersey","023","Middlesex","40.462182","-74.429439"
"05/01/2007","AQS","340230011","1","0.043","ppm","40","Rutgers University","17","100.0000","44201","Ozone","35620","New York-Newark-Jersey City, NY-NJ-PA","34","New Jersey","023","Middlesex","40.462182","-74.429439"
"05/02/2007","AQS","340230011","1","0.044","ppm","41","Rutgers University","17","100.0000","44201","Ozone","35620","New York-Newark-Jersey City, NY-NJ-PA","34","New Jersey","023","Middlesex","40.462182","-74.429439"
"05/03/2007","AQS","340230011","1","0.05","ppm","46","Rutgers University","17","100.0000","44201","Ozone","35620","New York-Newark-Jersey City, NY-NJ-PA","34","New Jersey","023","Middlesex","40.462182","-74.429439"
"05/04/2007","AQS","340230011","1","0.047","ppm","44","Rutgers University","17","100.0000","44201","Ozone","35620","New York-Newark-Jersey City, NY-NJ-PA","34","New Jersey","023","Middlesex","40.462182","-74.429439"
"05/05/2007","AQS","340230011","1","0.058","ppm","61","Rutgers University","17","100.0000","44201","Ozone","35620","New York-Newark-Jersey City, NY-NJ-PA","34","New Jersey","023","Middlesex","40.462182","-74.429439"
"05/06/2007","AQS","340230011","1","0.041","ppm","38","Rutgers University","17","100.0000","44201","Ozone","35620","New York-Newark-Jersey City, NY-NJ-PA","34","New Jersey","023","Middlesex","40.462182","-74.429439"
"05/07/2007","AQS","340230011","1","0.036","ppm","33","Rutgers University","17","100.0000","44201","Ozone","35620","New York-Newark-Jersey City, NY-NJ-PA","34","New Jersey","023","Middlesex","40.462182","-74.429439"
"05/08/2007","AQS","340230011","1","0.045","ppm","42","Rutgers University","17","100.0000","44201","Ozone","35620","New York-Newark-Jersey City, NY-NJ-PA","34","New Jersey","023","Middlesex","40.462182","-74.429439"
"05/09/2007","AQS","340230011","1","0.041","ppm","38","Rutgers University","17","100.0000","44201","Ozone","35620","New York-Newark-Jersey City, NY-NJ-PA","34","New Jersey","023","Middlesex","40.462182","-74.429439"
"05/10/2007","AQS","340230011","1","0.024","ppm","22","Rutgers University","17","100.0000","44201","Ozone","35620","New York-Newark-Jersey City, NY-NJ-PA","34","New Jersey","023","Middlesex","40.462182","-74.429439"
"05/11/2007","AQS","340230011","1","0.045","ppm","42","Rutgers University","17","100.0000","44201","Ozone","35620","New York-Newark-Jersey City, NY-NJ-PA","34","New Jersey","023","Middlesex","40.462182","-74.429439"
"05/12/2007","AQS","340230011","1","0.037","ppm","34","Rutgers University","17","100.0000","44201","Ozone","35620","New York-Newark-Jersey City, NY-NJ-PA","34","New Jersey","023","Middlesex","40.462182","-74.429439"
"05/13/2007","AQS","340230011","1","0.049","ppm","45","Rutgers University","17","100.0000","44201","Ozone","35620","New York-Newark-Jersey City, NY-NJ-PA","34","New Jersey","023","Middlesex","40.462182","-74.429439"
"05/14/2007","AQS","340230011","1","0.051","ppm","47","Rutgers University","17","100.0000","44201","Ozone","35620","New York-Newark-Jersey City, NY-NJ-PA","34","New Jersey","023","Middlesex","40.462182","-74.429439"
"05/15/2007","AQS","340230011","1","0.085","ppm","150","Rutgers University","17","100.0000","44201","Ozone","35620","New York-Newark-Jersey City, NY-NJ-PA","34","New Jersey","023","Middlesex","40.462182","-74.429439"
"05/16/2007","AQS","340230011","1","0.07","ppm","100","Rutgers University","17","100.0000","44201","Ozone","35620","New York-Newark-Jersey City, NY-NJ-PA","34","New Jersey","023","Middlesex","40.462182","-74.429439"
"05/17/2007","AQS","340230011","1","0.039","ppm","36","Rutgers University","17","100.0000","44201","Ozone","35620","New York-Newark-Jersey City, NY-NJ-PA","34","New Jersey","023","Middlesex","40.462182","-74.429439"
"05/18/2007","AQS","340230011","1","0.025","ppm","23","Rutgers University","17","100.0000","44201","Ozone","35620","New York-Newark-Jersey City, NY-NJ-PA","34","New Jersey","023","Middlesex","40.462182","-74.429439"
"05/19/2007","AQS","340230011","1","0.037","ppm","34","Rutgers University","17","100.0000","44201","Ozone","35620","New York-Newark-Jersey City, NY-NJ-PA","34","New Jersey","023","Middlesex","40.462182","-74.429439"
"05/20/2007","AQS","340230011","1","0.056","ppm","54","Rutgers University","17","100.0000","44201","Ozone","35620","New York-Newark-Jersey City, NY-NJ-PA","34","New Jersey","023","Middlesex","40.462182","-74.429439"
"05/21/2007","AQS","340230011","1","0.045","ppm","42","Rutgers University","17","100.0000","44201","Ozone","35620","New York-Newark-Jersey City, NY-NJ-PA","34","New Jersey","023","Middlesex","40.462182","-74.429439"
"05/22/2007","AQS","340230011","1","0.045","ppm","42","Rutgers University","17","100.0000","44201","Ozone","35620","New York-Newark-Jersey City, NY-NJ-PA","34","New Jersey","023","Middlesex","40.462182","-74.429439"
"05/23/2007","AQS","340230011","1","0.069","ppm","97","Rutgers University","17","100.0000","44201","Ozone","35620","New York-Newark-Jersey City, NY-NJ-PA","34","New Jersey","023","Middlesex","40.462182","-74.429439"
"05/24/2007","AQS","340230011","1","0.081","ppm","136","Rutgers University","17","100.0000","44201","Ozone","35620","New York-Newark-Jersey City, NY-NJ-PA","34","New Jersey","023","Middlesex","40.462182","-74.429439"
"05/25/2007","AQS","340230011","1","0.085","ppm","150","Rutgers University","17","100.0000","44201","Ozone","35620","New York-Newark-Jersey City, NY-NJ-PA","34","New Jersey","023","Middlesex","40.462182","-74.429439"
"05/26/2007","AQS","340230011","1","0.067","ppm","90","Rutgers University","17","100.0000","44201","Ozone","35620","New York-Newark-Jersey City, NY-NJ-PA","34","New Jersey","023","Middlesex","40.462182","-74.429439"
"05/27/2007","AQS","340230011","1","0.08","ppm","133","Rutgers University","17","100.0000","44201","Ozone","35620","New York-Newark-Jersey City, NY-NJ-PA","34","New Jersey","023","Middlesex","40.462182","-74.429439"
"05/28/2007","AQS","340230011","1","0.057","ppm","58","Rutgers University","17","100.0000","44201","Ozone","35620","New York-Newark-Jersey City, NY-NJ-PA","34","New Jersey","023","Middlesex","40.462182","-74.429439"
"05/29/2007","AQS","340230011","1","0.052","ppm","48","Rutgers University","17","100.0000","44201","Ozone","35620","New York-Newark-Jersey City, NY-NJ-PA","34","New Jersey","023","Middlesex","40.462182","-74.429439"
"05/30/2007","AQS","340230011","1","0.079","ppm","129","Rutgers University","17","100.0000","44201","Ozone","35620","New York-Newark-Jersey City, NY-NJ-PA","34","New Jersey","023","Middlesex","40.462182","-74.429439"
"05/31/2007","AQS","340230011","1","0.077","ppm","122","Rutgers University","17","100.0000","44201","Ozone","35620","New York-Newark-Jersey City, NY-NJ-PA","34","New Jersey","023","Middlesex","40.462182","-74.429439"
"06/01/2007","AQS","340230011","1","0.085","ppm","150","Rutgers University","17","100.0000","44201","Ozone","35620","New York-Newark-Jersey City, NY-NJ-PA","34","New Jersey","023","Middlesex","40.462182","-74.429439"
"06/02/2007","AQS","340230011","1","0.085","ppm","150","Rutgers University","17","100.0000","44201","Ozone","35620","New York-Newark-Jersey City, NY-NJ-PA","34","New Jersey","023","Middlesex","40.462182","-74.429439"
"06/03/2007","AQS","340230011","1","0.038","ppm","35","Rutgers University","17","100.0000","44201","Ozone","35620","New York-Newark-Jersey City, NY-NJ-PA","34","New Jersey","023","Middlesex","40.462182","-74.429439"
"06/04/2007","AQS","340230011","1","0.022","ppm","20","Rutgers University","17","100.0000","44201","Ozone","35620","New York-Newark-Jersey City, NY-NJ-PA","34","New Jersey","023","Middlesex","40.462182","-74.429439"
"06/05/2007","AQS","340230011","1","0.059","ppm","64","Rutgers University","17","100.0000","44201","Ozone","35620","New York-Newark-Jersey City, NY-NJ-PA","34","New Jersey","023","Middlesex","40.462182","-74.429439"
"06/06/2007","AQS","340230011","1","0.038","ppm","35","Rutgers University","17","100.0000","44201","Ozone","35620","New York-Newark-Jersey City, NY-NJ-PA","34","New Jersey","023","Middlesex","40.462182","-74.429439"
"06/07/2007","AQS","340230011","1","0.065","ppm","84","Rutgers University","17","100.0000","44201","Ozone","35620","New York-Newark-Jersey City, NY-NJ-PA","34","New Jersey","023","Middlesex","40.462182","-74.429439"
"06/08/2007","AQS","340230011","1","0.068","ppm","93","Rutgers University","17","100.0000","44201","Ozone","35620","New York-Newark-Jersey City, NY-NJ-PA","34","New Jersey","023","Middlesex","40.462182","-74.429439"
"06/09/2007","AQS","340230011","1","0.057","ppm","58","Rutgers University","17","100.0000","44201","Ozone","35620","New York-Newark-Jersey City, NY-NJ-PA","34","New Jersey","023","Middlesex","40.462182","-74.429439"
"06/10/2007","AQS","340230011","1","0.051","ppm","47","Rutgers University","17","100.0000","44201","Ozone","35620","New York-Newark-Jersey City, NY-NJ-PA","34","New Jersey","023","Middlesex","40.462182","-74.429439"
"06/12/2007","AQS","340230011","1","0.045","ppm","42","Rutgers University","17","100.0000","44201","Ozone","35620","New York-Newark-Jersey City, NY-NJ-PA","34","New Jersey","023","Middlesex","40.462182","-74.429439"
"06/13/2007","AQS","340230011","1","0.025","ppm","23","Rutgers University","17","100.0000","44201","Ozone","35620","New York-Newark-Jersey City, NY-NJ-PA","34","New Jersey","023","Middlesex","40.462182","-74.429439"
"06/14/2007","AQS","340230011","1","0.018","ppm","17","Rutgers University","17","100.0000","44201","Ozone","35620","New York-Newark-Jersey City, NY-NJ-PA","34","New Jersey","023","Middlesex","40.462182","-74.429439"
"06/15/2007","AQS","340230011","1","0.039","ppm","36","Rutgers University","17","100.0000","44201","Ozone","35620","New York-Newark-Jersey City, NY-NJ-PA","34","New Jersey","023","Middlesex","40.462182","-74.429439"
"06/16/2007","AQS","340230011","1","0.052","ppm","48","Rutgers University","17","100.0000","44201","Ozone","35620","New York-Newark-Jersey City, NY-NJ-PA","34","New Jersey","023","Middlesex","40.462182","-74.429439"
"06/17/2007","AQS","340230011","1","0.07","ppm","100","Rutgers University","17","100.0000","44201","Ozone","35620","New York-Newark-Jersey City, NY-NJ-PA","34","New Jersey","023","Middlesex","40.462182","-74.429439"
"06/18/2007","AQS","340230011","1","0.062","ppm","74","Rutgers University","17","100.0000","44201","Ozone","35620","New York-Newark-Jersey City, NY-NJ-PA","34","New Jersey","023","Middlesex","40.462182","-74.429439"
"06/19/2007","AQS","340230011","1","0.063","ppm","77","Rutgers University","17","100.0000","44201","Ozone","35620","New York-Newark-Jersey City, NY-NJ-PA","34","New Jersey","023","Middlesex","40.462182","-74.429439"
"06/20/2007","AQS","340230011","1","0.043","ppm","40","Rutgers University","17","100.0000","44201","Ozone","35620","New York-Newark-Jersey City, NY-NJ-PA","34","New Jersey","023","Middlesex","40.462182","-74.429439"
"06/21/2007","AQS","340230011","1","0.062","ppm","74","Rutgers University","17","100.0000","44201","Ozone","35620","New York-Newark-Jersey City, NY-NJ-PA","34","New Jersey","023","Middlesex","40.462182","-74.429439"
"06/22/2007","AQS","340230011","1","0.038","ppm","35","Rutgers University","17","100.0000","44201","Ozone","35620","New York-Newark-Jersey City, NY-NJ-PA","34","New Jersey","023","Middlesex","40.462182","-74.429439"
"06/23/2007","AQS","340230011","1","0.044","ppm","41","Rutgers University","17","100.0000","44201","Ozone","35620","New York-Newark-Jersey City, NY-NJ-PA","34","New Jersey","023","Middlesex","40.462182","-74.429439"
"06/24/2007","AQS","340230011","1","0.052","ppm","48","Rutgers University","17","100.0000","44201","Ozone","35620","New York-Newark-Jersey City, NY-NJ-PA","34","New Jersey","023","Middlesex","40.462182","-74.429439"
"06/25/2007","AQS","340230011","1","0.058","ppm","61","Rutgers University","17","100.0000","44201","Ozone","35620","New York-Newark-Jersey City, NY-NJ-PA","34","New Jersey","023","Middlesex","40.462182","-74.429439"
"06/26/2007","AQS","340230011","1","0.084","ppm","147","Rutgers University","17","100.0000","44201","Ozone","35620","New York-Newark-Jersey City, NY-NJ-PA","34","New Jersey","023","Middlesex","40.462182","-74.429439"
"06/27/2007","AQS","340230011","1","0.102","ppm","192","Rutgers University","17","100.0000","44201","Ozone","35620","New York-Newark-Jersey City, NY-NJ-PA","34","New Jersey","023","Middlesex","40.462182","-74.429439"
"06/28/2007","AQS","340230011","1","0.063","ppm","77","Rutgers University","13","76.0000","44201","Ozone","35620","New York-Newark-Jersey City, NY-NJ-PA","34","New Jersey","023","Middlesex","40.462182","-74.429439"
"06/29/2007","AQS","340230011","1","0.03","ppm","28","Rutgers University","17","100.0000","44201","Ozone","35620","New York-Newark-Jersey City, NY-NJ-PA","34","New Jersey","023","Middlesex","40.462182","-74.429439"
"06/30/2007","AQS","340230011","1","0.054","ppm","50","Rutgers University","17","100.0000","44201","Ozone","35620","New York-Newark-Jersey City, NY-NJ-PA","34","New Jersey","023","Middlesex","40.462182","-74.429439"
"07/01/2007","AQS","340230011","1","0.032","ppm","30","Rutgers University","17","100.0000","44201","Ozone","35620","New York-Newark-Jersey City, NY-NJ-PA","34","New Jersey","023","Middlesex","40.462182","-74.429439"
"07/02/2007","AQS","340230011","1","0.033","ppm","31","Rutgers University","17","100.0000","44201","Ozone","35620","New York-Newark-Jersey City, NY-NJ-PA","34","New Jersey","023","Middlesex","40.462182","-74.429439"
"07/03/2007","AQS","340230011","1","0.05","ppm","46","Rutgers University","17","100.0000","44201","Ozone","35620","New York-Newark-Jersey City, NY-NJ-PA","34","New Jersey","023","Middlesex","40.462182","-74.429439"
"07/04/2007","AQS","340230011","1","0.046","ppm","43","Rutgers University","17","100.0000","44201","Ozone","35620","New York-Newark-Jersey City, NY-NJ-PA","34","New Jersey","023","Middlesex","40.462182","-74.429439"
"07/05/2007","AQS","340230011","1","0.054","ppm","50","Rutgers University","17","100.0000","44201","Ozone","35620","New York-Newark-Jersey City, NY-NJ-PA","34","New Jersey","023","Middlesex","40.462182","-74.429439"
"07/06/2007","AQS","340230011","1","0.054","ppm","50","Rutgers University","17","100.0000","44201","Ozone","35620","New York-Newark-Jersey City, NY-NJ-PA","34","New Jersey","023","Middlesex","40.462182","-74.429439"
"07/07/2007","AQS","340230011","1","0.054","ppm","50","Rutgers University","17","100.0000","44201","Ozone","35620","New York-Newark-Jersey City, NY-NJ-PA","34","New Jersey","023","Middlesex","40.462182","-74.429439"
"07/08/2007","AQS","340230011","1","0.076","ppm","119","Rutgers University","17","100.0000","44201","Ozone","35620","New York-Newark-Jersey City, NY-NJ-PA","34","New Jersey","023","Middlesex","40.462182","-74.429439"
"07/09/2007","AQS","340230011","1","0.098","ppm","182","Rutgers University","17","100.0000","44201","Ozone","35620","New York-Newark-Jersey City, NY-NJ-PA","34","New Jersey","023","Middlesex","40.462182","-74.429439"
"07/10/2007","AQS","340230011","1","0.084","ppm","147","Rutgers University","17","100.0000","44201","Ozone","35620","New York-Newark-Jersey City, NY-NJ-PA","34","New Jersey","023","Middlesex","40.462182","-74.429439"
"07/11/2007","AQS","340230011","1","0.052","ppm","48","Rutgers University","17","100.0000","44201","Ozone","35620","New York-Newark-Jersey City, NY-NJ-PA","34","New Jersey","023","Middlesex","40.462182","-74.429439"
"07/12/2007","AQS","340230011","1","0.053","ppm","49","Rutgers University","17","100.0000","44201","Ozone","35620","New York-Newark-Jersey City, NY-NJ-PA","34","New Jersey","023","Middlesex","40.462182","-74.429439"
"07/13/2007","AQS","340230011","1","0.063","ppm","77","Rutgers University","17","100.0000","44201","Ozone","35620","New York-Newark-Jersey City, NY-NJ-PA","34","New Jersey","023","Middlesex","40.462182","-74.429439"
"07/14/2007","AQS","340230011","1","0.077","ppm","122","Rutgers University","17","100.0000","44201","Ozone","35620","New York-Newark-Jersey City, NY-NJ-PA","34","New Jersey","023","Middlesex","40.462182","-74.429439"
"07/15/2007","AQS","340230011","1","0.08","ppm","133","Rutgers University","17","100.0000","44201","Ozone","35620","New York-Newark-Jersey City, NY-NJ-PA","34","New Jersey","023","Middlesex","40.462182","-74.429439"
"07/16/2007","AQS","340230011","1","0.05","ppm","46","Rutgers University","17","100.0000","44201","Ozone","35620","New York-Newark-Jersey City, NY-NJ-PA","34","New Jersey","023","Middlesex","40.462182","-74.429439"
"07/17/2007","AQS","340230011","1","0.093","ppm","169","Rutgers University","17","100.0000","44201","Ozone","35620","New York-Newark-Jersey City, NY-NJ-PA","34","New Jersey","023","Middlesex","40.462182","-74.429439"
"07/18/2007","AQS","340230011","1","0.042","ppm","39","Rutgers University","13","76.0000","44201","Ozone","35620","New York-Newark-Jersey City, NY-NJ-PA","34","New Jersey","023","Middlesex","40.462182","-74.429439"
"07/19/2007","AQS","340230011","1","0.068","ppm","93","Rutgers University","17","100.0000","44201","Ozone","35620","New York-Newark-Jersey City, NY-NJ-PA","34","New Jersey","023","Middlesex","40.462182","-74.429439"
"07/20/2007","AQS","340230011","1","0.048","ppm","44","Rutgers University","17","100.0000","44201","Ozone","35620","New York-Newark-Jersey City, NY-NJ-PA","34","New Jersey","023","Middlesex","40.462182","-74.429439"
"07/21/2007","AQS","340230011","1","0.03","ppm","28","Rutgers University","17","100.0000","44201","Ozone","35620","New York-Newark-Jersey City, NY-NJ-PA","34","New Jersey","023","Middlesex","40.462182","-74.429439"
"07/22/2007","AQS","340230011","1","0.049","ppm","45","Rutgers University","17","100.0000","44201","Ozone","35620","New York-Newark-Jersey City, NY-NJ-PA","34","New Jersey","023","Middlesex","40.462182","-74.429439"
"07/23/2007","AQS","340230011","1","0.02","ppm","19","Rutgers University","17","100.0000","44201","Ozone","35620","New York-Newark-Jersey City, NY-NJ-PA","34","New Jersey","023","Middlesex","40.462182","-74.429439"
"07/24/2007","AQS","340230011","1","0.063","ppm","77","Rutgers University","17","100.0000","44201","Ozone","35620","New York-Newark-Jersey City, NY-NJ-PA","34","New Jersey","023","Middlesex","40.462182","-74.429439"
"07/25/2007","AQS","340230011","1","0.052","ppm","48","Rutgers University","17","100.0000","44201","Ozone","35620","New York-Newark-Jersey City, NY-NJ-PA","34","New Jersey","023","Middlesex","40.462182","-74.429439"
"07/26/2007","AQS","340230011","1","0.054","ppm","50","Rutgers University","17","100.0000","44201","Ozone","35620","New York-Newark-Jersey City, NY-NJ-PA","34","New Jersey","023","Middlesex","40.462182","-74.429439"
"07/27/2007","AQS","340230011","1","0.037","ppm","34","Rutgers University","17","100.0000","44201","Ozone","35620","New York-Newark-Jersey City, NY-NJ-PA","34","New Jersey","023","Middlesex","40.462182","-74.429439"
"07/28/2007","AQS","340230011","1","0.06","ppm","67","Rutgers University","17","100.0000","44201","Ozone","35620","New York-Newark-Jersey City, NY-NJ-PA","34","New Jersey","023","Middlesex","40.462182","-74.429439"
"07/30/2007","AQS","340230011","1","0.076","ppm","119","Rutgers University","13","76.0000","44201","Ozone","35620","New York-Newark-Jersey City, NY-NJ-PA","34","New Jersey","023","Middlesex","40.462182","-74.429439"
"07/31/2007","AQS","340230011","1","0.067","ppm","90","Rutgers University","17","100.0000","44201","Ozone","35620","New York-Newark-Jersey City, NY-NJ-PA","34","New Jersey","023","Middlesex","40.462182","-74.429439"
"08/01/2007","AQS","340230011","1","0.061","ppm","71","Rutgers University","17","100.0000","44201","Ozone","35620","New York-Newark-Jersey City, NY-NJ-PA","34","New Jersey","023","Middlesex","40.462182","-74.429439"
"08/02/2007","AQS","340230011","1","0.086","ppm","151","Rutgers University","17","100.0000","44201","Ozone","35620","New York-Newark-Jersey City, NY-NJ-PA","34","New Jersey","023","Middlesex","40.462182","-74.429439"
"08/03/2007","AQS","340230011","1","0.09","ppm","161","Rutgers University","17","100.0000","44201","Ozone","35620","New York-Newark-Jersey City, NY-NJ-PA","34","New Jersey","023","Middlesex","40.462182","-74.429439"
"08/04/2007","AQS","340230011","1","0.068","ppm","93","Rutgers University","17","100.0000","44201","Ozone","35620","New York-Newark-Jersey City, NY-NJ-PA","34","New Jersey","023","Middlesex","40.462182","-74.429439"
"08/05/2007","AQS","340230011","1","0.051","ppm","47","Rutgers University","17","100.0000","44201","Ozone","35620","New York-Newark-Jersey City, NY-NJ-PA","34","New Jersey","023","Middlesex","40.462182","-74.429439"
"08/06/2007","AQS","340230011","1","0.07","ppm","100","Rutgers University","17","100.0000","44201","Ozone","35620","New York-Newark-Jersey City, NY-NJ-PA","34","New Jersey","023","Middlesex","40.462182","-74.429439"
"08/07/2007","AQS","340230011","1","0.061","ppm","71","Rutgers University","17","100.0000","44201","Ozone","35620","New York-Newark-Jersey City, NY-NJ-PA","34","New Jersey","023","Middlesex","40.462182","-74.429439"
"08/08/2007","AQS","340230011","1","0.067","ppm","90","Rutgers University","17","100.0000","44201","Ozone","35620","New York-Newark-Jersey City, NY-NJ-PA","34","New Jersey","023","Middlesex","40.462182","-74.429439"
"08/09/2007","AQS","340230011","1","0.045","ppm","42","Rutgers University","17","100.0000","44201","Ozone","35620","New York-Newark-Jersey City, NY-NJ-PA","34","New Jersey","023","Middlesex","40.462182","-74.429439"
"08/10/2007","AQS","340230011","1","0.024","ppm","22","Rutgers University","17","100.0000","44201","Ozone","35620","New York-Newark-Jersey City, NY-NJ-PA","34","New Jersey","023","Middlesex","40.462182","-74.429439"
"08/11/2007","AQS","340230011","1","0.05","ppm","46","Rutgers University","17","100.0000","44201","Ozone","35620","New York-Newark-Jersey City, NY-NJ-PA","34","New Jersey","023","Middlesex","40.462182","-74.429439"
"08/12/2007","AQS","340230011","1","0.047","ppm","44","Rutgers University","17","100.0000","44201","Ozone","35620","New York-Newark-Jersey City, NY-NJ-PA","34","New Jersey","023","Middlesex","40.462182","-74.429439"
"08/13/2007","AQS","340230011","1","0.057","ppm","58","Rutgers University","17","100.0000","44201","Ozone","35620","New York-Newark-Jersey City, NY-NJ-PA","34","New Jersey","023","Middlesex","40.462182","-74.429439"
"08/14/2007","AQS","340230011","1","0.044","ppm","41","Rutgers University","17","100.0000","44201","Ozone","35620","New York-Newark-Jersey City, NY-NJ-PA","34","New Jersey","023","Middlesex","40.462182","-74.429439"
"08/15/2007","AQS","340230011","1","0.081","ppm","136","Rutgers University","17","100.0000","44201","Ozone","35620","New York-Newark-Jersey City, NY-NJ-PA","34","New Jersey","023","Middlesex","40.462182","-74.429439"
"08/16/2007","AQS","340230011","1","0.075","ppm","115","Rutgers University","17","100.0000","44201","Ozone","35620","New York-Newark-Jersey City, NY-NJ-PA","34","New Jersey","023","Middlesex","40.462182","-74.429439"
"08/17/2007","AQS","340230011","1","0.059","ppm","64","Rutgers University","17","100.0000","44201","Ozone","35620","New York-Newark-Jersey City, NY-NJ-PA","34","New Jersey","023","Middlesex","40.462182","-74.429439"
"08/18/2007","AQS","340230011","1","0.027","ppm","25","Rutgers University","17","100.0000","44201","Ozone","35620","New York-Newark-Jersey City, NY-NJ-PA","34","New Jersey","023","Middlesex","40.462182","-74.429439"
"08/19/2007","AQS","340230011","1","0.03","ppm","28","Rutgers University","17","100.0000","44201","Ozone","35620","New York-Newark-Jersey City, NY-NJ-PA","34","New Jersey","023","Middlesex","40.462182","-74.429439"
"08/20/2007","AQS","340230011","1","0.025","ppm","23","Rutgers University","17","100.0000","44201","Ozone","35620","New York-Newark-Jersey City, NY-NJ-PA","34","New Jersey","023","Middlesex","40.462182","-74.429439"
"08/21/2007","AQS","340230011","1","0.021","ppm","19","Rutgers University","17","100.0000","44201","Ozone","35620","New York-Newark-Jersey City, NY-NJ-PA","34","New Jersey","023","Middlesex","40.462182","-74.429439"
"08/22/2007","AQS","340230011","1","0.017","ppm","16","Rutgers University","17","100.0000","44201","Ozone","35620","New York-Newark-Jersey City, NY-NJ-PA","34","New Jersey","023","Middlesex","40.462182","-74.429439"
"08/23/2007","AQS","340230011","1","0.013","ppm","12","Rutgers University","17","100.0000","44201","Ozone","35620","New York-Newark-Jersey City, NY-NJ-PA","34","New Jersey","023","Middlesex","40.462182","-74.429439"
"08/24/2007","AQS","340230011","1","0.057","ppm","58","Rutgers University","17","100.0000","44201","Ozone","35620","New York-Newark-Jersey City, NY-NJ-PA","34","New Jersey","023","Middlesex","40.462182","-74.429439"
"08/25/2007","AQS","340230011","1","0.061","ppm","71","Rutgers University","17","100.0000","44201","Ozone","35620","New York-Newark-Jersey City, NY-NJ-PA","34","New Jersey","023","Middlesex","40.462182","-74.429439"
"08/26/2007","AQS","340230011","1","0.041","ppm","38","Rutgers University","17","100.0000","44201","Ozone","35620","New York-Newark-Jersey City, NY-NJ-PA","34","New Jersey","023","Middlesex","40.462182","-74.429439"
"08/27/2007","AQS","340230011","1","0.047","ppm","44","Rutgers University","17","100.0000","44201","Ozone","35620","New York-Newark-Jersey City, NY-NJ-PA","34","New Jersey","023","Middlesex","40.462182","-74.429439"
"08/28/2007","AQS","340230011","1","0.056","ppm","54","Rutgers University","17","100.0000","44201","Ozone","35620","New York-Newark-Jersey City, NY-NJ-PA","34","New Jersey","023","Middlesex","40.462182","-74.429439"
"08/29/2007","AQS","340230011","1","0.069","ppm","97","Rutgers University","17","100.0000","44201","Ozone","35620","New York-Newark-Jersey City, NY-NJ-PA","34","New Jersey","023","Middlesex","40.462182","-74.429439"
"08/30/2007","AQS","340230011","1","0.078","ppm","126","Rutgers University","17","100.0000","44201","Ozone","35620","New York-Newark-Jersey City, NY-NJ-PA","34","New Jersey","023","Middlesex","40.462182","-74.429439"
"08/31/2007","AQS","340230011","1","0.036","ppm","33","Rutgers University","17","100.0000","44201","Ozone","35620","New York-Newark-Jersey City, NY-NJ-PA","34","New Jersey","023","Middlesex","40.462182","-74.429439"
"09/01/2007","AQS","340230011","1","0.038","ppm","35","Rutgers University","17","100.0000","44201","Ozone","35620","New York-Newark-Jersey City, NY-NJ-PA","34","New Jersey","023","Middlesex","40.462182","-74.429439"
"09/02/2007","AQS","340230011","1","0.048","ppm","44","Rutgers University","17","100.0000","44201","Ozone","35620","New York-Newark-Jersey City, NY-NJ-PA","34","New Jersey","023","Middlesex","40.462182","-74.429439"
"09/03/2007","AQS","340230011","1","0.063","ppm","77","Rutgers University","17","100.0000","44201","Ozone","35620","New York-Newark-Jersey City, NY-NJ-PA","34","New Jersey","023","Middlesex","40.462182","-74.429439"
"09/04/2007","AQS","340230011","1","0.048","ppm","44","Rutgers University","17","100.0000","44201","Ozone","35620","New York-Newark-Jersey City, NY-NJ-PA","34","New Jersey","023","Middlesex","40.462182","-74.429439"
"09/05/2007","AQS","340230011","1","0.033","ppm","31","Rutgers University","17","100.0000","44201","Ozone","35620","New York-Newark-Jersey City, NY-NJ-PA","34","New Jersey","023","Middlesex","40.462182","-74.429439"
"09/06/2007","AQS","340230011","1","0.054","ppm","50","Rutgers University","17","100.0000","44201","Ozone","35620","New York-Newark-Jersey City, NY-NJ-PA","34","New Jersey","023","Middlesex","40.462182","-74.429439"
"09/07/2007","AQS","340230011","1","0.068","ppm","93","Rutgers University","17","100.0000","44201","Ozone","35620","New York-Newark-Jersey City, NY-NJ-PA","34","New Jersey","023","Middlesex","40.462182","-74.429439"
"09/08/2007","AQS","340230011","1","0.071","ppm","101","Rutgers University","17","100.0000","44201","Ozone","35620","New York-Newark-Jersey City, NY-NJ-PA","34","New Jersey","023","Middlesex","40.462182","-74.429439"
"09/09/2007","AQS","340230011","1","0.039","ppm","36","Rutgers University","17","100.0000","44201","Ozone","35620","New York-Newark-Jersey City, NY-NJ-PA","34","New Jersey","023","Middlesex","40.462182","-74.429439"
"09/10/2007","AQS","340230011","1","0.024","ppm","22","Rutgers University","17","100.0000","44201","Ozone","35620","New York-Newark-Jersey City, NY-NJ-PA","34","New Jersey","023","Middlesex","40.462182","-74.429439"
"09/11/2007","AQS","340230011","1","0.03","ppm","28","Rutgers University","17","100.0000","44201","Ozone","35620","New York-Newark-Jersey City, NY-NJ-PA","34","New Jersey","023","Middlesex","40.462182","-74.429439"
"09/12/2007","AQS","340230011","1","0.037","ppm","34","Rutgers University","17","100.0000","44201","Ozone","35620","New York-Newark-Jersey City, NY-NJ-PA","34","New Jersey","023","Middlesex","40.462182","-74.429439"
"09/13/2007","AQS","340230011","1","0.039","ppm","36","Rutgers University","17","100.0000","44201","Ozone","35620","New York-Newark-Jersey City, NY-NJ-PA","34","New Jersey","023","Middlesex","40.462182","-74.429439"
"09/14/2007","AQS","340230011","1","0.049","ppm","45","Rutgers University","17","100.0000","44201","Ozone","35620","New York-Newark-Jersey City, NY-NJ-PA","34","New Jersey","023","Middlesex","40.462182","-74.429439"
"09/15/2007","AQS","340230011","1","0.029","ppm","27","Rutgers University","17","100.0000","44201","Ozone","35620","New York-Newark-Jersey City, NY-NJ-PA","34","New Jersey","023","Middlesex","40.462182","-74.429439"
"09/16/2007","AQS","340230011","1","0.025","ppm","23","Rutgers University","17","100.0000","44201","Ozone","35620","New York-Newark-Jersey City, NY-NJ-PA","34","New Jersey","023","Middlesex","40.462182","-74.429439"
"09/17/2007","AQS","340230011","1","0.032","ppm","30","Rutgers University","17","100.0000","44201","Ozone","35620","New York-Newark-Jersey City, NY-NJ-PA","34","New Jersey","023","Middlesex","40.462182","-74.429439"
"09/18/2007","AQS","340230011","1","0.03","ppm","28","Rutgers University","17","100.0000","44201","Ozone","35620","New York-Newark-Jersey City, NY-NJ-PA","34","New Jersey","023","Middlesex","40.462182","-74.429439"
"09/19/2007","AQS","340230011","1","0.031","ppm","29","Rutgers University","17","100.0000","44201","Ozone","35620","New York-Newark-Jersey City, NY-NJ-PA","34","New Jersey","023","Middlesex","40.462182","-74.429439"
"09/20/2007","AQS","340230011","1","0.06","ppm","67","Rutgers University","17","100.0000","44201","Ozone","35620","New York-Newark-Jersey City, NY-NJ-PA","34","New Jersey","023","Middlesex","40.462182","-74.429439"
"09/21/2007","AQS","340230011","1","0.079","ppm","129","Rutgers University","17","100.0000","44201","Ozone","35620","New York-Newark-Jersey City, NY-NJ-PA","34","New Jersey","023","Middlesex","40.462182","-74.429439"
"09/22/2007","AQS","340230011","1","0.023","ppm","21","Rutgers University","17","100.0000","44201","Ozone","35620","New York-Newark-Jersey City, NY-NJ-PA","34","New Jersey","023","Middlesex","40.462182","-74.429439"
"09/23/2007","AQS","340230011","1","0.041","ppm","38","Rutgers University","17","100.0000","44201","Ozone","35620","New York-Newark-Jersey City, NY-NJ-PA","34","New Jersey","023","Middlesex","40.462182","-74.429439"
"09/24/2007","AQS","340230011","1","0.041","ppm","38","Rutgers University","17","100.0000","44201","Ozone","35620","New York-Newark-Jersey City, NY-NJ-PA","34","New Jersey","023","Middlesex","40.462182","-74.429439"
"09/25/2007","AQS","340230011","1","0.077","ppm","122","Rutgers University","17","100.0000","44201","Ozone","35620","New York-Newark-Jersey City, NY-NJ-PA","34","New Jersey","023","Middlesex","40.462182","-74.429439"
"09/26/2007","AQS","340230011","1","0.077","ppm","122","Rutgers University","17","100.0000","44201","Ozone","35620","New York-Newark-Jersey City, NY-NJ-PA","34","New Jersey","023","Middlesex","40.462182","-74.429439"
"09/28/2007","AQS","340230011","1","0.042","ppm","39","Rutgers University","17","100.0000","44201","Ozone","35620","New York-Newark-Jersey City, NY-NJ-PA","34","New Jersey","023","Middlesex","40.462182","-74.429439"
"09/29/2007","AQS","340230011","1","0.036","ppm","33","Rutgers University","17","100.0000","44201","Ozone","35620","New York-Newark-Jersey City, NY-NJ-PA","34","New Jersey","023","Middlesex","40.462182","-74.429439"
"09/30/2007","AQS","340230011","1","0.036","ppm","33","Rutgers University","17","100.0000","44201","Ozone","35620","New York-Newark-Jersey City, NY-NJ-PA","34","New Jersey","023","Middlesex","40.462182","-74.429439"
"10/01/2007","AQS","340230011","1","0.032","ppm","30","Rutgers University","17","100.0000","44201","Ozone","35620","New York-Newark-Jersey City, NY-NJ-PA","34","New Jersey","023","Middlesex","40.462182","-74.429439"
"10/02/2007","AQS","340230011","1","0.033","ppm","31","Rutgers University","17","100.0000","44201","Ozone","35620","New York-Newark-Jersey City, NY-NJ-PA","34","New Jersey","023","Middlesex","40.462182","-74.429439"
"10/03/2007","AQS","340230011","1","0.03","ppm","28","Rutgers University","17","100.0000","44201","Ozone","35620","New York-Newark-Jersey City, NY-NJ-PA","34","New Jersey","023","Middlesex","40.462182","-74.429439"
"10/04/2007","AQS","340230011","1","0.051","ppm","47","Rutgers University","17","100.0000","44201","Ozone","35620","New York-Newark-Jersey City, NY-NJ-PA","34","New Jersey","023","Middlesex","40.462182","-74.429439"
"10/05/2007","AQS","340230011","1","0.032","ppm","30","Rutgers University","17","100.0000","44201","Ozone","35620","New York-Newark-Jersey City, NY-NJ-PA","34","New Jersey","023","Middlesex","40.462182","-74.429439"
"10/06/2007","AQS","340230011","1","0.046","ppm","43","Rutgers University","17","100.0000","44201","Ozone","35620","New York-Newark-Jersey City, NY-NJ-PA","34","New Jersey","023","Middlesex","40.462182","-74.429439"
"10/07/2007","AQS","340230011","1","0.041","ppm","38","Rutgers University","17","100.0000","44201","Ozone","35620","New York-Newark-Jersey City, NY-NJ-PA","34","New Jersey","023","Middlesex","40.462182","-74.429439"
"10/08/2007","AQS","340230011","1","0.061","ppm","71","Rutgers University","17","100.0000","44201","Ozone","35620","New York-Newark-Jersey City, NY-NJ-PA","34","New Jersey","023","Middlesex","40.462182","-74.429439"
"10/09/2007","AQS","340230011","1","0.023","ppm","21","Rutgers University","17","100.0000","44201","Ozone","35620","New York-Newark-Jersey City, NY-NJ-PA","34","New Jersey","023","Middlesex","40.462182","-74.429439"
"10/10/2007","AQS","340230011","1","0.027","ppm","25","Rutgers University","17","100.0000","44201","Ozone","35620","New York-Newark-Jersey City, NY-NJ-PA","34","New Jersey","023","Middlesex","40.462182","-74.429439"
"10/11/2007","AQS","340230011","1","0.028","ppm","26","Rutgers University","17","100.0000","44201","Ozone","35620","New York-Newark-Jersey City, NY-NJ-PA","34","New Jersey","023","Middlesex","40.462182","-74.429439"
"10/12/2007","AQS","340230011","1","0.03","ppm","28","Rutgers University","17","100.0000","44201","Ozone","35620","New York-Newark-Jersey City, NY-NJ-PA","34","New Jersey","023","Middlesex","40.462182","-74.429439"
"10/13/2007","AQS","340230011","1","0.034","ppm","31","Rutgers University","17","100.0000","44201","Ozone","35620","New York-Newark-Jersey City, NY-NJ-PA","34","New Jersey","023","Middlesex","40.462182","-74.429439"
"10/14/2007","AQS","340230011","1","0.033","ppm","31","Rutgers University","17","100.0000","44201","Ozone","35620","New York-Newark-Jersey City, NY-NJ-PA","34","New Jersey","023","Middlesex","40.462182","-74.429439"
"10/15/2007","AQS","340230011","1","0.034","ppm","31","Rutgers University","17","100.0000","44201","Ozone","35620","New York-Newark-Jersey City, NY-NJ-PA","34","New Jersey","023","Middlesex","40.462182","-74.429439"
"10/16/2007","AQS","340230011","1","0.025","ppm","23","Rutgers University","17","100.0000","44201","Ozone","35620","New York-Newark-Jersey City, NY-NJ-PA","34","New Jersey","023","Middlesex","40.462182","-74.429439"
"10/17/2007","AQS","340230011","1","0.041","ppm","38","Rutgers University","17","100.0000","44201","Ozone","35620","New York-Newark-Jersey City, NY-NJ-PA","34","New Jersey","023","Middlesex","40.462182","-74.429439"
"10/18/2007","AQS","340230011","1","0.033","ppm","31","Rutgers University","17","100.0000","44201","Ozone","35620","New York-Newark-Jersey City, NY-NJ-PA","34","New Jersey","023","Middlesex","40.462182","-74.429439"
"10/19/2007","AQS","340230011","1","0.03","ppm","28","Rutgers University","17","100.0000","44201","Ozone","35620","New York-Newark-Jersey City, NY-NJ-PA","34","New Jersey","023","Middlesex","40.462182","-74.429439"
"10/20/2007","AQS","340230011","1","0.039","ppm","36","Rutgers University","17","100.0000","44201","Ozone","35620","New York-Newark-Jersey City, NY-NJ-PA","34","New Jersey","023","Middlesex","40.462182","-74.429439"
"10/21/2007","AQS","340230011","1","0.046","ppm","43","Rutgers University","17","100.0000","44201","Ozone","35620","New York-Newark-Jersey City, NY-NJ-PA","34","New Jersey","023","Middlesex","40.462182","-74.429439"
"10/22/2007","AQS","340230011","1","0.047","ppm","44","Rutgers University","17","100.0000","44201","Ozone","35620","New York-Newark-Jersey City, NY-NJ-PA","34","New Jersey","023","Middlesex","40.462182","-74.429439"
"10/23/2007","AQS","340230011","1","0.046","ppm","43","Rutgers University","17","100.0000","44201","Ozone","35620","New York-Newark-Jersey City, NY-NJ-PA","34","New Jersey","023","Middlesex","40.462182","-74.429439"
"10/24/2007","AQS","340230011","1","0.019","ppm","18","Rutgers University","17","100.0000","44201","Ozone","35620","New York-Newark-Jersey City, NY-NJ-PA","34","New Jersey","023","Middlesex","40.462182","-74.429439"
"10/25/2007","AQS","340230011","1","0.017","ppm","16","Rutgers University","17","100.0000","44201","Ozone","35620","New York-Newark-Jersey City, NY-NJ-PA","34","New Jersey","023","Middlesex","40.462182","-74.429439"
"10/26/2007","AQS","340230011","1","0.026","ppm","24","Rutgers University","17","100.0000","44201","Ozone","35620","New York-Newark-Jersey City, NY-NJ-PA","34","New Jersey","023","Middlesex","40.462182","-74.429439"
"10/27/2007","AQS","340230011","1","0.028","ppm","26","Rutgers University","17","100.0000","44201","Ozone","35620","New York-Newark-Jersey City, NY-NJ-PA","34","New Jersey","023","Middlesex","40.462182","-74.429439"
"10/28/2007","AQS","340230011","1","0.034","ppm","31","Rutgers University","17","100.0000","44201","Ozone","35620","New York-Newark-Jersey City, NY-NJ-PA","34","New Jersey","023","Middlesex","40.462182","-74.429439"
"10/29/2007","AQS","340230011","1","0.025","ppm","23","Rutgers University","17","100.0000","44201","Ozone","35620","New York-Newark-Jersey City, NY-NJ-PA","34","New Jersey","023","Middlesex","40.462182","-74.429439"
"10/30/2007","AQS","340230011","1","0.033","ppm","31","Rutgers University","17","100.0000","44201","Ozone","35620","New York-Newark-Jersey City, NY-NJ-PA","34","New Jersey","023","Middlesex","40.462182","-74.429439"
"10/31/2007","AQS","340230011","1","0.039","ppm","36","Rutgers University","17","100.0000","44201","Ozone","35620","New York-Newark-Jersey City, NY-NJ-PA","34","New Jersey","023","Middlesex","40.462182","-74.429439"
"11/01/2007","AQS","340230011","1","0.024","ppm","22","Rutgers University","17","100.0000","44201","Ozone","35620","New York-Newark-Jersey City, NY-NJ-PA","34","New Jersey","023","Middlesex","40.462182","-74.429439"
"11/02/2007","AQS","340230011","1","0.021","ppm","19","Rutgers University","17","100.0000","44201","Ozone","35620","New York-Newark-Jersey City, NY-NJ-PA","34","New Jersey","023","Middlesex","40.462182","-74.429439"
"11/03/2007","AQS","340230011","1","0.03","ppm","28","Rutgers University","17","100.0000","44201","Ozone","35620","New York-Newark-Jersey City, NY-NJ-PA","34","New Jersey","023","Middlesex","40.462182","-74.429439"
"11/04/2007","AQS","340230011","1","0.033","ppm","31","Rutgers University","17","100.0000","44201","Ozone","35620","New York-Newark-Jersey City, NY-NJ-PA","34","New Jersey","023","Middlesex","40.462182","-74.429439"
"11/05/2007","AQS","340230011","1","0.035","ppm","32","Rutgers University","17","100.0000","44201","Ozone","35620","New York-Newark-Jersey City, NY-NJ-PA","34","New Jersey","023","Middlesex","40.462182","-74.429439"
"11/06/2007","AQS","340230011","1","0.027","ppm","25","Rutgers University","17","100.0000","44201","Ozone","35620","New York-Newark-Jersey City, NY-NJ-PA","34","New Jersey","023","Middlesex","40.462182","-74.429439"
"11/07/2007","AQS","340230011","1","0.029","ppm","27","Rutgers University","17","100.0000","44201","Ozone","35620","New York-Newark-Jersey City, NY-NJ-PA","34","New Jersey","023","Middlesex","40.462182","-74.429439"
"11/08/2007","AQS","340230011","1","0.027","ppm","25","Rutgers University","17","100.0000","44201","Ozone","35620","New York-Newark-Jersey City, NY-NJ-PA","34","New Jersey","023","Middlesex","40.462182","-74.429439"
"11/09/2007","AQS","340230011","1","0.005","ppm","5","Rutgers University","17","100.0000","44201","Ozone","35620","New York-Newark-Jersey City, NY-NJ-PA","34","New Jersey","023","Middlesex","40.462182","-74.429439"
"11/10/2007","AQS","340230011","1","0.019","ppm","18","Rutgers University","17","100.0000","44201","Ozone","35620","New York-Newark-Jersey City, NY-NJ-PA","34","New Jersey","023","Middlesex","40.462182","-74.429439"
"11/11/2007","AQS","340230011","1","0.03","ppm","28","Rutgers University","17","100.0000","44201","Ozone","35620","New York-Newark-Jersey City, NY-NJ-PA","34","New Jersey","023","Middlesex","40.462182","-74.429439"
"11/12/2007","AQS","340230011","1","0.012","ppm","11","Rutgers University","17","100.0000","44201","Ozone","35620","New York-Newark-Jersey City, NY-NJ-PA","34","New Jersey","023","Middlesex","40.462182","-74.429439"
"11/13/2007","AQS","340230011","1","0.008","ppm","7","Rutgers University","17","100.0000","44201","Ozone","35620","New York-Newark-Jersey City, NY-NJ-PA","34","New Jersey","023","Middlesex","40.462182","-74.429439"
"11/14/2007","AQS","340230011","1","0.018","ppm","17","Rutgers University","17","100.0000","44201","Ozone","35620","New York-Newark-Jersey City, NY-NJ-PA","34","New Jersey","023","Middlesex","40.462182","-74.429439"
"11/15/2007","AQS","340230011","1","0.022","ppm","20","Rutgers University","17","100.0000","44201","Ozone","35620","New York-Newark-Jersey City, NY-NJ-PA","34","New Jersey","023","Middlesex","40.462182","-74.429439"
"11/16/2007","AQS","340230011","1","0.028","ppm","26","Rutgers University","17","100.0000","44201","Ozone","35620","New York-Newark-Jersey City, NY-NJ-PA","34","New Jersey","023","Middlesex","40.462182","-74.429439"
"11/17/2007","AQS","340230011","1","0.025","ppm","23","Rutgers University","17","100.0000","44201","Ozone","35620","New York-Newark-Jersey City, NY-NJ-PA","34","New Jersey","023","Middlesex","40.462182","-74.429439"
"11/18/2007","AQS","340230011","1","0.023","ppm","21","Rutgers University","17","100.0000","44201","Ozone","35620","New York-Newark-Jersey City, NY-NJ-PA","34","New Jersey","023","Middlesex","40.462182","-74.429439"
"11/19/2007","AQS","340230011","1","0.018","ppm","17","Rutgers University","17","100.0000","44201","Ozone","35620","New York-Newark-Jersey City, NY-NJ-PA","34","New Jersey","023","Middlesex","40.462182","-74.429439"
"11/20/2007","AQS","340230011","1","0.012","ppm","11","Rutgers University","17","100.0000","44201","Ozone","35620","New York-Newark-Jersey City, NY-NJ-PA","34","New Jersey","023","Middlesex","40.462182","-74.429439"
"11/21/2007","AQS","340230011","1","0.004","ppm","4","Rutgers University","17","100.0000","44201","Ozone","35620","New York-Newark-Jersey City, NY-NJ-PA","34","New Jersey","023","Middlesex","40.462182","-74.429439"
"11/22/2007","AQS","340230011","1","0.036","ppm","33","Rutgers University","17","100.0000","44201","Ozone","35620","New York-Newark-Jersey City, NY-NJ-PA","34","New Jersey","023","Middlesex","40.462182","-74.429439"
"11/23/2007","AQS","340230011","1","0.034","ppm","31","Rutgers University","17","100.0000","44201","Ozone","35620","New York-Newark-Jersey City, NY-NJ-PA","34","New Jersey","023","Middlesex","40.462182","-74.429439"
"11/24/2007","AQS","340230011","1","0.03","ppm","28","Rutgers University","17","100.0000","44201","Ozone","35620","New York-Newark-Jersey City, NY-NJ-PA","34","New Jersey","023","Middlesex","40.462182","-74.429439"
"11/25/2007","AQS","340230011","1","0.025","ppm","23","Rutgers University","17","100.0000","44201","Ozone","35620","New York-Newark-Jersey City, NY-NJ-PA","34","New Jersey","023","Middlesex","40.462182","-74.429439"
"11/26/2007","AQS","340230011","1","0.02","ppm","19","Rutgers University","17","100.0000","44201","Ozone","35620","New York-Newark-Jersey City, NY-NJ-PA","34","New Jersey","023","Middlesex","40.462182","-74.429439"
"11/27/2007","AQS","340230011","1","0.022","ppm","20","Rutgers University","17","100.0000","44201","Ozone","35620","New York-Newark-Jersey City, NY-NJ-PA","34","New Jersey","023","Middlesex","40.462182","-74.429439"
"11/28/2007","AQS","340230011","1","0.024","ppm","22","Rutgers University","17","100.0000","44201","Ozone","35620","New York-Newark-Jersey City, NY-NJ-PA","34","New Jersey","023","Middlesex","40.462182","-74.429439"
"11/29/2007","AQS","340230011","1","0.024","ppm","22","Rutgers University","17","100.0000","44201","Ozone","35620","New York-Newark-Jersey City, NY-NJ-PA","34","New Jersey","023","Middlesex","40.462182","-74.429439"
"11/30/2007","AQS","340230011","1","0.022","ppm","20","Rutgers University","17","100.0000","44201","Ozone","35620","New York-Newark-Jersey City, NY-NJ-PA","34","New Jersey","023","Middlesex","40.462182","-74.429439"
"12/01/2007","AQS","340230011","1","0.033","ppm","31","Rutgers University","17","100.0000","44201","Ozone","35620","New York-Newark-Jersey City, NY-NJ-PA","34","New Jersey","023","Middlesex","40.462182","-74.429439"
"12/02/2007","AQS","340230011","1","0.009","ppm","8","Rutgers University","17","100.0000","44201","Ozone","35620","New York-Newark-Jersey City, NY-NJ-PA","34","New Jersey","023","Middlesex","40.462182","-74.429439"
"12/03/2007","AQS","340230011","1","0.034","ppm","31","Rutgers University","17","100.0000","44201","Ozone","35620","New York-Newark-Jersey City, NY-NJ-PA","34","New Jersey","023","Middlesex","40.462182","-74.429439"
"12/04/2007","AQS","340230011","1","0.032","ppm","30","Rutgers University","17","100.0000","44201","Ozone","35620","New York-Newark-Jersey City, NY-NJ-PA","34","New Jersey","023","Middlesex","40.462182","-74.429439"
"12/05/2007","AQS","340230011","1","0.022","ppm","20","Rutgers University","17","100.0000","44201","Ozone","35620","New York-Newark-Jersey City, NY-NJ-PA","34","New Jersey","023","Middlesex","40.462182","-74.429439"
"12/06/2007","AQS","340230011","1","0.028","ppm","26","Rutgers University","17","100.0000","44201","Ozone","35620","New York-Newark-Jersey City, NY-NJ-PA","34","New Jersey","023","Middlesex","40.462182","-74.429439"
"12/07/2007","AQS","340230011","1","0.01","ppm","9","Rutgers University","17","100.0000","44201","Ozone","35620","New York-Newark-Jersey City, NY-NJ-PA","34","New Jersey","023","Middlesex","40.462182","-74.429439"
"12/08/2007","AQS","340230011","1","0.011","ppm","10","Rutgers University","17","100.0000","44201","Ozone","35620","New York-Newark-Jersey City, NY-NJ-PA","34","New Jersey","023","Middlesex","40.462182","-74.429439"
"12/09/2007","AQS","340230011","1","0.013","ppm","12","Rutgers University","17","100.0000","44201","Ozone","35620","New York-Newark-Jersey City, NY-NJ-PA","34","New Jersey","023","Middlesex","40.462182","-74.429439"
"12/10/2007","AQS","340230011","1","0.001","ppm","1","Rutgers University","17","100.0000","44201","Ozone","35620","New York-Newark-Jersey City, NY-NJ-PA","34","New Jersey","023","Middlesex","40.462182","-74.429439"
"12/11/2007","AQS","340230011","1","0.005","ppm","5","Rutgers University","17","100.0000","44201","Ozone","35620","New York-Newark-Jersey City, NY-NJ-PA","34","New Jersey","023","Middlesex","40.462182","-74.429439"
"12/12/2007","AQS","340230011","1","0.023","ppm","21","Rutgers University","17","100.0000","44201","Ozone","35620","New York-Newark-Jersey City, NY-NJ-PA","34","New Jersey","023","Middlesex","40.462182","-74.429439"
"12/13/2007","AQS","340230011","1","0.009","ppm","8","Rutgers University","17","100.0000","44201","Ozone","35620","New York-Newark-Jersey City, NY-NJ-PA","34","New Jersey","023","Middlesex","40.462182","-74.429439"
"12/14/2007","AQS","340230011","1","0.02","ppm","19","Rutgers University","17","100.0000","44201","Ozone","35620","New York-Newark-Jersey City, NY-NJ-PA","34","New Jersey","023","Middlesex","40.462182","-74.429439"
"12/15/2007","AQS","340230011","1","0.025","ppm","23","Rutgers University","17","100.0000","44201","Ozone","35620","New York-Newark-Jersey City, NY-NJ-PA","34","New Jersey","023","Middlesex","40.462182","-74.429439"
"12/16/2007","AQS","340230011","1","0.033","ppm","31","Rutgers University","17","100.0000","44201","Ozone","35620","New York-Newark-Jersey City, NY-NJ-PA","34","New Jersey","023","Middlesex","40.462182","-74.429439"
"12/17/2007","AQS","340230011","1","0.038","ppm","35","Rutgers University","17","100.0000","44201","Ozone","35620","New York-Newark-Jersey City, NY-NJ-PA","34","New Jersey","023","Middlesex","40.462182","-74.429439"
"12/18/2007","AQS","340230011","1","0.026","ppm","24","Rutgers University","17","100.0000","44201","Ozone","35620","New York-Newark-Jersey City, NY-NJ-PA","34","New Jersey","023","Middlesex","40.462182","-74.429439"
"12/19/2007","AQS","340230011","1","0.019","ppm","18","Rutgers University","17","100.0000","44201","Ozone","35620","New York-Newark-Jersey City, NY-NJ-PA","34","New Jersey","023","Middlesex","40.462182","-74.429439"
"12/20/2007","AQS","340230011","1","0.022","ppm","20","Rutgers University","17","100.0000","44201","Ozone","35620","New York-Newark-Jersey City, NY-NJ-PA","34","New Jersey","023","Middlesex","40.462182","-74.429439"
"12/21/2007","AQS","340230011","1","0.026","ppm","24","Rutgers University","17","100.0000","44201","Ozone","35620","New York-Newark-Jersey City, NY-NJ-PA","34","New Jersey","023","Middlesex","40.462182","-74.429439"
"12/22/2007","AQS","340230011","1","0.005","ppm","5","Rutgers University","17","100.0000","44201","Ozone","35620","New York-Newark-Jersey City, NY-NJ-PA","34","New Jersey","023","Middlesex","40.462182","-74.429439"
"12/23/2007","AQS","340230011","1","0.038","ppm","35","Rutgers University","17","100.0000","44201","Ozone","35620","New York-Newark-Jersey City, NY-NJ-PA","34","New Jersey","023","Middlesex","40.462182","-74.429439"
"12/24/2007","AQS","340230011","1","0.032","ppm","30","Rutgers University","17","100.0000","44201","Ozone","35620","New York-Newark-Jersey City, NY-NJ-PA","34","New Jersey","023","Middlesex","40.462182","-74.429439"
"12/25/2007","AQS","340230011","1","0.022","ppm","20","Rutgers University","17","100.0000","44201","Ozone","35620","New York-Newark-Jersey City, NY-NJ-PA","34","New Jersey","023","Middlesex","40.462182","-74.429439"
"12/26/2007","AQS","340230011","1","0.005","ppm","5","Rutgers University","17","100.0000","44201","Ozone","35620","New York-Newark-Jersey City, NY-NJ-PA","34","New Jersey","023","Middlesex","40.462182","-74.429439"
"12/27/2007","AQS","340230011","1","0.007","ppm","6","Rutgers University","17","100.0000","44201","Ozone","35620","New York-Newark-Jersey City, NY-NJ-PA","34","New Jersey","023","Middlesex","40.462182","-74.429439"
"12/28/2007","AQS","340230011","1","0.024","ppm","22","Rutgers University","17","100.0000","44201","Ozone","35620","New York-Newark-Jersey City, NY-NJ-PA","34","New Jersey","023","Middlesex","40.462182","-74.429439"
"12/29/2007","AQS","340230011","1","0.02","ppm","19","Rutgers University","17","100.0000","44201","Ozone","35620","New York-Newark-Jersey City, NY-NJ-PA","34","New Jersey","023","Middlesex","40.462182","-74.429439"
"12/30/2007","AQS","340230011","1","0.012","ppm","11","Rutgers University","17","100.0000","44201","Ozone","35620","New York-Newark-Jersey City, NY-NJ-PA","34","New Jersey","023","Middlesex","40.462182","-74.429439"
"03/21/2007","AQS","340250005","1","0.044","ppm","41","Monmouth University","16","94.0000","44201","Ozone","35620","New York-Newark-Jersey City, NY-NJ-PA","34","New Jersey","025","Monmouth","40.277647","-74.0051"
"03/22/2007","AQS","340250005","1","0.048","ppm","44","Monmouth University","17","100.0000","44201","Ozone","35620","New York-Newark-Jersey City, NY-NJ-PA","34","New Jersey","025","Monmouth","40.277647","-74.0051"
"03/23/2007","AQS","340250005","1","0.022","ppm","20","Monmouth University","17","100.0000","44201","Ozone","35620","New York-Newark-Jersey City, NY-NJ-PA","34","New Jersey","025","Monmouth","40.277647","-74.0051"
"03/24/2007","AQS","340250005","1","0.039","ppm","36","Monmouth University","17","100.0000","44201","Ozone","35620","New York-Newark-Jersey City, NY-NJ-PA","34","New Jersey","025","Monmouth","40.277647","-74.0051"
"03/25/2007","AQS","340250005","1","0.039","ppm","36","Monmouth University","17","100.0000","44201","Ozone","35620","New York-Newark-Jersey City, NY-NJ-PA","34","New Jersey","025","Monmouth","40.277647","-74.0051"
"03/26/2007","AQS","340250005","1","0.038","ppm","35","Monmouth University","17","100.0000","44201","Ozone","35620","New York-Newark-Jersey City, NY-NJ-PA","34","New Jersey","025","Monmouth","40.277647","-74.0051"
"03/27/2007","AQS","340250005","1","0.048","ppm","44","Monmouth University","17","100.0000","44201","Ozone","35620","New York-Newark-Jersey City, NY-NJ-PA","34","New Jersey","025","Monmouth","40.277647","-74.0051"
"03/28/2007","AQS","340250005","1","0.038","ppm","35","Monmouth University","17","100.0000","44201","Ozone","35620","New York-Newark-Jersey City, NY-NJ-PA","34","New Jersey","025","Monmouth","40.277647","-74.0051"
"03/29/2007","AQS","340250005","1","0.043","ppm","40","Monmouth University","17","100.0000","44201","Ozone","35620","New York-Newark-Jersey City, NY-NJ-PA","34","New Jersey","025","Monmouth","40.277647","-74.0051"
"03/30/2007","AQS","340250005","1","0.041","ppm","38","Monmouth University","17","100.0000","44201","Ozone","35620","New York-Newark-Jersey City, NY-NJ-PA","34","New Jersey","025","Monmouth","40.277647","-74.0051"
"03/31/2007","AQS","340250005","1","0.047","ppm","44","Monmouth University","17","100.0000","44201","Ozone","35620","New York-Newark-Jersey City, NY-NJ-PA","34","New Jersey","025","Monmouth","40.277647","-74.0051"
"04/01/2007","AQS","340250005","1","0.043","ppm","40","Monmouth University","17","100.0000","44201","Ozone","35620","New York-Newark-Jersey City, NY-NJ-PA","34","New Jersey","025","Monmouth","40.277647","-74.0051"
"04/02/2007","AQS","340250005","1","0.046","ppm","43","Monmouth University","17","100.0000","44201","Ozone","35620","New York-Newark-Jersey City, NY-NJ-PA","34","New Jersey","025","Monmouth","40.277647","-74.0051"
"04/03/2007","AQS","340250005","1","0.042","ppm","39","Monmouth University","17","100.0000","44201","Ozone","35620","New York-Newark-Jersey City, NY-NJ-PA","34","New Jersey","025","Monmouth","40.277647","-74.0051"
"04/04/2007","AQS","340250005","1","0.04","ppm","37","Monmouth University","17","100.0000","44201","Ozone","35620","New York-Newark-Jersey City, NY-NJ-PA","34","New Jersey","025","Monmouth","40.277647","-74.0051"
"04/05/2007","AQS","340250005","1","0.032","ppm","30","Monmouth University","17","100.0000","44201","Ozone","35620","New York-Newark-Jersey City, NY-NJ-PA","34","New Jersey","025","Monmouth","40.277647","-74.0051"
"04/06/2007","AQS","340250005","1","0.033","ppm","31","Monmouth University","17","100.0000","44201","Ozone","35620","New York-Newark-Jersey City, NY-NJ-PA","34","New Jersey","025","Monmouth","40.277647","-74.0051"
"04/07/2007","AQS","340250005","1","0.036","ppm","33","Monmouth University","17","100.0000","44201","Ozone","35620","New York-Newark-Jersey City, NY-NJ-PA","34","New Jersey","025","Monmouth","40.277647","-74.0051"
"04/08/2007","AQS","340250005","1","0.028","ppm","26","Monmouth University","17","100.0000","44201","Ozone","35620","New York-Newark-Jersey City, NY-NJ-PA","34","New Jersey","025","Monmouth","40.277647","-74.0051"
"04/09/2007","AQS","340250005","1","0.036","ppm","33","Monmouth University","17","100.0000","44201","Ozone","35620","New York-Newark-Jersey City, NY-NJ-PA","34","New Jersey","025","Monmouth","40.277647","-74.0051"
"04/10/2007","AQS","340250005","1","0.043","ppm","40","Monmouth University","17","100.0000","44201","Ozone","35620","New York-Newark-Jersey City, NY-NJ-PA","34","New Jersey","025","Monmouth","40.277647","-74.0051"
"04/11/2007","AQS","340250005","1","0.049","ppm","45","Monmouth University","17","100.0000","44201","Ozone","35620","New York-Newark-Jersey City, NY-NJ-PA","34","New Jersey","025","Monmouth","40.277647","-74.0051"
"04/12/2007","AQS","340250005","1","0.042","ppm","39","Monmouth University","17","100.0000","44201","Ozone","35620","New York-Newark-Jersey City, NY-NJ-PA","34","New Jersey","025","Monmouth","40.277647","-74.0051"
"04/13/2007","AQS","340250005","1","0.036","ppm","33","Monmouth University","17","100.0000","44201","Ozone","35620","New York-Newark-Jersey City, NY-NJ-PA","34","New Jersey","025","Monmouth","40.277647","-74.0051"
"04/14/2007","AQS","340250005","1","0.051","ppm","47","Monmouth University","17","100.0000","44201","Ozone","35620","New York-Newark-Jersey City, NY-NJ-PA","34","New Jersey","025","Monmouth","40.277647","-74.0051"
"04/15/2007","AQS","340250005","1","0.054","ppm","50","Monmouth University","17","100.0000","44201","Ozone","35620","New York-Newark-Jersey City, NY-NJ-PA","34","New Jersey","025","Monmouth","40.277647","-74.0051"
"04/16/2007","AQS","340250005","1","0.036","ppm","33","Monmouth University","17","100.0000","44201","Ozone","35620","New York-Newark-Jersey City, NY-NJ-PA","34","New Jersey","025","Monmouth","40.277647","-74.0051"
"04/17/2007","AQS","340250005","1","0.036","ppm","33","Monmouth University","17","100.0000","44201","Ozone","35620","New York-Newark-Jersey City, NY-NJ-PA","34","New Jersey","025","Monmouth","40.277647","-74.0051"
"04/18/2007","AQS","340250005","1","0.032","ppm","30","Monmouth University","17","100.0000","44201","Ozone","35620","New York-Newark-Jersey City, NY-NJ-PA","34","New Jersey","025","Monmouth","40.277647","-74.0051"
"04/19/2007","AQS","340250005","1","0.037","ppm","34","Monmouth University","17","100.0000","44201","Ozone","35620","New York-Newark-Jersey City, NY-NJ-PA","34","New Jersey","025","Monmouth","40.277647","-74.0051"
"04/20/2007","AQS","340250005","1","0.044","ppm","41","Monmouth University","17","100.0000","44201","Ozone","35620","New York-Newark-Jersey City, NY-NJ-PA","34","New Jersey","025","Monmouth","40.277647","-74.0051"
"04/21/2007","AQS","340250005","1","0.055","ppm","51","Monmouth University","17","100.0000","44201","Ozone","35620","New York-Newark-Jersey City, NY-NJ-PA","34","New Jersey","025","Monmouth","40.277647","-74.0051"
"04/22/2007","AQS","340250005","1","0.06","ppm","67","Monmouth University","17","100.0000","44201","Ozone","35620","New York-Newark-Jersey City, NY-NJ-PA","34","New Jersey","025","Monmouth","40.277647","-74.0051"
"04/23/2007","AQS","340250005","1","0.066","ppm","87","Monmouth University","17","100.0000","44201","Ozone","35620","New York-Newark-Jersey City, NY-NJ-PA","34","New Jersey","025","Monmouth","40.277647","-74.0051"
"04/24/2007","AQS","340250005","1","0.055","ppm","51","Monmouth University","17","100.0000","44201","Ozone","35620","New York-Newark-Jersey City, NY-NJ-PA","34","New Jersey","025","Monmouth","40.277647","-74.0051"
"04/25/2007","AQS","340250005","1","0.049","ppm","45","Monmouth University","17","100.0000","44201","Ozone","35620","New York-Newark-Jersey City, NY-NJ-PA","34","New Jersey","025","Monmouth","40.277647","-74.0051"
"04/26/2007","AQS","340250005","1","0.048","ppm","44","Monmouth University","17","100.0000","44201","Ozone","35620","New York-Newark-Jersey City, NY-NJ-PA","34","New Jersey","025","Monmouth","40.277647","-74.0051"
"04/27/2007","AQS","340250005","1","0.035","ppm","32","Monmouth University","17","100.0000","44201","Ozone","35620","New York-Newark-Jersey City, NY-NJ-PA","34","New Jersey","025","Monmouth","40.277647","-74.0051"
"04/28/2007","AQS","340250005","1","0.043","ppm","40","Monmouth University","17","100.0000","44201","Ozone","35620","New York-Newark-Jersey City, NY-NJ-PA","34","New Jersey","025","Monmouth","40.277647","-74.0051"
"04/29/2007","AQS","340250005","1","0.039","ppm","36","Monmouth University","17","100.0000","44201","Ozone","35620","New York-Newark-Jersey City, NY-NJ-PA","34","New Jersey","025","Monmouth","40.277647","-74.0051"
"04/30/2007","AQS","340250005","1","0.059","ppm","64","Monmouth University","17","100.0000","44201","Ozone","35620","New York-Newark-Jersey City, NY-NJ-PA","34","New Jersey","025","Monmouth","40.277647","-74.0051"
"05/01/2007","AQS","340250005","1","0.048","ppm","44","Monmouth University","17","100.0000","44201","Ozone","35620","New York-Newark-Jersey City, NY-NJ-PA","34","New Jersey","025","Monmouth","40.277647","-74.0051"
"05/02/2007","AQS","340250005","1","0.032","ppm","30","Monmouth University","17","100.0000","44201","Ozone","35620","New York-Newark-Jersey City, NY-NJ-PA","34","New Jersey","025","Monmouth","40.277647","-74.0051"
"05/03/2007","AQS","340250005","1","0.044","ppm","41","Monmouth University","17","100.0000","44201","Ozone","35620","New York-Newark-Jersey City, NY-NJ-PA","34","New Jersey","025","Monmouth","40.277647","-74.0051"
"05/04/2007","AQS","340250005","1","0.04","ppm","37","Monmouth University","17","100.0000","44201","Ozone","35620","New York-Newark-Jersey City, NY-NJ-PA","34","New Jersey","025","Monmouth","40.277647","-74.0051"
"05/05/2007","AQS","340250005","1","0.057","ppm","58","Monmouth University","17","100.0000","44201","Ozone","35620","New York-Newark-Jersey City, NY-NJ-PA","34","New Jersey","025","Monmouth","40.277647","-74.0051"
"05/06/2007","AQS","340250005","1","0.038","ppm","35","Monmouth University","17","100.0000","44201","Ozone","35620","New York-Newark-Jersey City, NY-NJ-PA","34","New Jersey","025","Monmouth","40.277647","-74.0051"
"05/07/2007","AQS","340250005","1","0.04","ppm","37","Monmouth University","17","100.0000","44201","Ozone","35620","New York-Newark-Jersey City, NY-NJ-PA","34","New Jersey","025","Monmouth","40.277647","-74.0051"
"05/09/2007","AQS","340250005","1","0.028","ppm","26","Monmouth University","17","100.0000","44201","Ozone","35620","New York-Newark-Jersey City, NY-NJ-PA","34","New Jersey","025","Monmouth","40.277647","-74.0051"
"05/10/2007","AQS","340250005","1","0.022","ppm","20","Monmouth University","17","100.0000","44201","Ozone","35620","New York-Newark-Jersey City, NY-NJ-PA","34","New Jersey","025","Monmouth","40.277647","-74.0051"
"05/11/2007","AQS","340250005","1","0.034","ppm","31","Monmouth University","17","100.0000","44201","Ozone","35620","New York-Newark-Jersey City, NY-NJ-PA","34","New Jersey","025","Monmouth","40.277647","-74.0051"
"05/12/2007","AQS","340250005","1","0.029","ppm","27","Monmouth University","17","100.0000","44201","Ozone","35620","New York-Newark-Jersey City, NY-NJ-PA","34","New Jersey","025","Monmouth","40.277647","-74.0051"
"05/13/2007","AQS","340250005","1","0.046","ppm","43","Monmouth University","17","100.0000","44201","Ozone","35620","New York-Newark-Jersey City, NY-NJ-PA","34","New Jersey","025","Monmouth","40.277647","-74.0051"
"05/14/2007","AQS","340250005","1","0.049","ppm","45","Monmouth University","17","100.0000","44201","Ozone","35620","New York-Newark-Jersey City, NY-NJ-PA","34","New Jersey","025","Monmouth","40.277647","-74.0051"
"05/15/2007","AQS","340250005","1","0.079","ppm","129","Monmouth University","17","100.0000","44201","Ozone","35620","New York-Newark-Jersey City, NY-NJ-PA","34","New Jersey","025","Monmouth","40.277647","-74.0051"
"05/16/2007","AQS","340250005","1","0.062","ppm","74","Monmouth University","17","100.0000","44201","Ozone","35620","New York-Newark-Jersey City, NY-NJ-PA","34","New Jersey","025","Monmouth","40.277647","-74.0051"
"05/17/2007","AQS","340250005","1","0.04","ppm","37","Monmouth University","17","100.0000","44201","Ozone","35620","New York-Newark-Jersey City, NY-NJ-PA","34","New Jersey","025","Monmouth","40.277647","-74.0051"
"05/18/2007","AQS","340250005","1","0.023","ppm","21","Monmouth University","17","100.0000","44201","Ozone","35620","New York-Newark-Jersey City, NY-NJ-PA","34","New Jersey","025","Monmouth","40.277647","-74.0051"
"05/19/2007","AQS","340250005","1","0.037","ppm","34","Monmouth University","17","100.0000","44201","Ozone","35620","New York-Newark-Jersey City, NY-NJ-PA","34","New Jersey","025","Monmouth","40.277647","-74.0051"
"05/20/2007","AQS","340250005","1","0.056","ppm","54","Monmouth University","17","100.0000","44201","Ozone","35620","New York-Newark-Jersey City, NY-NJ-PA","34","New Jersey","025","Monmouth","40.277647","-74.0051"
"05/21/2007","AQS","340250005","1","0.043","ppm","40","Monmouth University","17","100.0000","44201","Ozone","35620","New York-Newark-Jersey City, NY-NJ-PA","34","New Jersey","025","Monmouth","40.277647","-74.0051"
"05/22/2007","AQS","340250005","1","0.048","ppm","44","Monmouth University","17","100.0000","44201","Ozone","35620","New York-Newark-Jersey City, NY-NJ-PA","34","New Jersey","025","Monmouth","40.277647","-74.0051"
"05/23/2007","AQS","340250005","1","0.051","ppm","47","Monmouth University","17","100.0000","44201","Ozone","35620","New York-Newark-Jersey City, NY-NJ-PA","34","New Jersey","025","Monmouth","40.277647","-74.0051"
"05/24/2007","AQS","340250005","1","0.079","ppm","129","Monmouth University","17","100.0000","44201","Ozone","35620","New York-Newark-Jersey City, NY-NJ-PA","34","New Jersey","025","Monmouth","40.277647","-74.0051"
"05/25/2007","AQS","340250005","1","0.085","ppm","150","Monmouth University","17","100.0000","44201","Ozone","35620","New York-Newark-Jersey City, NY-NJ-PA","34","New Jersey","025","Monmouth","40.277647","-74.0051"
"05/26/2007","AQS","340250005","1","0.091","ppm","164","Monmouth University","8","47.0000","44201","Ozone","35620","New York-Newark-Jersey City, NY-NJ-PA","34","New Jersey","025","Monmouth","40.277647","-74.0051"
"05/28/2007","AQS","340250005","1","0.062","ppm","74","Monmouth University","15","88.0000","44201","Ozone","35620","New York-Newark-Jersey City, NY-NJ-PA","34","New Jersey","025","Monmouth","40.277647","-74.0051"
"05/29/2007","AQS","340250005","1","0.056","ppm","54","Monmouth University","17","100.0000","44201","Ozone","35620","New York-Newark-Jersey City, NY-NJ-PA","34","New Jersey","025","Monmouth","40.277647","-74.0051"
"05/30/2007","AQS","340250005","1","0.077","ppm","122","Monmouth University","13","76.0000","44201","Ozone","35620","New York-Newark-Jersey City, NY-NJ-PA","34","New Jersey","025","Monmouth","40.277647","-74.0051"
"05/31/2007","AQS","340250005","1","0.087","ppm","154","Monmouth University","17","100.0000","44201","Ozone","35620","New York-Newark-Jersey City, NY-NJ-PA","34","New Jersey","025","Monmouth","40.277647","-74.0051"
"06/01/2007","AQS","340250005","1","0.068","ppm","93","Monmouth University","17","100.0000","44201","Ozone","35620","New York-Newark-Jersey City, NY-NJ-PA","34","New Jersey","025","Monmouth","40.277647","-74.0051"
"06/03/2007","AQS","340250005","1","0.037","ppm","34","Monmouth University","17","100.0000","44201","Ozone","35620","New York-Newark-Jersey City, NY-NJ-PA","34","New Jersey","025","Monmouth","40.277647","-74.0051"
"06/04/2007","AQS","340250005","1","0.032","ppm","30","Monmouth University","17","100.0000","44201","Ozone","35620","New York-Newark-Jersey City, NY-NJ-PA","34","New Jersey","025","Monmouth","40.277647","-74.0051"
"06/05/2007","AQS","340250005","1","0.063","ppm","77","Monmouth University","15","88.0000","44201","Ozone","35620","New York-Newark-Jersey City, NY-NJ-PA","34","New Jersey","025","Monmouth","40.277647","-74.0051"
"06/06/2007","AQS","340250005","1","0.039","ppm","36","Monmouth University","17","100.0000","44201","Ozone","35620","New York-Newark-Jersey City, NY-NJ-PA","34","New Jersey","025","Monmouth","40.277647","-74.0051"
"06/07/2007","AQS","340250005","1","0.054","ppm","50","Monmouth University","17","100.0000","44201","Ozone","35620","New York-Newark-Jersey City, NY-NJ-PA","34","New Jersey","025","Monmouth","40.277647","-74.0051"
"06/08/2007","AQS","340250005","1","0.049","ppm","45","Monmouth University","17","100.0000","44201","Ozone","35620","New York-Newark-Jersey City, NY-NJ-PA","34","New Jersey","025","Monmouth","40.277647","-74.0051"
"06/09/2007","AQS","340250005","1","0.054","ppm","50","Monmouth University","17","100.0000","44201","Ozone","35620","New York-Newark-Jersey City, NY-NJ-PA","34","New Jersey","025","Monmouth","40.277647","-74.0051"
"06/10/2007","AQS","340250005","1","0.047","ppm","44","Monmouth University","17","100.0000","44201","Ozone","35620","New York-Newark-Jersey City, NY-NJ-PA","34","New Jersey","025","Monmouth","40.277647","-74.0051"
"06/11/2007","AQS","340250005","1","0.06","ppm","67","Monmouth University","17","100.0000","44201","Ozone","35620","New York-Newark-Jersey City, NY-NJ-PA","34","New Jersey","025","Monmouth","40.277647","-74.0051"
"06/12/2007","AQS","340250005","1","0.047","ppm","44","Monmouth University","17","100.0000","44201","Ozone","35620","New York-Newark-Jersey City, NY-NJ-PA","34","New Jersey","025","Monmouth","40.277647","-74.0051"
"06/13/2007","AQS","340250005","1","0.03","ppm","28","Monmouth University","17","100.0000","44201","Ozone","35620","New York-Newark-Jersey City, NY-NJ-PA","34","New Jersey","025","Monmouth","40.277647","-74.0051"
"06/14/2007","AQS","340250005","1","0.03","ppm","28","Monmouth University","17","100.0000","44201","Ozone","35620","New York-Newark-Jersey City, NY-NJ-PA","34","New Jersey","025","Monmouth","40.277647","-74.0051"
"06/15/2007","AQS","340250005","1","0.04","ppm","37","Monmouth University","17","100.0000","44201","Ozone","35620","New York-Newark-Jersey City, NY-NJ-PA","34","New Jersey","025","Monmouth","40.277647","-74.0051"
"06/16/2007","AQS","340250005","1","0.058","ppm","61","Monmouth University","17","100.0000","44201","Ozone","35620","New York-Newark-Jersey City, NY-NJ-PA","34","New Jersey","025","Monmouth","40.277647","-74.0051"
"06/17/2007","AQS","340250005","1","0.068","ppm","93","Monmouth University","17","100.0000","44201","Ozone","35620","New York-Newark-Jersey City, NY-NJ-PA","34","New Jersey","025","Monmouth","40.277647","-74.0051"
"06/18/2007","AQS","340250005","1","0.045","ppm","42","Monmouth University","17","100.0000","44201","Ozone","35620","New York-Newark-Jersey City, NY-NJ-PA","34","New Jersey","025","Monmouth","40.277647","-74.0051"
"06/19/2007","AQS","340250005","1","0.045","ppm","42","Monmouth University","17","100.0000","44201","Ozone","35620","New York-Newark-Jersey City, NY-NJ-PA","34","New Jersey","025","Monmouth","40.277647","-74.0051"
"06/20/2007","AQS","340250005","1","0.039","ppm","36","Monmouth University","17","100.0000","44201","Ozone","35620","New York-Newark-Jersey City, NY-NJ-PA","34","New Jersey","025","Monmouth","40.277647","-74.0051"
"06/21/2007","AQS","340250005","1","0.062","ppm","74","Monmouth University","17","100.0000","44201","Ozone","35620","New York-Newark-Jersey City, NY-NJ-PA","34","New Jersey","025","Monmouth","40.277647","-74.0051"
"06/22/2007","AQS","340250005","1","0.037","ppm","34","Monmouth University","17","100.0000","44201","Ozone","35620","New York-Newark-Jersey City, NY-NJ-PA","34","New Jersey","025","Monmouth","40.277647","-74.0051"
"06/23/2007","AQS","340250005","1","0.044","ppm","41","Monmouth University","17","100.0000","44201","Ozone","35620","New York-Newark-Jersey City, NY-NJ-PA","34","New Jersey","025","Monmouth","40.277647","-74.0051"
"06/24/2007","AQS","340250005","1","0.046","ppm","43","Monmouth University","17","100.0000","44201","Ozone","35620","New York-Newark-Jersey City, NY-NJ-PA","34","New Jersey","025","Monmouth","40.277647","-74.0051"
"06/25/2007","AQS","340250005","1","0.056","ppm","54","Monmouth University","17","100.0000","44201","Ozone","35620","New York-Newark-Jersey City, NY-NJ-PA","34","New Jersey","025","Monmouth","40.277647","-74.0051"
"06/26/2007","AQS","340250005","1","0.071","ppm","101","Monmouth University","17","100.0000","44201","Ozone","35620","New York-Newark-Jersey City, NY-NJ-PA","34","New Jersey","025","Monmouth","40.277647","-74.0051"
"06/27/2007","AQS","340250005","1","0.064","ppm","80","Monmouth University","17","100.0000","44201","Ozone","35620","New York-Newark-Jersey City, NY-NJ-PA","34","New Jersey","025","Monmouth","40.277647","-74.0051"
"06/28/2007","AQS","340250005","1","0.08","ppm","133","Monmouth University","17","100.0000","44201","Ozone","35620","New York-Newark-Jersey City, NY-NJ-PA","34","New Jersey","025","Monmouth","40.277647","-74.0051"
"06/29/2007","AQS","340250005","1","0.033","ppm","31","Monmouth University","17","100.0000","44201","Ozone","35620","New York-Newark-Jersey City, NY-NJ-PA","34","New Jersey","025","Monmouth","40.277647","-74.0051"
"06/30/2007","AQS","340250005","1","0.046","ppm","43","Monmouth University","17","100.0000","44201","Ozone","35620","New York-Newark-Jersey City, NY-NJ-PA","34","New Jersey","025","Monmouth","40.277647","-74.0051"
"07/01/2007","AQS","340250005","1","0.036","ppm","33","Monmouth University","17","100.0000","44201","Ozone","35620","New York-Newark-Jersey City, NY-NJ-PA","34","New Jersey","025","Monmouth","40.277647","-74.0051"
"07/02/2007","AQS","340250005","1","0.037","ppm","34","Monmouth University","17","100.0000","44201","Ozone","35620","New York-Newark-Jersey City, NY-NJ-PA","34","New Jersey","025","Monmouth","40.277647","-74.0051"
"07/03/2007","AQS","340250005","1","0.048","ppm","44","Monmouth University","17","100.0000","44201","Ozone","35620","New York-Newark-Jersey City, NY-NJ-PA","34","New Jersey","025","Monmouth","40.277647","-74.0051"
"07/04/2007","AQS","340250005","1","0.046","ppm","43","Monmouth University","17","100.0000","44201","Ozone","35620","New York-Newark-Jersey City, NY-NJ-PA","34","New Jersey","025","Monmouth","40.277647","-74.0051"
"07/05/2007","AQS","340250005","1","0.04","ppm","37","Monmouth University","17","100.0000","44201","Ozone","35620","New York-Newark-Jersey City, NY-NJ-PA","34","New Jersey","025","Monmouth","40.277647","-74.0051"
"07/06/2007","AQS","340250005","1","0.057","ppm","58","Monmouth University","17","100.0000","44201","Ozone","35620","New York-Newark-Jersey City, NY-NJ-PA","34","New Jersey","025","Monmouth","40.277647","-74.0051"
"07/07/2007","AQS","340250005","1","0.056","ppm","54","Monmouth University","17","100.0000","44201","Ozone","35620","New York-Newark-Jersey City, NY-NJ-PA","34","New Jersey","025","Monmouth","40.277647","-74.0051"
"07/08/2007","AQS","340250005","1","0.082","ppm","140","Monmouth University","17","100.0000","44201","Ozone","35620","New York-Newark-Jersey City, NY-NJ-PA","34","New Jersey","025","Monmouth","40.277647","-74.0051"
"07/09/2007","AQS","340250005","1","0.087","ppm","154","Monmouth University","17","100.0000","44201","Ozone","35620","New York-Newark-Jersey City, NY-NJ-PA","34","New Jersey","025","Monmouth","40.277647","-74.0051"
"07/10/2007","AQS","340250005","1","0.053","ppm","49","Monmouth University","17","100.0000","44201","Ozone","35620","New York-Newark-Jersey City, NY-NJ-PA","34","New Jersey","025","Monmouth","40.277647","-74.0051"
"07/11/2007","AQS","340250005","1","0.042","ppm","39","Monmouth University","17","100.0000","44201","Ozone","35620","New York-Newark-Jersey City, NY-NJ-PA","34","New Jersey","025","Monmouth","40.277647","-74.0051"
"07/12/2007","AQS","340250005","1","0.053","ppm","49","Monmouth University","17","100.0000","44201","Ozone","35620","New York-Newark-Jersey City, NY-NJ-PA","34","New Jersey","025","Monmouth","40.277647","-74.0051"
"07/13/2007","AQS","340250005","1","0.066","ppm","87","Monmouth University","17","100.0000","44201","Ozone","35620","New York-Newark-Jersey City, NY-NJ-PA","34","New Jersey","025","Monmouth","40.277647","-74.0051"
"07/14/2007","AQS","340250005","1","0.071","ppm","101","Monmouth University","17","100.0000","44201","Ozone","35620","New York-Newark-Jersey City, NY-NJ-PA","34","New Jersey","025","Monmouth","40.277647","-74.0051"
"07/15/2007","AQS","340250005","1","0.066","ppm","87","Monmouth University","17","100.0000","44201","Ozone","35620","New York-Newark-Jersey City, NY-NJ-PA","34","New Jersey","025","Monmouth","40.277647","-74.0051"
"07/16/2007","AQS","340250005","1","0.055","ppm","51","Monmouth University","17","100.0000","44201","Ozone","35620","New York-Newark-Jersey City, NY-NJ-PA","34","New Jersey","025","Monmouth","40.277647","-74.0051"
"07/17/2007","AQS","340250005","1","0.056","ppm","54","Monmouth University","17","100.0000","44201","Ozone","35620","New York-Newark-Jersey City, NY-NJ-PA","34","New Jersey","025","Monmouth","40.277647","-74.0051"
"07/18/2007","AQS","340250005","1","0.047","ppm","44","Monmouth University","17","100.0000","44201","Ozone","35620","New York-Newark-Jersey City, NY-NJ-PA","34","New Jersey","025","Monmouth","40.277647","-74.0051"
"07/19/2007","AQS","340250005","1","0.063","ppm","77","Monmouth University","17","100.0000","44201","Ozone","35620","New York-Newark-Jersey City, NY-NJ-PA","34","New Jersey","025","Monmouth","40.277647","-74.0051"
"07/20/2007","AQS","340250005","1","0.051","ppm","47","Monmouth University","17","100.0000","44201","Ozone","35620","New York-Newark-Jersey City, NY-NJ-PA","34","New Jersey","025","Monmouth","40.277647","-74.0051"
"07/21/2007","AQS","340250005","1","0.038","ppm","35","Monmouth University","17","100.0000","44201","Ozone","35620","New York-Newark-Jersey City, NY-NJ-PA","34","New Jersey","025","Monmouth","40.277647","-74.0051"
"07/22/2007","AQS","340250005","1","0.045","ppm","42","Monmouth University","17","100.0000","44201","Ozone","35620","New York-Newark-Jersey City, NY-NJ-PA","34","New Jersey","025","Monmouth","40.277647","-74.0051"
"07/23/2007","AQS","340250005","1","0.018","ppm","17","Monmouth University","17","100.0000","44201","Ozone","35620","New York-Newark-Jersey City, NY-NJ-PA","34","New Jersey","025","Monmouth","40.277647","-74.0051"
"07/24/2007","AQS","340250005","1","0.054","ppm","50","Monmouth University","17","100.0000","44201","Ozone","35620","New York-Newark-Jersey City, NY-NJ-PA","34","New Jersey","025","Monmouth","40.277647","-74.0051"
"07/25/2007","AQS","340250005","1","0.041","ppm","38","Monmouth University","17","100.0000","44201","Ozone","35620","New York-Newark-Jersey City, NY-NJ-PA","34","New Jersey","025","Monmouth","40.277647","-74.0051"
"07/26/2007","AQS","340250005","1","0.031","ppm","29","Monmouth University","17","100.0000","44201","Ozone","35620","New York-Newark-Jersey City, NY-NJ-PA","34","New Jersey","025","Monmouth","40.277647","-74.0051"
"07/27/2007","AQS","340250005","1","0.025","ppm","23","Monmouth University","17","100.0000","44201","Ozone","35620","New York-Newark-Jersey City, NY-NJ-PA","34","New Jersey","025","Monmouth","40.277647","-74.0051"
"07/28/2007","AQS","340250005","1","0.054","ppm","50","Monmouth University","17","100.0000","44201","Ozone","35620","New York-Newark-Jersey City, NY-NJ-PA","34","New Jersey","025","Monmouth","40.277647","-74.0051"
"07/29/2007","AQS","340250005","1","0.049","ppm","45","Monmouth University","17","100.0000","44201","Ozone","35620","New York-Newark-Jersey City, NY-NJ-PA","34","New Jersey","025","Monmouth","40.277647","-74.0051"
"07/30/2007","AQS","340250005","1","0.065","ppm","84","Monmouth University","17","100.0000","44201","Ozone","35620","New York-Newark-Jersey City, NY-NJ-PA","34","New Jersey","025","Monmouth","40.277647","-74.0051"
"07/31/2007","AQS","340250005","1","0.078","ppm","126","Monmouth University","17","100.0000","44201","Ozone","35620","New York-Newark-Jersey City, NY-NJ-PA","34","New Jersey","025","Monmouth","40.277647","-74.0051"
"08/01/2007","AQS","340250005","1","0.088","ppm","156","Monmouth University","17","100.0000","44201","Ozone","35620","New York-Newark-Jersey City, NY-NJ-PA","34","New Jersey","025","Monmouth","40.277647","-74.0051"
"08/02/2007","AQS","340250005","1","0.091","ppm","164","Monmouth University","17","100.0000","44201","Ozone","35620","New York-Newark-Jersey City, NY-NJ-PA","34","New Jersey","025","Monmouth","40.277647","-74.0051"
"08/03/2007","AQS","340250005","1","0.055","ppm","51","Monmouth University","17","100.0000","44201","Ozone","35620","New York-Newark-Jersey City, NY-NJ-PA","34","New Jersey","025","Monmouth","40.277647","-74.0051"
"08/04/2007","AQS","340250005","1","0.088","ppm","156","Monmouth University","17","100.0000","44201","Ozone","35620","New York-Newark-Jersey City, NY-NJ-PA","34","New Jersey","025","Monmouth","40.277647","-74.0051"
"08/05/2007","AQS","340250005","1","0.045","ppm","42","Monmouth University","17","100.0000","44201","Ozone","35620","New York-Newark-Jersey City, NY-NJ-PA","34","New Jersey","025","Monmouth","40.277647","-74.0051"
"08/06/2007","AQS","340250005","1","0.056","ppm","54","Monmouth University","17","100.0000","44201","Ozone","35620","New York-Newark-Jersey City, NY-NJ-PA","34","New Jersey","025","Monmouth","40.277647","-74.0051"
"08/07/2007","AQS","340250005","1","0.078","ppm","126","Monmouth University","17","100.0000","44201","Ozone","35620","New York-Newark-Jersey City, NY-NJ-PA","34","New Jersey","025","Monmouth","40.277647","-74.0051"
"08/08/2007","AQS","340250005","1","0.07","ppm","100","Monmouth University","17","100.0000","44201","Ozone","35620","New York-Newark-Jersey City, NY-NJ-PA","34","New Jersey","025","Monmouth","40.277647","-74.0051"
"08/09/2007","AQS","340250005","1","0.037","ppm","34","Monmouth University","17","100.0000","44201","Ozone","35620","New York-Newark-Jersey City, NY-NJ-PA","34","New Jersey","025","Monmouth","40.277647","-74.0051"
"08/10/2007","AQS","340250005","1","0.031","ppm","29","Monmouth University","17","100.0000","44201","Ozone","35620","New York-Newark-Jersey City, NY-NJ-PA","34","New Jersey","025","Monmouth","40.277647","-74.0051"
"08/11/2007","AQS","340250005","1","0.053","ppm","49","Monmouth University","17","100.0000","44201","Ozone","35620","New York-Newark-Jersey City, NY-NJ-PA","34","New Jersey","025","Monmouth","40.277647","-74.0051"
"08/12/2007","AQS","340250005","1","0.07","ppm","100","Monmouth University","17","100.0000","44201","Ozone","35620","New York-Newark-Jersey City, NY-NJ-PA","34","New Jersey","025","Monmouth","40.277647","-74.0051"
"08/13/2007","AQS","340250005","1","0.061","ppm","71","Monmouth University","17","100.0000","44201","Ozone","35620","New York-Newark-Jersey City, NY-NJ-PA","34","New Jersey","025","Monmouth","40.277647","-74.0051"
"08/14/2007","AQS","340250005","1","0.039","ppm","36","Monmouth University","17","100.0000","44201","Ozone","35620","New York-Newark-Jersey City, NY-NJ-PA","34","New Jersey","025","Monmouth","40.277647","-74.0051"
"08/15/2007","AQS","340250005","1","0.077","ppm","122","Monmouth University","17","100.0000","44201","Ozone","35620","New York-Newark-Jersey City, NY-NJ-PA","34","New Jersey","025","Monmouth","40.277647","-74.0051"
"08/16/2007","AQS","340250005","1","0.066","ppm","87","Monmouth University","17","100.0000","44201","Ozone","35620","New York-Newark-Jersey City, NY-NJ-PA","34","New Jersey","025","Monmouth","40.277647","-74.0051"
"08/17/2007","AQS","340250005","1","0.055","ppm","51","Monmouth University","17","100.0000","44201","Ozone","35620","New York-Newark-Jersey City, NY-NJ-PA","34","New Jersey","025","Monmouth","40.277647","-74.0051"
"08/18/2007","AQS","340250005","1","0.027","ppm","25","Monmouth University","17","100.0000","44201","Ozone","35620","New York-Newark-Jersey City, NY-NJ-PA","34","New Jersey","025","Monmouth","40.277647","-74.0051"
"08/19/2007","AQS","340250005","1","0.044","ppm","41","Monmouth University","17","100.0000","44201","Ozone","35620","New York-Newark-Jersey City, NY-NJ-PA","34","New Jersey","025","Monmouth","40.277647","-74.0051"
"08/20/2007","AQS","340250005","1","0.036","ppm","33","Monmouth University","17","100.0000","44201","Ozone","35620","New York-Newark-Jersey City, NY-NJ-PA","34","New Jersey","025","Monmouth","40.277647","-74.0051"
"08/21/2007","AQS","340250005","1","0.032","ppm","30","Monmouth University","15","88.0000","44201","Ozone","35620","New York-Newark-Jersey City, NY-NJ-PA","34","New Jersey","025","Monmouth","40.277647","-74.0051"
"08/22/2007","AQS","340250005","1","0.021","ppm","19","Monmouth University","17","100.0000","44201","Ozone","35620","New York-Newark-Jersey City, NY-NJ-PA","34","New Jersey","025","Monmouth","40.277647","-74.0051"
"08/23/2007","AQS","340250005","1","0.019","ppm","18","Monmouth University","17","100.0000","44201","Ozone","35620","New York-Newark-Jersey City, NY-NJ-PA","34","New Jersey","025","Monmouth","40.277647","-74.0051"
"08/24/2007","AQS","340250005","1","0.033","ppm","31","Monmouth University","17","100.0000","44201","Ozone","35620","New York-Newark-Jersey City, NY-NJ-PA","34","New Jersey","025","Monmouth","40.277647","-74.0051"
"08/25/2007","AQS","340250005","1","0.052","ppm","48","Monmouth University","17","100.0000","44201","Ozone","35620","New York-Newark-Jersey City, NY-NJ-PA","34","New Jersey","025","Monmouth","40.277647","-74.0051"
"08/26/2007","AQS","340250005","1","0.047","ppm","44","Monmouth University","17","100.0000","44201","Ozone","35620","New York-Newark-Jersey City, NY-NJ-PA","34","New Jersey","025","Monmouth","40.277647","-74.0051"
"08/27/2007","AQS","340250005","1","0.039","ppm","36","Monmouth University","17","100.0000","44201","Ozone","35620","New York-Newark-Jersey City, NY-NJ-PA","34","New Jersey","025","Monmouth","40.277647","-74.0051"
"08/28/2007","AQS","340250005","1","0.036","ppm","33","Monmouth University","17","100.0000","44201","Ozone","35620","New York-Newark-Jersey City, NY-NJ-PA","34","New Jersey","025","Monmouth","40.277647","-74.0051"
"08/29/2007","AQS","340250005","1","0.037","ppm","34","Monmouth University","17","100.0000","44201","Ozone","35620","New York-Newark-Jersey City, NY-NJ-PA","34","New Jersey","025","Monmouth","40.277647","-74.0051"
"08/30/2007","AQS","340250005","1","0.066","ppm","87","Monmouth University","17","100.0000","44201","Ozone","35620","New York-Newark-Jersey City, NY-NJ-PA","34","New Jersey","025","Monmouth","40.277647","-74.0051"
"08/31/2007","AQS","340250005","1","0.034","ppm","31","Monmouth University","17","100.0000","44201","Ozone","35620","New York-Newark-Jersey City, NY-NJ-PA","34","New Jersey","025","Monmouth","40.277647","-74.0051"
"09/01/2007","AQS","340250005","1","0.04","ppm","37","Monmouth University","17","100.0000","44201","Ozone","35620","New York-Newark-Jersey City, NY-NJ-PA","34","New Jersey","025","Monmouth","40.277647","-74.0051"
"09/02/2007","AQS","340250005","1","0.039","ppm","36","Monmouth University","17","100.0000","44201","Ozone","35620","New York-Newark-Jersey City, NY-NJ-PA","34","New Jersey","025","Monmouth","40.277647","-74.0051"
"09/03/2007","AQS","340250005","1","0.06","ppm","67","Monmouth University","17","100.0000","44201","Ozone","35620","New York-Newark-Jersey City, NY-NJ-PA","34","New Jersey","025","Monmouth","40.277647","-74.0051"
"09/04/2007","AQS","340250005","1","0.053","ppm","49","Monmouth University","17","100.0000","44201","Ozone","35620","New York-Newark-Jersey City, NY-NJ-PA","34","New Jersey","025","Monmouth","40.277647","-74.0051"
"09/05/2007","AQS","340250005","1","0.047","ppm","44","Monmouth University","17","100.0000","44201","Ozone","35620","New York-Newark-Jersey City, NY-NJ-PA","34","New Jersey","025","Monmouth","40.277647","-74.0051"
"09/06/2007","AQS","340250005","1","0.041","ppm","38","Monmouth University","17","100.0000","44201","Ozone","35620","New York-Newark-Jersey City, NY-NJ-PA","34","New Jersey","025","Monmouth","40.277647","-74.0051"
"09/07/2007","AQS","340250005","1","0.044","ppm","41","Monmouth University","17","100.0000","44201","Ozone","35620","New York-Newark-Jersey City, NY-NJ-PA","34","New Jersey","025","Monmouth","40.277647","-74.0051"
"09/08/2007","AQS","340250005","1","0.04","ppm","37","Monmouth University","17","100.0000","44201","Ozone","35620","New York-Newark-Jersey City, NY-NJ-PA","34","New Jersey","025","Monmouth","40.277647","-74.0051"
"09/09/2007","AQS","340250005","1","0.031","ppm","29","Monmouth University","17","100.0000","44201","Ozone","35620","New York-Newark-Jersey City, NY-NJ-PA","34","New Jersey","025","Monmouth","40.277647","-74.0051"
"09/10/2007","AQS","340250005","1","0.026","ppm","24","Monmouth University","17","100.0000","44201","Ozone","35620","New York-Newark-Jersey City, NY-NJ-PA","34","New Jersey","025","Monmouth","40.277647","-74.0051"
"09/11/2007","AQS","340250005","1","0.033","ppm","31","Monmouth University","17","100.0000","44201","Ozone","35620","New York-Newark-Jersey City, NY-NJ-PA","34","New Jersey","025","Monmouth","40.277647","-74.0051"
"09/12/2007","AQS","340250005","1","0.038","ppm","35","Monmouth University","17","100.0000","44201","Ozone","35620","New York-Newark-Jersey City, NY-NJ-PA","34","New Jersey","025","Monmouth","40.277647","-74.0051"
"09/13/2007","AQS","340250005","1","0.04","ppm","37","Monmouth University","17","100.0000","44201","Ozone","35620","New York-Newark-Jersey City, NY-NJ-PA","34","New Jersey","025","Monmouth","40.277647","-74.0051"
"09/14/2007","AQS","340250005","1","0.047","ppm","44","Monmouth University","17","100.0000","44201","Ozone","35620","New York-Newark-Jersey City, NY-NJ-PA","34","New Jersey","025","Monmouth","40.277647","-74.0051"
"09/15/2007","AQS","340250005","1","0.027","ppm","25","Monmouth University","17","100.0000","44201","Ozone","35620","New York-Newark-Jersey City, NY-NJ-PA","34","New Jersey","025","Monmouth","40.277647","-74.0051"
"09/16/2007","AQS","340250005","1","0.022","ppm","20","Monmouth University","17","100.0000","44201","Ozone","35620","New York-Newark-Jersey City, NY-NJ-PA","34","New Jersey","025","Monmouth","40.277647","-74.0051"
"09/17/2007","AQS","340250005","1","0.036","ppm","33","Monmouth University","17","100.0000","44201","Ozone","35620","New York-Newark-Jersey City, NY-NJ-PA","34","New Jersey","025","Monmouth","40.277647","-74.0051"
"09/18/2007","AQS","340250005","1","0.037","ppm","34","Monmouth University","17","100.0000","44201","Ozone","35620","New York-Newark-Jersey City, NY-NJ-PA","34","New Jersey","025","Monmouth","40.277647","-74.0051"
"09/19/2007","AQS","340250005","1","0.038","ppm","35","Monmouth University","17","100.0000","44201","Ozone","35620","New York-Newark-Jersey City, NY-NJ-PA","34","New Jersey","025","Monmouth","40.277647","-74.0051"
"09/20/2007","AQS","340250005","1","0.056","ppm","54","Monmouth University","17","100.0000","44201","Ozone","35620","New York-Newark-Jersey City, NY-NJ-PA","34","New Jersey","025","Monmouth","40.277647","-74.0051"
"09/21/2007","AQS","340250005","1","0.065","ppm","84","Monmouth University","17","100.0000","44201","Ozone","35620","New York-Newark-Jersey City, NY-NJ-PA","34","New Jersey","025","Monmouth","40.277647","-74.0051"
"09/22/2007","AQS","340250005","1","0.023","ppm","21","Monmouth University","17","100.0000","44201","Ozone","35620","New York-Newark-Jersey City, NY-NJ-PA","34","New Jersey","025","Monmouth","40.277647","-74.0051"
"09/23/2007","AQS","340250005","1","0.042","ppm","39","Monmouth University","17","100.0000","44201","Ozone","35620","New York-Newark-Jersey City, NY-NJ-PA","34","New Jersey","025","Monmouth","40.277647","-74.0051"
"09/24/2007","AQS","340250005","1","0.035","ppm","32","Monmouth University","17","100.0000","44201","Ozone","35620","New York-Newark-Jersey City, NY-NJ-PA","34","New Jersey","025","Monmouth","40.277647","-74.0051"
"09/25/2007","AQS","340250005","1","0.051","ppm","47","Monmouth University","17","100.0000","44201","Ozone","35620","New York-Newark-Jersey City, NY-NJ-PA","34","New Jersey","025","Monmouth","40.277647","-74.0051"
"09/26/2007","AQS","340250005","1","0.054","ppm","50","Monmouth University","17","100.0000","44201","Ozone","35620","New York-Newark-Jersey City, NY-NJ-PA","34","New Jersey","025","Monmouth","40.277647","-74.0051"
"09/27/2007","AQS","340250005","1","0.019","ppm","18","Monmouth University","17","100.0000","44201","Ozone","35620","New York-Newark-Jersey City, NY-NJ-PA","34","New Jersey","025","Monmouth","40.277647","-74.0051"
"09/28/2007","AQS","340250005","1","0.039","ppm","36","Monmouth University","17","100.0000","44201","Ozone","35620","New York-Newark-Jersey City, NY-NJ-PA","34","New Jersey","025","Monmouth","40.277647","-74.0051"
"09/29/2007","AQS","340250005","1","0.037","ppm","34","Monmouth University","17","100.0000","44201","Ozone","35620","New York-Newark-Jersey City, NY-NJ-PA","34","New Jersey","025","Monmouth","40.277647","-74.0051"
"09/30/2007","AQS","340250005","1","0.037","ppm","34","Monmouth University","17","100.0000","44201","Ozone","35620","New York-Newark-Jersey City, NY-NJ-PA","34","New Jersey","025","Monmouth","40.277647","-74.0051"
"10/01/2007","AQS","340250005","1","0.033","ppm","31","Monmouth University","17","100.0000","44201","Ozone","35620","New York-Newark-Jersey City, NY-NJ-PA","34","New Jersey","025","Monmouth","40.277647","-74.0051"
"10/02/2007","AQS","340250005","1","0.033","ppm","31","Monmouth University","17","100.0000","44201","Ozone","35620","New York-Newark-Jersey City, NY-NJ-PA","34","New Jersey","025","Monmouth","40.277647","-74.0051"
"10/03/2007","AQS","340250005","1","0.031","ppm","29","Monmouth University","17","100.0000","44201","Ozone","35620","New York-Newark-Jersey City, NY-NJ-PA","34","New Jersey","025","Monmouth","40.277647","-74.0051"
"10/04/2007","AQS","340250005","1","0.03","ppm","28","Monmouth University","17","100.0000","44201","Ozone","35620","New York-Newark-Jersey City, NY-NJ-PA","34","New Jersey","025","Monmouth","40.277647","-74.0051"
"10/05/2007","AQS","340250005","1","0.029","ppm","27","Monmouth University","17","100.0000","44201","Ozone","35620","New York-Newark-Jersey City, NY-NJ-PA","34","New Jersey","025","Monmouth","40.277647","-74.0051"
"10/06/2007","AQS","340250005","1","0.036","ppm","33","Monmouth University","17","100.0000","44201","Ozone","35620","New York-Newark-Jersey City, NY-NJ-PA","34","New Jersey","025","Monmouth","40.277647","-74.0051"
"10/07/2007","AQS","340250005","1","0.047","ppm","44","Monmouth University","17","100.0000","44201","Ozone","35620","New York-Newark-Jersey City, NY-NJ-PA","34","New Jersey","025","Monmouth","40.277647","-74.0051"
"10/08/2007","AQS","340250005","1","0.052","ppm","48","Monmouth University","17","100.0000","44201","Ozone","35620","New York-Newark-Jersey City, NY-NJ-PA","34","New Jersey","025","Monmouth","40.277647","-74.0051"
"10/09/2007","AQS","340250005","1","0.027","ppm","25","Monmouth University","17","100.0000","44201","Ozone","35620","New York-Newark-Jersey City, NY-NJ-PA","34","New Jersey","025","Monmouth","40.277647","-74.0051"
"10/10/2007","AQS","340250005","1","0.032","ppm","30","Monmouth University","17","100.0000","44201","Ozone","35620","New York-Newark-Jersey City, NY-NJ-PA","34","New Jersey","025","Monmouth","40.277647","-74.0051"
"10/11/2007","AQS","340250005","1","0.038","ppm","35","Monmouth University","17","100.0000","44201","Ozone","35620","New York-Newark-Jersey City, NY-NJ-PA","34","New Jersey","025","Monmouth","40.277647","-74.0051"
"10/12/2007","AQS","340250005","1","0.026","ppm","24","Monmouth University","17","100.0000","44201","Ozone","35620","New York-Newark-Jersey City, NY-NJ-PA","34","New Jersey","025","Monmouth","40.277647","-74.0051"
"10/13/2007","AQS","340250005","1","0.031","ppm","29","Monmouth University","17","100.0000","44201","Ozone","35620","New York-Newark-Jersey City, NY-NJ-PA","34","New Jersey","025","Monmouth","40.277647","-74.0051"
"10/14/2007","AQS","340250005","1","0.032","ppm","30","Monmouth University","17","100.0000","44201","Ozone","35620","New York-Newark-Jersey City, NY-NJ-PA","34","New Jersey","025","Monmouth","40.277647","-74.0051"
"10/15/2007","AQS","340250005","1","0.029","ppm","27","Monmouth University","17","100.0000","44201","Ozone","35620","New York-Newark-Jersey City, NY-NJ-PA","34","New Jersey","025","Monmouth","40.277647","-74.0051"
"10/16/2007","AQS","340250005","1","0.03","ppm","28","Monmouth University","17","100.0000","44201","Ozone","35620","New York-Newark-Jersey City, NY-NJ-PA","34","New Jersey","025","Monmouth","40.277647","-74.0051"
"10/17/2007","AQS","340250005","1","0.052","ppm","48","Monmouth University","17","100.0000","44201","Ozone","35620","New York-Newark-Jersey City, NY-NJ-PA","34","New Jersey","025","Monmouth","40.277647","-74.0051"
"10/18/2007","AQS","340250005","1","0.036","ppm","33","Monmouth University","17","100.0000","44201","Ozone","35620","New York-Newark-Jersey City, NY-NJ-PA","34","New Jersey","025","Monmouth","40.277647","-74.0051"
"10/19/2007","AQS","340250005","1","0.028","ppm","26","Monmouth University","17","100.0000","44201","Ozone","35620","New York-Newark-Jersey City, NY-NJ-PA","34","New Jersey","025","Monmouth","40.277647","-74.0051"
"10/20/2007","AQS","340250005","1","0.037","ppm","34","Monmouth University","17","100.0000","44201","Ozone","35620","New York-Newark-Jersey City, NY-NJ-PA","34","New Jersey","025","Monmouth","40.277647","-74.0051"
"10/21/2007","AQS","340250005","1","0.045","ppm","42","Monmouth University","17","100.0000","44201","Ozone","35620","New York-Newark-Jersey City, NY-NJ-PA","34","New Jersey","025","Monmouth","40.277647","-74.0051"
"10/22/2007","AQS","340250005","1","0.047","ppm","44","Monmouth University","17","100.0000","44201","Ozone","35620","New York-Newark-Jersey City, NY-NJ-PA","34","New Jersey","025","Monmouth","40.277647","-74.0051"
"10/23/2007","AQS","340250005","1","0.041","ppm","38","Monmouth University","17","100.0000","44201","Ozone","35620","New York-Newark-Jersey City, NY-NJ-PA","34","New Jersey","025","Monmouth","40.277647","-74.0051"
"10/24/2007","AQS","340250005","1","0.023","ppm","21","Monmouth University","17","100.0000","44201","Ozone","35620","New York-Newark-Jersey City, NY-NJ-PA","34","New Jersey","025","Monmouth","40.277647","-74.0051"
"10/25/2007","AQS","340250005","1","0.031","ppm","29","Monmouth University","17","100.0000","44201","Ozone","35620","New York-Newark-Jersey City, NY-NJ-PA","34","New Jersey","025","Monmouth","40.277647","-74.0051"
"10/26/2007","AQS","340250005","1","0.029","ppm","27","Monmouth University","17","100.0000","44201","Ozone","35620","New York-Newark-Jersey City, NY-NJ-PA","34","New Jersey","025","Monmouth","40.277647","-74.0051"
"10/27/2007","AQS","340250005","1","0.025","ppm","23","Monmouth University","17","100.0000","44201","Ozone","35620","New York-Newark-Jersey City, NY-NJ-PA","34","New Jersey","025","Monmouth","40.277647","-74.0051"
"10/28/2007","AQS","340250005","1","0.031","ppm","29","Monmouth University","17","100.0000","44201","Ozone","35620","New York-Newark-Jersey City, NY-NJ-PA","34","New Jersey","025","Monmouth","40.277647","-74.0051"
"10/29/2007","AQS","340250005","1","0.02","ppm","19","Monmouth University","17","100.0000","44201","Ozone","35620","New York-Newark-Jersey City, NY-NJ-PA","34","New Jersey","025","Monmouth","40.277647","-74.0051"
"10/30/2007","AQS","340250005","1","0.029","ppm","27","Monmouth University","17","100.0000","44201","Ozone","35620","New York-Newark-Jersey City, NY-NJ-PA","34","New Jersey","025","Monmouth","40.277647","-74.0051"
"10/31/2007","AQS","340250005","1","0.047","ppm","44","Monmouth University","17","100.0000","44201","Ozone","35620","New York-Newark-Jersey City, NY-NJ-PA","34","New Jersey","025","Monmouth","40.277647","-74.0051"
"11/01/2007","AQS","340250005","1","0.027","ppm","25","Monmouth University","17","100.0000","44201","Ozone","35620","New York-Newark-Jersey City, NY-NJ-PA","34","New Jersey","025","Monmouth","40.277647","-74.0051"
"11/02/2007","AQS","340250005","1","0.033","ppm","31","Monmouth University","17","100.0000","44201","Ozone","35620","New York-Newark-Jersey City, NY-NJ-PA","34","New Jersey","025","Monmouth","40.277647","-74.0051"
"11/03/2007","AQS","340250005","1","0.027","ppm","25","Monmouth University","17","100.0000","44201","Ozone","35620","New York-Newark-Jersey City, NY-NJ-PA","34","New Jersey","025","Monmouth","40.277647","-74.0051"
"11/04/2007","AQS","340250005","1","0.03","ppm","28","Monmouth University","17","100.0000","44201","Ozone","35620","New York-Newark-Jersey City, NY-NJ-PA","34","New Jersey","025","Monmouth","40.277647","-74.0051"
"11/05/2007","AQS","340250005","1","0.044","ppm","41","Monmouth University","17","100.0000","44201","Ozone","35620","New York-Newark-Jersey City, NY-NJ-PA","34","New Jersey","025","Monmouth","40.277647","-74.0051"
"11/06/2007","AQS","340250005","1","0.024","ppm","22","Monmouth University","17","100.0000","44201","Ozone","35620","New York-Newark-Jersey City, NY-NJ-PA","34","New Jersey","025","Monmouth","40.277647","-74.0051"
"01/01/2007","AQS","340273001","1","0.032","ppm","30","Chester","17","100.0000","44201","Ozone","35620","New York-Newark-Jersey City, NY-NJ-PA","34","New Jersey","027","Morris","40.787628","-74.676301"
"01/02/2007","AQS","340273001","1","0.037","ppm","34","Chester","17","100.0000","44201","Ozone","35620","New York-Newark-Jersey City, NY-NJ-PA","34","New Jersey","027","Morris","40.787628","-74.676301"
"01/03/2007","AQS","340273001","1","0.021","ppm","19","Chester","17","100.0000","44201","Ozone","35620","New York-Newark-Jersey City, NY-NJ-PA","34","New Jersey","027","Morris","40.787628","-74.676301"
"01/04/2007","AQS","340273001","1","0.019","ppm","18","Chester","17","100.0000","44201","Ozone","35620","New York-Newark-Jersey City, NY-NJ-PA","34","New Jersey","027","Morris","40.787628","-74.676301"
"01/05/2007","AQS","340273001","1","0.014","ppm","13","Chester","17","100.0000","44201","Ozone","35620","New York-Newark-Jersey City, NY-NJ-PA","34","New Jersey","027","Morris","40.787628","-74.676301"
"01/06/2007","AQS","340273001","1","0.031","ppm","29","Chester","17","100.0000","44201","Ozone","35620","New York-Newark-Jersey City, NY-NJ-PA","34","New Jersey","027","Morris","40.787628","-74.676301"
"01/07/2007","AQS","340273001","1","0.034","ppm","31","Chester","17","100.0000","44201","Ozone","35620","New York-Newark-Jersey City, NY-NJ-PA","34","New Jersey","027","Morris","40.787628","-74.676301"
"01/08/2007","AQS","340273001","1","0.033","ppm","31","Chester","17","100.0000","44201","Ozone","35620","New York-Newark-Jersey City, NY-NJ-PA","34","New Jersey","027","Morris","40.787628","-74.676301"
"01/09/2007","AQS","340273001","1","0.032","ppm","30","Chester","17","100.0000","44201","Ozone","35620","New York-Newark-Jersey City, NY-NJ-PA","34","New Jersey","027","Morris","40.787628","-74.676301"
"01/10/2007","AQS","340273001","1","0.035","ppm","32","Chester","17","100.0000","44201","Ozone","35620","New York-Newark-Jersey City, NY-NJ-PA","34","New Jersey","027","Morris","40.787628","-74.676301"
"01/11/2007","AQS","340273001","1","0.026","ppm","24","Chester","17","100.0000","44201","Ozone","35620","New York-Newark-Jersey City, NY-NJ-PA","34","New Jersey","027","Morris","40.787628","-74.676301"
"01/12/2007","AQS","340273001","1","0.016","ppm","15","Chester","17","100.0000","44201","Ozone","35620","New York-Newark-Jersey City, NY-NJ-PA","34","New Jersey","027","Morris","40.787628","-74.676301"
"01/13/2007","AQS","340273001","1","0.014","ppm","13","Chester","17","100.0000","44201","Ozone","35620","New York-Newark-Jersey City, NY-NJ-PA","34","New Jersey","027","Morris","40.787628","-74.676301"
"01/14/2007","AQS","340273001","1","0.005","ppm","5","Chester","17","100.0000","44201","Ozone","35620","New York-Newark-Jersey City, NY-NJ-PA","34","New Jersey","027","Morris","40.787628","-74.676301"
"01/15/2007","AQS","340273001","1","0.015","ppm","14","Chester","17","100.0000","44201","Ozone","35620","New York-Newark-Jersey City, NY-NJ-PA","34","New Jersey","027","Morris","40.787628","-74.676301"
"01/16/2007","AQS","340273001","1","0.036","ppm","33","Chester","17","100.0000","44201","Ozone","35620","New York-Newark-Jersey City, NY-NJ-PA","34","New Jersey","027","Morris","40.787628","-74.676301"
"01/17/2007","AQS","340273001","1","0.035","ppm","32","Chester","17","100.0000","44201","Ozone","35620","New York-Newark-Jersey City, NY-NJ-PA","34","New Jersey","027","Morris","40.787628","-74.676301"
"01/18/2007","AQS","340273001","1","0.012","ppm","11","Chester","17","100.0000","44201","Ozone","35620","New York-Newark-Jersey City, NY-NJ-PA","34","New Jersey","027","Morris","40.787628","-74.676301"
"01/19/2007","AQS","340273001","1","0.032","ppm","30","Chester","17","100.0000","44201","Ozone","35620","New York-Newark-Jersey City, NY-NJ-PA","34","New Jersey","027","Morris","40.787628","-74.676301"
"01/20/2007","AQS","340273001","1","0.039","ppm","36","Chester","17","100.0000","44201","Ozone","35620","New York-Newark-Jersey City, NY-NJ-PA","34","New Jersey","027","Morris","40.787628","-74.676301"
"01/21/2007","AQS","340273001","1","0.039","ppm","36","Chester","17","100.0000","44201","Ozone","35620","New York-Newark-Jersey City, NY-NJ-PA","34","New Jersey","027","Morris","40.787628","-74.676301"
"01/22/2007","AQS","340273001","1","0.015","ppm","14","Chester","17","100.0000","44201","Ozone","35620","New York-Newark-Jersey City, NY-NJ-PA","34","New Jersey","027","Morris","40.787628","-74.676301"
"01/23/2007","AQS","340273001","1","0.031","ppm","29","Chester","17","100.0000","44201","Ozone","35620","New York-Newark-Jersey City, NY-NJ-PA","34","New Jersey","027","Morris","40.787628","-74.676301"
"01/24/2007","AQS","340273001","1","0.028","ppm","26","Chester","17","100.0000","44201","Ozone","35620","New York-Newark-Jersey City, NY-NJ-PA","34","New Jersey","027","Morris","40.787628","-74.676301"
"01/26/2007","AQS","340273001","1","0.037","ppm","34","Chester","17","100.0000","44201","Ozone","35620","New York-Newark-Jersey City, NY-NJ-PA","34","New Jersey","027","Morris","40.787628","-74.676301"
"01/27/2007","AQS","340273001","1","0.021","ppm","19","Chester","17","100.0000","44201","Ozone","35620","New York-Newark-Jersey City, NY-NJ-PA","34","New Jersey","027","Morris","40.787628","-74.676301"
"01/28/2007","AQS","340273001","1","0.033","ppm","31","Chester","17","100.0000","44201","Ozone","35620","New York-Newark-Jersey City, NY-NJ-PA","34","New Jersey","027","Morris","40.787628","-74.676301"
"01/29/2007","AQS","340273001","1","0.036","ppm","33","Chester","17","100.0000","44201","Ozone","35620","New York-Newark-Jersey City, NY-NJ-PA","34","New Jersey","027","Morris","40.787628","-74.676301"
"01/30/2007","AQS","340273001","1","0.024","ppm","22","Chester","17","100.0000","44201","Ozone","35620","New York-Newark-Jersey City, NY-NJ-PA","34","New Jersey","027","Morris","40.787628","-74.676301"
"01/31/2007","AQS","340273001","1","0.03","ppm","28","Chester","17","100.0000","44201","Ozone","35620","New York-Newark-Jersey City, NY-NJ-PA","34","New Jersey","027","Morris","40.787628","-74.676301"
"02/01/2007","AQS","340273001","1","0.018","ppm","17","Chester","17","100.0000","44201","Ozone","35620","New York-Newark-Jersey City, NY-NJ-PA","34","New Jersey","027","Morris","40.787628","-74.676301"
"02/02/2007","AQS","340273001","1","0.026","ppm","24","Chester","17","100.0000","44201","Ozone","35620","New York-Newark-Jersey City, NY-NJ-PA","34","New Jersey","027","Morris","40.787628","-74.676301"
"02/03/2007","AQS","340273001","1","0.032","ppm","30","Chester","17","100.0000","44201","Ozone","35620","New York-Newark-Jersey City, NY-NJ-PA","34","New Jersey","027","Morris","40.787628","-74.676301"
"02/04/2007","AQS","340273001","1","0.033","ppm","31","Chester","17","100.0000","44201","Ozone","35620","New York-Newark-Jersey City, NY-NJ-PA","34","New Jersey","027","Morris","40.787628","-74.676301"
"02/05/2007","AQS","340273001","1","0.029","ppm","27","Chester","17","100.0000","44201","Ozone","35620","New York-Newark-Jersey City, NY-NJ-PA","34","New Jersey","027","Morris","40.787628","-74.676301"
"02/06/2007","AQS","340273001","1","0.024","ppm","22","Chester","17","100.0000","44201","Ozone","35620","New York-Newark-Jersey City, NY-NJ-PA","34","New Jersey","027","Morris","40.787628","-74.676301"
"02/07/2007","AQS","340273001","1","0.032","ppm","30","Chester","17","100.0000","44201","Ozone","35620","New York-Newark-Jersey City, NY-NJ-PA","34","New Jersey","027","Morris","40.787628","-74.676301"
"02/08/2007","AQS","340273001","1","0.031","ppm","29","Chester","17","100.0000","44201","Ozone","35620","New York-Newark-Jersey City, NY-NJ-PA","34","New Jersey","027","Morris","40.787628","-74.676301"
"02/09/2007","AQS","340273001","1","0.034","ppm","31","Chester","17","100.0000","44201","Ozone","35620","New York-Newark-Jersey City, NY-NJ-PA","34","New Jersey","027","Morris","40.787628","-74.676301"
"02/10/2007","AQS","340273001","1","0.031","ppm","29","Chester","17","100.0000","44201","Ozone","35620","New York-Newark-Jersey City, NY-NJ-PA","34","New Jersey","027","Morris","40.787628","-74.676301"
"02/11/2007","AQS","340273001","1","0.033","ppm","31","Chester","17","100.0000","44201","Ozone","35620","New York-Newark-Jersey City, NY-NJ-PA","34","New Jersey","027","Morris","40.787628","-74.676301"
"02/12/2007","AQS","340273001","1","0.03","ppm","28","Chester","17","100.0000","44201","Ozone","35620","New York-Newark-Jersey City, NY-NJ-PA","34","New Jersey","027","Morris","40.787628","-74.676301"
"02/13/2007","AQS","340273001","1","0.029","ppm","27","Chester","17","100.0000","44201","Ozone","35620","New York-Newark-Jersey City, NY-NJ-PA","34","New Jersey","027","Morris","40.787628","-74.676301"
"02/14/2007","AQS","340273001","1","0.032","ppm","30","Chester","17","100.0000","44201","Ozone","35620","New York-Newark-Jersey City, NY-NJ-PA","34","New Jersey","027","Morris","40.787628","-74.676301"
"02/15/2007","AQS","340273001","1","0.034","ppm","31","Chester","17","100.0000","44201","Ozone","35620","New York-Newark-Jersey City, NY-NJ-PA","34","New Jersey","027","Morris","40.787628","-74.676301"
"02/16/2007","AQS","340273001","1","0.035","ppm","32","Chester","17","100.0000","44201","Ozone","35620","New York-Newark-Jersey City, NY-NJ-PA","34","New Jersey","027","Morris","40.787628","-74.676301"
"02/17/2007","AQS","340273001","1","0.033","ppm","31","Chester","17","100.0000","44201","Ozone","35620","New York-Newark-Jersey City, NY-NJ-PA","34","New Jersey","027","Morris","40.787628","-74.676301"
"02/18/2007","AQS","340273001","1","0.036","ppm","33","Chester","17","100.0000","44201","Ozone","35620","New York-Newark-Jersey City, NY-NJ-PA","34","New Jersey","027","Morris","40.787628","-74.676301"
"02/19/2007","AQS","340273001","1","0.036","ppm","33","Chester","17","100.0000","44201","Ozone","35620","New York-Newark-Jersey City, NY-NJ-PA","34","New Jersey","027","Morris","40.787628","-74.676301"
"02/20/2007","AQS","340273001","1","0.026","ppm","24","Chester","17","100.0000","44201","Ozone","35620","New York-Newark-Jersey City, NY-NJ-PA","34","New Jersey","027","Morris","40.787628","-74.676301"
"02/21/2007","AQS","340273001","1","0.042","ppm","39","Chester","17","100.0000","44201","Ozone","35620","New York-Newark-Jersey City, NY-NJ-PA","34","New Jersey","027","Morris","40.787628","-74.676301"
"02/22/2007","AQS","340273001","1","0.03","ppm","28","Chester","17","100.0000","44201","Ozone","35620","New York-Newark-Jersey City, NY-NJ-PA","34","New Jersey","027","Morris","40.787628","-74.676301"
"02/23/2007","AQS","340273001","1","0.041","ppm","38","Chester","17","100.0000","44201","Ozone","35620","New York-Newark-Jersey City, NY-NJ-PA","34","New Jersey","027","Morris","40.787628","-74.676301"
"02/24/2007","AQS","340273001","1","0.038","ppm","35","Chester","17","100.0000","44201","Ozone","35620","New York-Newark-Jersey City, NY-NJ-PA","34","New Jersey","027","Morris","40.787628","-74.676301"
"02/25/2007","AQS","340273001","1","0.032","ppm","30","Chester","17","100.0000","44201","Ozone","35620","New York-Newark-Jersey City, NY-NJ-PA","34","New Jersey","027","Morris","40.787628","-74.676301"
"02/26/2007","AQS","340273001","1","0.025","ppm","23","Chester","17","100.0000","44201","Ozone","35620","New York-Newark-Jersey City, NY-NJ-PA","34","New Jersey","027","Morris","40.787628","-74.676301"
"02/27/2007","AQS","340273001","1","0.022","ppm","20","Chester","17","100.0000","44201","Ozone","35620","New York-Newark-Jersey City, NY-NJ-PA","34","New Jersey","027","Morris","40.787628","-74.676301"
"02/28/2007","AQS","340273001","1","0.046","ppm","43","Chester","17","100.0000","44201","Ozone","35620","New York-Newark-Jersey City, NY-NJ-PA","34","New Jersey","027","Morris","40.787628","-74.676301"
"03/01/2007","AQS","340273001","1","0.027","ppm","25","Chester","17","100.0000","44201","Ozone","35620","New York-Newark-Jersey City, NY-NJ-PA","34","New Jersey","027","Morris","40.787628","-74.676301"
"03/02/2007","AQS","340273001","1","0.04","ppm","37","Chester","17","100.0000","44201","Ozone","35620","New York-Newark-Jersey City, NY-NJ-PA","34","New Jersey","027","Morris","40.787628","-74.676301"
"03/03/2007","AQS","340273001","1","0.04","ppm","37","Chester","17","100.0000","44201","Ozone","35620","New York-Newark-Jersey City, NY-NJ-PA","34","New Jersey","027","Morris","40.787628","-74.676301"
"03/04/2007","AQS","340273001","1","0.038","ppm","35","Chester","17","100.0000","44201","Ozone","35620","New York-Newark-Jersey City, NY-NJ-PA","34","New Jersey","027","Morris","40.787628","-74.676301"
"03/05/2007","AQS","340273001","1","0.039","ppm","36","Chester","17","100.0000","44201","Ozone","35620","New York-Newark-Jersey City, NY-NJ-PA","34","New Jersey","027","Morris","40.787628","-74.676301"
"03/06/2007","AQS","340273001","1","0.044","ppm","41","Chester","13","76.0000","44201","Ozone","35620","New York-Newark-Jersey City, NY-NJ-PA","34","New Jersey","027","Morris","40.787628","-74.676301"
"03/07/2007","AQS","340273001","1","0.036","ppm","33","Chester","17","100.0000","44201","Ozone","35620","New York-Newark-Jersey City, NY-NJ-PA","34","New Jersey","027","Morris","40.787628","-74.676301"
"03/08/2007","AQS","340273001","1","0.047","ppm","44","Chester","17","100.0000","44201","Ozone","35620","New York-Newark-Jersey City, NY-NJ-PA","34","New Jersey","027","Morris","40.787628","-74.676301"
"03/09/2007","AQS","340273001","1","0.034","ppm","31","Chester","14","82.0000","44201","Ozone","35620","New York-Newark-Jersey City, NY-NJ-PA","34","New Jersey","027","Morris","40.787628","-74.676301"
"03/10/2007","AQS","340273001","1","0.043","ppm","40","Chester","17","100.0000","44201","Ozone","35620","New York-Newark-Jersey City, NY-NJ-PA","34","New Jersey","027","Morris","40.787628","-74.676301"
"03/11/2007","AQS","340273001","1","0.047","ppm","44","Chester","17","100.0000","44201","Ozone","35620","New York-Newark-Jersey City, NY-NJ-PA","34","New Jersey","027","Morris","40.787628","-74.676301"
"03/12/2007","AQS","340273001","1","0.049","ppm","45","Chester","17","100.0000","44201","Ozone","35620","New York-Newark-Jersey City, NY-NJ-PA","34","New Jersey","027","Morris","40.787628","-74.676301"
"03/13/2007","AQS","340273001","1","0.04","ppm","37","Chester","17","100.0000","44201","Ozone","35620","New York-Newark-Jersey City, NY-NJ-PA","34","New Jersey","027","Morris","40.787628","-74.676301"
"03/14/2007","AQS","340273001","1","0.057","ppm","58","Chester","17","100.0000","44201","Ozone","35620","New York-Newark-Jersey City, NY-NJ-PA","34","New Jersey","027","Morris","40.787628","-74.676301"
"03/15/2007","AQS","340273001","1","0.044","ppm","41","Chester","17","100.0000","44201","Ozone","35620","New York-Newark-Jersey City, NY-NJ-PA","34","New Jersey","027","Morris","40.787628","-74.676301"
"03/16/2007","AQS","340273001","1","0.04","ppm","37","Chester","17","100.0000","44201","Ozone","35620","New York-Newark-Jersey City, NY-NJ-PA","34","New Jersey","027","Morris","40.787628","-74.676301"
"03/17/2007","AQS","340273001","1","0.046","ppm","43","Chester","17","100.0000","44201","Ozone","35620","New York-Newark-Jersey City, NY-NJ-PA","34","New Jersey","027","Morris","40.787628","-74.676301"
"03/18/2007","AQS","340273001","1","0.05","ppm","46","Chester","17","100.0000","44201","Ozone","35620","New York-Newark-Jersey City, NY-NJ-PA","34","New Jersey","027","Morris","40.787628","-74.676301"
"03/19/2007","AQS","340273001","1","0.043","ppm","40","Chester","17","100.0000","44201","Ozone","35620","New York-Newark-Jersey City, NY-NJ-PA","34","New Jersey","027","Morris","40.787628","-74.676301"
"03/20/2007","AQS","340273001","1","0.049","ppm","45","Chester","17","100.0000","44201","Ozone","35620","New York-Newark-Jersey City, NY-NJ-PA","34","New Jersey","027","Morris","40.787628","-74.676301"
"03/21/2007","AQS","340273001","1","0.039","ppm","36","Chester","17","100.0000","44201","Ozone","35620","New York-Newark-Jersey City, NY-NJ-PA","34","New Jersey","027","Morris","40.787628","-74.676301"
"03/22/2007","AQS","340273001","1","0.052","ppm","48","Chester","13","76.0000","44201","Ozone","35620","New York-Newark-Jersey City, NY-NJ-PA","34","New Jersey","027","Morris","40.787628","-74.676301"
"03/23/2007","AQS","340273001","1","0.042","ppm","39","Chester","17","100.0000","44201","Ozone","35620","New York-Newark-Jersey City, NY-NJ-PA","34","New Jersey","027","Morris","40.787628","-74.676301"
"03/24/2007","AQS","340273001","1","0.044","ppm","41","Chester","17","100.0000","44201","Ozone","35620","New York-Newark-Jersey City, NY-NJ-PA","34","New Jersey","027","Morris","40.787628","-74.676301"
"03/25/2007","AQS","340273001","1","0.05","ppm","46","Chester","17","100.0000","44201","Ozone","35620","New York-Newark-Jersey City, NY-NJ-PA","34","New Jersey","027","Morris","40.787628","-74.676301"
"03/26/2007","AQS","340273001","1","0.035","ppm","32","Chester","17","100.0000","44201","Ozone","35620","New York-Newark-Jersey City, NY-NJ-PA","34","New Jersey","027","Morris","40.787628","-74.676301"
"03/27/2007","AQS","340273001","1","0.054","ppm","50","Chester","17","100.0000","44201","Ozone","35620","New York-Newark-Jersey City, NY-NJ-PA","34","New Jersey","027","Morris","40.787628","-74.676301"
"03/28/2007","AQS","340273001","1","0.053","ppm","49","Chester","13","76.0000","44201","Ozone","35620","New York-Newark-Jersey City, NY-NJ-PA","34","New Jersey","027","Morris","40.787628","-74.676301"
"03/29/2007","AQS","340273001","1","0.05","ppm","46","Chester","17","100.0000","44201","Ozone","35620","New York-Newark-Jersey City, NY-NJ-PA","34","New Jersey","027","Morris","40.787628","-74.676301"
"03/30/2007","AQS","340273001","1","0.05","ppm","46","Chester","17","100.0000","44201","Ozone","35620","New York-Newark-Jersey City, NY-NJ-PA","34","New Jersey","027","Morris","40.787628","-74.676301"
"03/31/2007","AQS","340273001","1","0.043","ppm","40","Chester","17","100.0000","44201","Ozone","35620","New York-Newark-Jersey City, NY-NJ-PA","34","New Jersey","027","Morris","40.787628","-74.676301"
"04/01/2007","AQS","340273001","1","0.04","ppm","37","Chester","17","100.0000","44201","Ozone","35620","New York-Newark-Jersey City, NY-NJ-PA","34","New Jersey","027","Morris","40.787628","-74.676301"
"04/02/2007","AQS","340273001","1","0.023","ppm","21","Chester","17","100.0000","44201","Ozone","35620","New York-Newark-Jersey City, NY-NJ-PA","34","New Jersey","027","Morris","40.787628","-74.676301"
"04/03/2007","AQS","340273001","1","0.038","ppm","35","Chester","17","100.0000","44201","Ozone","35620","New York-Newark-Jersey City, NY-NJ-PA","34","New Jersey","027","Morris","40.787628","-74.676301"
"04/04/2007","AQS","340273001","1","0.028","ppm","26","Chester","17","100.0000","44201","Ozone","35620","New York-Newark-Jersey City, NY-NJ-PA","34","New Jersey","027","Morris","40.787628","-74.676301"
"04/05/2007","AQS","340273001","1","0.034","ppm","31","Chester","17","100.0000","44201","Ozone","35620","New York-Newark-Jersey City, NY-NJ-PA","34","New Jersey","027","Morris","40.787628","-74.676301"
"04/06/2007","AQS","340273001","1","0.036","ppm","33","Chester","17","100.0000","44201","Ozone","35620","New York-Newark-Jersey City, NY-NJ-PA","34","New Jersey","027","Morris","40.787628","-74.676301"
"04/07/2007","AQS","340273001","1","0.038","ppm","35","Chester","17","100.0000","44201","Ozone","35620","New York-Newark-Jersey City, NY-NJ-PA","34","New Jersey","027","Morris","40.787628","-74.676301"
"04/08/2007","AQS","340273001","1","0.029","ppm","27","Chester","17","100.0000","44201","Ozone","35620","New York-Newark-Jersey City, NY-NJ-PA","34","New Jersey","027","Morris","40.787628","-74.676301"
"04/09/2007","AQS","340273001","1","0.038","ppm","35","Chester","17","100.0000","44201","Ozone","35620","New York-Newark-Jersey City, NY-NJ-PA","34","New Jersey","027","Morris","40.787628","-74.676301"
"04/10/2007","AQS","340273001","1","0.044","ppm","41","Chester","17","100.0000","44201","Ozone","35620","New York-Newark-Jersey City, NY-NJ-PA","34","New Jersey","027","Morris","40.787628","-74.676301"
"04/11/2007","AQS","340273001","1","0.044","ppm","41","Chester","17","100.0000","44201","Ozone","35620","New York-Newark-Jersey City, NY-NJ-PA","34","New Jersey","027","Morris","40.787628","-74.676301"
"04/12/2007","AQS","340273001","1","0.039","ppm","36","Chester","17","100.0000","44201","Ozone","35620","New York-Newark-Jersey City, NY-NJ-PA","34","New Jersey","027","Morris","40.787628","-74.676301"
"04/13/2007","AQS","340273001","1","0.042","ppm","39","Chester","17","100.0000","44201","Ozone","35620","New York-Newark-Jersey City, NY-NJ-PA","34","New Jersey","027","Morris","40.787628","-74.676301"
"04/14/2007","AQS","340273001","1","0.053","ppm","49","Chester","17","100.0000","44201","Ozone","35620","New York-Newark-Jersey City, NY-NJ-PA","34","New Jersey","027","Morris","40.787628","-74.676301"
"04/15/2007","AQS","340273001","1","0.04","ppm","37","Chester","17","100.0000","44201","Ozone","35620","New York-Newark-Jersey City, NY-NJ-PA","34","New Jersey","027","Morris","40.787628","-74.676301"
"04/16/2007","AQS","340273001","1","0.036","ppm","33","Chester","17","100.0000","44201","Ozone","35620","New York-Newark-Jersey City, NY-NJ-PA","34","New Jersey","027","Morris","40.787628","-74.676301"
"04/17/2007","AQS","340273001","1","0.041","ppm","38","Chester","17","100.0000","44201","Ozone","35620","New York-Newark-Jersey City, NY-NJ-PA","34","New Jersey","027","Morris","40.787628","-74.676301"
"04/18/2007","AQS","340273001","1","0.04","ppm","37","Chester","17","100.0000","44201","Ozone","35620","New York-Newark-Jersey City, NY-NJ-PA","34","New Jersey","027","Morris","40.787628","-74.676301"
"04/19/2007","AQS","340273001","1","0.044","ppm","41","Chester","17","100.0000","44201","Ozone","35620","New York-Newark-Jersey City, NY-NJ-PA","34","New Jersey","027","Morris","40.787628","-74.676301"
"04/20/2007","AQS","340273001","1","0.058","ppm","61","Chester","17","100.0000","44201","Ozone","35620","New York-Newark-Jersey City, NY-NJ-PA","34","New Jersey","027","Morris","40.787628","-74.676301"
"04/21/2007","AQS","340273001","1","0.052","ppm","48","Chester","17","100.0000","44201","Ozone","35620","New York-Newark-Jersey City, NY-NJ-PA","34","New Jersey","027","Morris","40.787628","-74.676301"
"04/22/2007","AQS","340273001","1","0.061","ppm","71","Chester","17","100.0000","44201","Ozone","35620","New York-Newark-Jersey City, NY-NJ-PA","34","New Jersey","027","Morris","40.787628","-74.676301"
"04/23/2007","AQS","340273001","1","0.074","ppm","112","Chester","17","100.0000","44201","Ozone","35620","New York-Newark-Jersey City, NY-NJ-PA","34","New Jersey","027","Morris","40.787628","-74.676301"
"04/24/2007","AQS","340273001","1","0.054","ppm","50","Chester","17","100.0000","44201","Ozone","35620","New York-Newark-Jersey City, NY-NJ-PA","34","New Jersey","027","Morris","40.787628","-74.676301"
"04/25/2007","AQS","340273001","1","0.042","ppm","39","Chester","17","100.0000","44201","Ozone","35620","New York-Newark-Jersey City, NY-NJ-PA","34","New Jersey","027","Morris","40.787628","-74.676301"
"04/26/2007","AQS","340273001","1","0.047","ppm","44","Chester","17","100.0000","44201","Ozone","35620","New York-Newark-Jersey City, NY-NJ-PA","34","New Jersey","027","Morris","40.787628","-74.676301"
"04/27/2007","AQS","340273001","1","0.016","ppm","15","Chester","17","100.0000","44201","Ozone","35620","New York-Newark-Jersey City, NY-NJ-PA","34","New Jersey","027","Morris","40.787628","-74.676301"
"04/28/2007","AQS","340273001","1","0.039","ppm","36","Chester","17","100.0000","44201","Ozone","35620","New York-Newark-Jersey City, NY-NJ-PA","34","New Jersey","027","Morris","40.787628","-74.676301"
"04/29/2007","AQS","340273001","1","0.049","ppm","45","Chester","17","100.0000","44201","Ozone","35620","New York-Newark-Jersey City, NY-NJ-PA","34","New Jersey","027","Morris","40.787628","-74.676301"
"04/30/2007","AQS","340273001","1","0.062","ppm","74","Chester","17","100.0000","44201","Ozone","35620","New York-Newark-Jersey City, NY-NJ-PA","34","New Jersey","027","Morris","40.787628","-74.676301"
"05/01/2007","AQS","340273001","1","0.045","ppm","42","Chester","17","100.0000","44201","Ozone","35620","New York-Newark-Jersey City, NY-NJ-PA","34","New Jersey","027","Morris","40.787628","-74.676301"
"05/02/2007","AQS","340273001","1","0.049","ppm","45","Chester","17","100.0000","44201","Ozone","35620","New York-Newark-Jersey City, NY-NJ-PA","34","New Jersey","027","Morris","40.787628","-74.676301"
"05/03/2007","AQS","340273001","1","0.051","ppm","47","Chester","17","100.0000","44201","Ozone","35620","New York-Newark-Jersey City, NY-NJ-PA","34","New Jersey","027","Morris","40.787628","-74.676301"
"05/04/2007","AQS","340273001","1","0.048","ppm","44","Chester","17","100.0000","44201","Ozone","35620","New York-Newark-Jersey City, NY-NJ-PA","34","New Jersey","027","Morris","40.787628","-74.676301"
"05/05/2007","AQS","340273001","1","0.055","ppm","51","Chester","17","100.0000","44201","Ozone","35620","New York-Newark-Jersey City, NY-NJ-PA","34","New Jersey","027","Morris","40.787628","-74.676301"
"05/06/2007","AQS","340273001","1","0.042","ppm","39","Chester","17","100.0000","44201","Ozone","35620","New York-Newark-Jersey City, NY-NJ-PA","34","New Jersey","027","Morris","40.787628","-74.676301"
"05/07/2007","AQS","340273001","1","0.042","ppm","39","Chester","17","100.0000","44201","Ozone","35620","New York-Newark-Jersey City, NY-NJ-PA","34","New Jersey","027","Morris","40.787628","-74.676301"
"05/08/2007","AQS","340273001","1","0.047","ppm","44","Chester","17","100.0000","44201","Ozone","35620","New York-Newark-Jersey City, NY-NJ-PA","34","New Jersey","027","Morris","40.787628","-74.676301"
"05/10/2007","AQS","340273001","1","0.029","ppm","27","Chester","17","100.0000","44201","Ozone","35620","New York-Newark-Jersey City, NY-NJ-PA","34","New Jersey","027","Morris","40.787628","-74.676301"
"05/11/2007","AQS","340273001","1","0.062","ppm","74","Chester","17","100.0000","44201","Ozone","35620","New York-Newark-Jersey City, NY-NJ-PA","34","New Jersey","027","Morris","40.787628","-74.676301"
"05/12/2007","AQS","340273001","1","0.051","ppm","47","Chester","17","100.0000","44201","Ozone","35620","New York-Newark-Jersey City, NY-NJ-PA","34","New Jersey","027","Morris","40.787628","-74.676301"
"05/13/2007","AQS","340273001","1","0.054","ppm","50","Chester","17","100.0000","44201","Ozone","35620","New York-Newark-Jersey City, NY-NJ-PA","34","New Jersey","027","Morris","40.787628","-74.676301"
"05/14/2007","AQS","340273001","1","0.058","ppm","61","Chester","14","82.0000","44201","Ozone","35620","New York-Newark-Jersey City, NY-NJ-PA","34","New Jersey","027","Morris","40.787628","-74.676301"
"05/15/2007","AQS","340273001","1","0.09","ppm","161","Chester","17","100.0000","44201","Ozone","35620","New York-Newark-Jersey City, NY-NJ-PA","34","New Jersey","027","Morris","40.787628","-74.676301"
"05/16/2007","AQS","340273001","1","0.068","ppm","93","Chester","17","100.0000","44201","Ozone","35620","New York-Newark-Jersey City, NY-NJ-PA","34","New Jersey","027","Morris","40.787628","-74.676301"
"05/17/2007","AQS","340273001","1","0.044","ppm","41","Chester","17","100.0000","44201","Ozone","35620","New York-Newark-Jersey City, NY-NJ-PA","34","New Jersey","027","Morris","40.787628","-74.676301"
"05/18/2007","AQS","340273001","1","0.04","ppm","37","Chester","17","100.0000","44201","Ozone","35620","New York-Newark-Jersey City, NY-NJ-PA","34","New Jersey","027","Morris","40.787628","-74.676301"
"05/19/2007","AQS","340273001","1","0.045","ppm","42","Chester","17","100.0000","44201","Ozone","35620","New York-Newark-Jersey City, NY-NJ-PA","34","New Jersey","027","Morris","40.787628","-74.676301"
"05/20/2007","AQS","340273001","1","0.057","ppm","58","Chester","17","100.0000","44201","Ozone","35620","New York-Newark-Jersey City, NY-NJ-PA","34","New Jersey","027","Morris","40.787628","-74.676301"
"05/21/2007","AQS","340273001","1","0.05","ppm","46","Chester","17","100.0000","44201","Ozone","35620","New York-Newark-Jersey City, NY-NJ-PA","34","New Jersey","027","Morris","40.787628","-74.676301"
"05/22/2007","AQS","340273001","1","0.059","ppm","64","Chester","17","100.0000","44201","Ozone","35620","New York-Newark-Jersey City, NY-NJ-PA","34","New Jersey","027","Morris","40.787628","-74.676301"
"05/23/2007","AQS","340273001","1","0.076","ppm","119","Chester","17","100.0000","44201","Ozone","35620","New York-Newark-Jersey City, NY-NJ-PA","34","New Jersey","027","Morris","40.787628","-74.676301"
"05/24/2007","AQS","340273001","1","0.077","ppm","122","Chester","17","100.0000","44201","Ozone","35620","New York-Newark-Jersey City, NY-NJ-PA","34","New Jersey","027","Morris","40.787628","-74.676301"
"05/25/2007","AQS","340273001","1","0.084","ppm","147","Chester","17","100.0000","44201","Ozone","35620","New York-Newark-Jersey City, NY-NJ-PA","34","New Jersey","027","Morris","40.787628","-74.676301"
"05/26/2007","AQS","340273001","1","0.06","ppm","67","Chester","17","100.0000","44201","Ozone","35620","New York-Newark-Jersey City, NY-NJ-PA","34","New Jersey","027","Morris","40.787628","-74.676301"
"05/27/2007","AQS","340273001","1","0.086","ppm","151","Chester","17","100.0000","44201","Ozone","35620","New York-Newark-Jersey City, NY-NJ-PA","34","New Jersey","027","Morris","40.787628","-74.676301"
"05/28/2007","AQS","340273001","1","0.061","ppm","71","Chester","17","100.0000","44201","Ozone","35620","New York-Newark-Jersey City, NY-NJ-PA","34","New Jersey","027","Morris","40.787628","-74.676301"
"05/29/2007","AQS","340273001","1","0.047","ppm","44","Chester","17","100.0000","44201","Ozone","35620","New York-Newark-Jersey City, NY-NJ-PA","34","New Jersey","027","Morris","40.787628","-74.676301"
"05/30/2007","AQS","340273001","1","0.079","ppm","129","Chester","17","100.0000","44201","Ozone","35620","New York-Newark-Jersey City, NY-NJ-PA","34","New Jersey","027","Morris","40.787628","-74.676301"
"05/31/2007","AQS","340273001","1","0.088","ppm","156","Chester","17","100.0000","44201","Ozone","35620","New York-Newark-Jersey City, NY-NJ-PA","34","New Jersey","027","Morris","40.787628","-74.676301"
"06/01/2007","AQS","340273001","1","0.084","ppm","147","Chester","17","100.0000","44201","Ozone","35620","New York-Newark-Jersey City, NY-NJ-PA","34","New Jersey","027","Morris","40.787628","-74.676301"
"06/02/2007","AQS","340273001","1","0.084","ppm","147","Chester","17","100.0000","44201","Ozone","35620","New York-Newark-Jersey City, NY-NJ-PA","34","New Jersey","027","Morris","40.787628","-74.676301"
"06/03/2007","AQS","340273001","1","0.042","ppm","39","Chester","17","100.0000","44201","Ozone","35620","New York-Newark-Jersey City, NY-NJ-PA","34","New Jersey","027","Morris","40.787628","-74.676301"
"06/05/2007","AQS","340273001","1","0.058","ppm","61","Chester","17","100.0000","44201","Ozone","35620","New York-Newark-Jersey City, NY-NJ-PA","34","New Jersey","027","Morris","40.787628","-74.676301"
"06/06/2007","AQS","340273001","1","0.042","ppm","39","Chester","17","100.0000","44201","Ozone","35620","New York-Newark-Jersey City, NY-NJ-PA","34","New Jersey","027","Morris","40.787628","-74.676301"
"06/07/2007","AQS","340273001","1","0.07","ppm","100","Chester","17","100.0000","44201","Ozone","35620","New York-Newark-Jersey City, NY-NJ-PA","34","New Jersey","027","Morris","40.787628","-74.676301"
"06/08/2007","AQS","340273001","1","0.087","ppm","154","Chester","17","100.0000","44201","Ozone","35620","New York-Newark-Jersey City, NY-NJ-PA","34","New Jersey","027","Morris","40.787628","-74.676301"
"06/09/2007","AQS","340273001","1","0.051","ppm","47","Chester","17","100.0000","44201","Ozone","35620","New York-Newark-Jersey City, NY-NJ-PA","34","New Jersey","027","Morris","40.787628","-74.676301"
"06/10/2007","AQS","340273001","1","0.053","ppm","49","Chester","17","100.0000","44201","Ozone","35620","New York-Newark-Jersey City, NY-NJ-PA","34","New Jersey","027","Morris","40.787628","-74.676301"
"06/11/2007","AQS","340273001","1","0.055","ppm","51","Chester","17","100.0000","44201","Ozone","35620","New York-Newark-Jersey City, NY-NJ-PA","34","New Jersey","027","Morris","40.787628","-74.676301"
"06/12/2007","AQS","340273001","1","0.046","ppm","43","Chester","17","100.0000","44201","Ozone","35620","New York-Newark-Jersey City, NY-NJ-PA","34","New Jersey","027","Morris","40.787628","-74.676301"
"06/13/2007","AQS","340273001","1","0.031","ppm","29","Chester","13","76.0000","44201","Ozone","35620","New York-Newark-Jersey City, NY-NJ-PA","34","New Jersey","027","Morris","40.787628","-74.676301"
"06/14/2007","AQS","340273001","1","0.032","ppm","30","Chester","17","100.0000","44201","Ozone","35620","New York-Newark-Jersey City, NY-NJ-PA","34","New Jersey","027","Morris","40.787628","-74.676301"
"06/15/2007","AQS","340273001","1","0.049","ppm","45","Chester","15","88.0000","44201","Ozone","35620","New York-Newark-Jersey City, NY-NJ-PA","34","New Jersey","027","Morris","40.787628","-74.676301"
"06/16/2007","AQS","340273001","1","0.053","ppm","49","Chester","17","100.0000","44201","Ozone","35620","New York-Newark-Jersey City, NY-NJ-PA","34","New Jersey","027","Morris","40.787628","-74.676301"
"06/17/2007","AQS","340273001","1","0.073","ppm","108","Chester","17","100.0000","44201","Ozone","35620","New York-Newark-Jersey City, NY-NJ-PA","34","New Jersey","027","Morris","40.787628","-74.676301"
"06/18/2007","AQS","340273001","1","0.064","ppm","80","Chester","17","100.0000","44201","Ozone","35620","New York-Newark-Jersey City, NY-NJ-PA","34","New Jersey","027","Morris","40.787628","-74.676301"
"06/19/2007","AQS","340273001","1","0.083","ppm","143","Chester","17","100.0000","44201","Ozone","35620","New York-Newark-Jersey City, NY-NJ-PA","34","New Jersey","027","Morris","40.787628","-74.676301"
"06/20/2007","AQS","340273001","1","0.046","ppm","43","Chester","17","100.0000","44201","Ozone","35620","New York-Newark-Jersey City, NY-NJ-PA","34","New Jersey","027","Morris","40.787628","-74.676301"
"06/21/2007","AQS","340273001","1","0.066","ppm","87","Chester","17","100.0000","44201","Ozone","35620","New York-Newark-Jersey City, NY-NJ-PA","34","New Jersey","027","Morris","40.787628","-74.676301"
"06/22/2007","AQS","340273001","1","0.042","ppm","39","Chester","17","100.0000","44201","Ozone","35620","New York-Newark-Jersey City, NY-NJ-PA","34","New Jersey","027","Morris","40.787628","-74.676301"
"06/23/2007","AQS","340273001","1","0.047","ppm","44","Chester","17","100.0000","44201","Ozone","35620","New York-Newark-Jersey City, NY-NJ-PA","34","New Jersey","027","Morris","40.787628","-74.676301"
"06/24/2007","AQS","340273001","1","0.057","ppm","58","Chester","17","100.0000","44201","Ozone","35620","New York-Newark-Jersey City, NY-NJ-PA","34","New Jersey","027","Morris","40.787628","-74.676301"
"06/25/2007","AQS","340273001","1","0.056","ppm","54","Chester","17","100.0000","44201","Ozone","35620","New York-Newark-Jersey City, NY-NJ-PA","34","New Jersey","027","Morris","40.787628","-74.676301"
"06/26/2007","AQS","340273001","1","0.08","ppm","133","Chester","17","100.0000","44201","Ozone","35620","New York-Newark-Jersey City, NY-NJ-PA","34","New Jersey","027","Morris","40.787628","-74.676301"
"06/27/2007","AQS","340273001","1","0.075","ppm","115","Chester","17","100.0000","44201","Ozone","35620","New York-Newark-Jersey City, NY-NJ-PA","34","New Jersey","027","Morris","40.787628","-74.676301"
"06/28/2007","AQS","340273001","1","0.066","ppm","87","Chester","17","100.0000","44201","Ozone","35620","New York-Newark-Jersey City, NY-NJ-PA","34","New Jersey","027","Morris","40.787628","-74.676301"
"06/29/2007","AQS","340273001","1","0.038","ppm","35","Chester","17","100.0000","44201","Ozone","35620","New York-Newark-Jersey City, NY-NJ-PA","34","New Jersey","027","Morris","40.787628","-74.676301"
"06/30/2007","AQS","340273001","1","0.058","ppm","61","Chester","17","100.0000","44201","Ozone","35620","New York-Newark-Jersey City, NY-NJ-PA","34","New Jersey","027","Morris","40.787628","-74.676301"
"07/01/2007","AQS","340273001","1","0.033","ppm","31","Chester","17","100.0000","44201","Ozone","35620","New York-Newark-Jersey City, NY-NJ-PA","34","New Jersey","027","Morris","40.787628","-74.676301"
"07/02/2007","AQS","340273001","1","0.034","ppm","31","Chester","17","100.0000","44201","Ozone","35620","New York-Newark-Jersey City, NY-NJ-PA","34","New Jersey","027","Morris","40.787628","-74.676301"
"07/03/2007","AQS","340273001","1","0.054","ppm","50","Chester","17","100.0000","44201","Ozone","35620","New York-Newark-Jersey City, NY-NJ-PA","34","New Jersey","027","Morris","40.787628","-74.676301"
"07/04/2007","AQS","340273001","1","0.046","ppm","43","Chester","17","100.0000","44201","Ozone","35620","New York-Newark-Jersey City, NY-NJ-PA","34","New Jersey","027","Morris","40.787628","-74.676301"
"07/05/2007","AQS","340273001","1","0.055","ppm","51","Chester","17","100.0000","44201","Ozone","35620","New York-Newark-Jersey City, NY-NJ-PA","34","New Jersey","027","Morris","40.787628","-74.676301"
"07/06/2007","AQS","340273001","1","0.051","ppm","47","Chester","17","100.0000","44201","Ozone","35620","New York-Newark-Jersey City, NY-NJ-PA","34","New Jersey","027","Morris","40.787628","-74.676301"
"07/07/2007","AQS","340273001","1","0.056","ppm","54","Chester","17","100.0000","44201","Ozone","35620","New York-Newark-Jersey City, NY-NJ-PA","34","New Jersey","027","Morris","40.787628","-74.676301"
"07/08/2007","AQS","340273001","1","0.081","ppm","136","Chester","17","100.0000","44201","Ozone","35620","New York-Newark-Jersey City, NY-NJ-PA","34","New Jersey","027","Morris","40.787628","-74.676301"
"07/09/2007","AQS","340273001","1","0.096","ppm","177","Chester","17","100.0000","44201","Ozone","35620","New York-Newark-Jersey City, NY-NJ-PA","34","New Jersey","027","Morris","40.787628","-74.676301"
"07/10/2007","AQS","340273001","1","0.089","ppm","159","Chester","17","100.0000","44201","Ozone","35620","New York-Newark-Jersey City, NY-NJ-PA","34","New Jersey","027","Morris","40.787628","-74.676301"
"07/11/2007","AQS","340273001","1","0.059","ppm","64","Chester","17","100.0000","44201","Ozone","35620","New York-Newark-Jersey City, NY-NJ-PA","34","New Jersey","027","Morris","40.787628","-74.676301"
"07/12/2007","AQS","340273001","1","0.052","ppm","48","Chester","17","100.0000","44201","Ozone","35620","New York-Newark-Jersey City, NY-NJ-PA","34","New Jersey","027","Morris","40.787628","-74.676301"
"07/13/2007","AQS","340273001","1","0.064","ppm","80","Chester","17","100.0000","44201","Ozone","35620","New York-Newark-Jersey City, NY-NJ-PA","34","New Jersey","027","Morris","40.787628","-74.676301"
"07/14/2007","AQS","340273001","1","0.071","ppm","101","Chester","17","100.0000","44201","Ozone","35620","New York-Newark-Jersey City, NY-NJ-PA","34","New Jersey","027","Morris","40.787628","-74.676301"
"07/15/2007","AQS","340273001","1","0.065","ppm","84","Chester","17","100.0000","44201","Ozone","35620","New York-Newark-Jersey City, NY-NJ-PA","34","New Jersey","027","Morris","40.787628","-74.676301"
"07/16/2007","AQS","340273001","1","0.056","ppm","54","Chester","17","100.0000","44201","Ozone","35620","New York-Newark-Jersey City, NY-NJ-PA","34","New Jersey","027","Morris","40.787628","-74.676301"
"07/17/2007","AQS","340273001","1","0.077","ppm","122","Chester","17","100.0000","44201","Ozone","35620","New York-Newark-Jersey City, NY-NJ-PA","34","New Jersey","027","Morris","40.787628","-74.676301"
"07/18/2007","AQS","340273001","1","0.062","ppm","74","Chester","17","100.0000","44201","Ozone","35620","New York-Newark-Jersey City, NY-NJ-PA","34","New Jersey","027","Morris","40.787628","-74.676301"
"07/19/2007","AQS","340273001","1","0.06","ppm","67","Chester","17","100.0000","44201","Ozone","35620","New York-Newark-Jersey City, NY-NJ-PA","34","New Jersey","027","Morris","40.787628","-74.676301"
"07/20/2007","AQS","340273001","1","0.049","ppm","45","Chester","17","100.0000","44201","Ozone","35620","New York-Newark-Jersey City, NY-NJ-PA","34","New Jersey","027","Morris","40.787628","-74.676301"
"07/21/2007","AQS","340273001","1","0.026","ppm","24","Chester","17","100.0000","44201","Ozone","35620","New York-Newark-Jersey City, NY-NJ-PA","34","New Jersey","027","Morris","40.787628","-74.676301"
"07/22/2007","AQS","340273001","1","0.046","ppm","43","Chester","17","100.0000","44201","Ozone","35620","New York-Newark-Jersey City, NY-NJ-PA","34","New Jersey","027","Morris","40.787628","-74.676301"
"07/23/2007","AQS","340273001","1","0.021","ppm","19","Chester","17","100.0000","44201","Ozone","35620","New York-Newark-Jersey City, NY-NJ-PA","34","New Jersey","027","Morris","40.787628","-74.676301"
"07/24/2007","AQS","340273001","1","0.07","ppm","100","Chester","17","100.0000","44201","Ozone","35620","New York-Newark-Jersey City, NY-NJ-PA","34","New Jersey","027","Morris","40.787628","-74.676301"
"07/25/2007","AQS","340273001","1","0.074","ppm","112","Chester","17","100.0000","44201","Ozone","35620","New York-Newark-Jersey City, NY-NJ-PA","34","New Jersey","027","Morris","40.787628","-74.676301"
"07/26/2007","AQS","340273001","1","0.068","ppm","93","Chester","17","100.0000","44201","Ozone","35620","New York-Newark-Jersey City, NY-NJ-PA","34","New Jersey","027","Morris","40.787628","-74.676301"
"07/27/2007","AQS","340273001","1","0.06","ppm","67","Chester","17","100.0000","44201","Ozone","35620","New York-Newark-Jersey City, NY-NJ-PA","34","New Jersey","027","Morris","40.787628","-74.676301"
"07/28/2007","AQS","340273001","1","0.066","ppm","87","Chester","17","100.0000","44201","Ozone","35620","New York-Newark-Jersey City, NY-NJ-PA","34","New Jersey","027","Morris","40.787628","-74.676301"
"08/02/2007","AQS","340273001","1","0.081","ppm","136","Chester","13","76.0000","44201","Ozone","35620","New York-Newark-Jersey City, NY-NJ-PA","34","New Jersey","027","Morris","40.787628","-74.676301"
"08/03/2007","AQS","340273001","1","0.088","ppm","156","Chester","17","100.0000","44201","Ozone","35620","New York-Newark-Jersey City, NY-NJ-PA","34","New Jersey","027","Morris","40.787628","-74.676301"
"08/04/2007","AQS","340273001","1","0.059","ppm","64","Chester","17","100.0000","44201","Ozone","35620","New York-Newark-Jersey City, NY-NJ-PA","34","New Jersey","027","Morris","40.787628","-74.676301"
"08/05/2007","AQS","340273001","1","0.066","ppm","87","Chester","17","100.0000","44201","Ozone","35620","New York-Newark-Jersey City, NY-NJ-PA","34","New Jersey","027","Morris","40.787628","-74.676301"
"08/07/2007","AQS","340273001","1","0.067","ppm","90","Chester","17","100.0000","44201","Ozone","35620","New York-Newark-Jersey City, NY-NJ-PA","34","New Jersey","027","Morris","40.787628","-74.676301"
"08/08/2007","AQS","340273001","1","0.061","ppm","71","Chester","17","100.0000","44201","Ozone","35620","New York-Newark-Jersey City, NY-NJ-PA","34","New Jersey","027","Morris","40.787628","-74.676301"
"08/10/2007","AQS","340273001","1","0.034","ppm","31","Chester","17","100.0000","44201","Ozone","35620","New York-Newark-Jersey City, NY-NJ-PA","34","New Jersey","027","Morris","40.787628","-74.676301"
"08/11/2007","AQS","340273001","1","0.045","ppm","42","Chester","17","100.0000","44201","Ozone","35620","New York-Newark-Jersey City, NY-NJ-PA","34","New Jersey","027","Morris","40.787628","-74.676301"
"08/12/2007","AQS","340273001","1","0.057","ppm","58","Chester","17","100.0000","44201","Ozone","35620","New York-Newark-Jersey City, NY-NJ-PA","34","New Jersey","027","Morris","40.787628","-74.676301"
"08/13/2007","AQS","340273001","1","0.052","ppm","48","Chester","17","100.0000","44201","Ozone","35620","New York-Newark-Jersey City, NY-NJ-PA","34","New Jersey","027","Morris","40.787628","-74.676301"
"08/14/2007","AQS","340273001","1","0.037","ppm","34","Chester","13","76.0000","44201","Ozone","35620","New York-Newark-Jersey City, NY-NJ-PA","34","New Jersey","027","Morris","40.787628","-74.676301"
"08/15/2007","AQS","340273001","1","0.068","ppm","93","Chester","17","100.0000","44201","Ozone","35620","New York-Newark-Jersey City, NY-NJ-PA","34","New Jersey","027","Morris","40.787628","-74.676301"
"08/16/2007","AQS","340273001","1","0.066","ppm","87","Chester","14","82.0000","44201","Ozone","35620","New York-Newark-Jersey City, NY-NJ-PA","34","New Jersey","027","Morris","40.787628","-74.676301"
"08/17/2007","AQS","340273001","1","0.051","ppm","47","Chester","17","100.0000","44201","Ozone","35620","New York-Newark-Jersey City, NY-NJ-PA","34","New Jersey","027","Morris","40.787628","-74.676301"
"08/18/2007","AQS","340273001","1","0.023","ppm","21","Chester","17","100.0000","44201","Ozone","35620","New York-Newark-Jersey City, NY-NJ-PA","34","New Jersey","027","Morris","40.787628","-74.676301"
"08/19/2007","AQS","340273001","1","0.025","ppm","23","Chester","17","100.0000","44201","Ozone","35620","New York-Newark-Jersey City, NY-NJ-PA","34","New Jersey","027","Morris","40.787628","-74.676301"
"08/20/2007","AQS","340273001","1","0.023","ppm","21","Chester","17","100.0000","44201","Ozone","35620","New York-Newark-Jersey City, NY-NJ-PA","34","New Jersey","027","Morris","40.787628","-74.676301"
"08/21/2007","AQS","340273001","1","0.022","ppm","20","Chester","17","100.0000","44201","Ozone","35620","New York-Newark-Jersey City, NY-NJ-PA","34","New Jersey","027","Morris","40.787628","-74.676301"
"08/22/2007","AQS","340273001","1","0.012","ppm","11","Chester","17","100.0000","44201","Ozone","35620","New York-Newark-Jersey City, NY-NJ-PA","34","New Jersey","027","Morris","40.787628","-74.676301"
"08/23/2007","AQS","340273001","1","0.009","ppm","8","Chester","17","100.0000","44201","Ozone","35620","New York-Newark-Jersey City, NY-NJ-PA","34","New Jersey","027","Morris","40.787628","-74.676301"
"08/24/2007","AQS","340273001","1","0.042","ppm","39","Chester","13","76.0000","44201","Ozone","35620","New York-Newark-Jersey City, NY-NJ-PA","34","New Jersey","027","Morris","40.787628","-74.676301"
"08/25/2007","AQS","340273001","1","0.068","ppm","93","Chester","16","94.0000","44201","Ozone","35620","New York-Newark-Jersey City, NY-NJ-PA","34","New Jersey","027","Morris","40.787628","-74.676301"
"08/27/2007","AQS","340273001","1","0.047","ppm","44","Chester","16","94.0000","44201","Ozone","35620","New York-Newark-Jersey City, NY-NJ-PA","34","New Jersey","027","Morris","40.787628","-74.676301"
"08/28/2007","AQS","340273001","1","0.057","ppm","58","Chester","17","100.0000","44201","Ozone","35620","New York-Newark-Jersey City, NY-NJ-PA","34","New Jersey","027","Morris","40.787628","-74.676301"
"08/29/2007","AQS","340273001","1","0.061","ppm","71","Chester","17","100.0000","44201","Ozone","35620","New York-Newark-Jersey City, NY-NJ-PA","34","New Jersey","027","Morris","40.787628","-74.676301"
"08/30/2007","AQS","340273001","1","0.076","ppm","119","Chester","4","24.0000","44201","Ozone","35620","New York-Newark-Jersey City, NY-NJ-PA","34","New Jersey","027","Morris","40.787628","-74.676301"
"08/31/2007","AQS","340273001","1","0.026","ppm","24","Chester","17","100.0000","44201","Ozone","35620","New York-Newark-Jersey City, NY-NJ-PA","34","New Jersey","027","Morris","40.787628","-74.676301"
"09/01/2007","AQS","340273001","1","0.035","ppm","32","Chester","17","100.0000","44201","Ozone","35620","New York-Newark-Jersey City, NY-NJ-PA","34","New Jersey","027","Morris","40.787628","-74.676301"
"09/02/2007","AQS","340273001","1","0.047","ppm","44","Chester","17","100.0000","44201","Ozone","35620","New York-Newark-Jersey City, NY-NJ-PA","34","New Jersey","027","Morris","40.787628","-74.676301"
"09/03/2007","AQS","340273001","1","0.06","ppm","67","Chester","17","100.0000","44201","Ozone","35620","New York-Newark-Jersey City, NY-NJ-PA","34","New Jersey","027","Morris","40.787628","-74.676301"
"09/04/2007","AQS","340273001","1","0.038","ppm","35","Chester","17","100.0000","44201","Ozone","35620","New York-Newark-Jersey City, NY-NJ-PA","34","New Jersey","027","Morris","40.787628","-74.676301"
"09/05/2007","AQS","340273001","1","0.045","ppm","42","Chester","17","100.0000","44201","Ozone","35620","New York-Newark-Jersey City, NY-NJ-PA","34","New Jersey","027","Morris","40.787628","-74.676301"
"09/06/2007","AQS","340273001","1","0.058","ppm","61","Chester","17","100.0000","44201","Ozone","35620","New York-Newark-Jersey City, NY-NJ-PA","34","New Jersey","027","Morris","40.787628","-74.676301"
"09/07/2007","AQS","340273001","1","0.074","ppm","112","Chester","17","100.0000","44201","Ozone","35620","New York-Newark-Jersey City, NY-NJ-PA","34","New Jersey","027","Morris","40.787628","-74.676301"
"09/08/2007","AQS","340273001","1","0.061","ppm","71","Chester","17","100.0000","44201","Ozone","35620","New York-Newark-Jersey City, NY-NJ-PA","34","New Jersey","027","Morris","40.787628","-74.676301"
"09/09/2007","AQS","340273001","1","0.05","ppm","46","Chester","17","100.0000","44201","Ozone","35620","New York-Newark-Jersey City, NY-NJ-PA","34","New Jersey","027","Morris","40.787628","-74.676301"
"09/10/2007","AQS","340273001","1","0.043","ppm","40","Chester","17","100.0000","44201","Ozone","35620","New York-Newark-Jersey City, NY-NJ-PA","34","New Jersey","027","Morris","40.787628","-74.676301"
"09/11/2007","AQS","340273001","1","0.033","ppm","31","Chester","17","100.0000","44201","Ozone","35620","New York-Newark-Jersey City, NY-NJ-PA","34","New Jersey","027","Morris","40.787628","-74.676301"
"09/12/2007","AQS","340273001","1","0.032","ppm","30","Chester","17","100.0000","44201","Ozone","35620","New York-Newark-Jersey City, NY-NJ-PA","34","New Jersey","027","Morris","40.787628","-74.676301"
"09/13/2007","AQS","340273001","1","0.043","ppm","40","Chester","17","100.0000","44201","Ozone","35620","New York-Newark-Jersey City, NY-NJ-PA","34","New Jersey","027","Morris","40.787628","-74.676301"
"09/14/2007","AQS","340273001","1","0.047","ppm","44","Chester","17","100.0000","44201","Ozone","35620","New York-Newark-Jersey City, NY-NJ-PA","34","New Jersey","027","Morris","40.787628","-74.676301"
"09/15/2007","AQS","340273001","1","0.027","ppm","25","Chester","17","100.0000","44201","Ozone","35620","New York-Newark-Jersey City, NY-NJ-PA","34","New Jersey","027","Morris","40.787628","-74.676301"
"09/16/2007","AQS","340273001","1","0.025","ppm","23","Chester","17","100.0000","44201","Ozone","35620","New York-Newark-Jersey City, NY-NJ-PA","34","New Jersey","027","Morris","40.787628","-74.676301"
"09/17/2007","AQS","340273001","1","0.028","ppm","26","Chester","17","100.0000","44201","Ozone","35620","New York-Newark-Jersey City, NY-NJ-PA","34","New Jersey","027","Morris","40.787628","-74.676301"
"09/18/2007","AQS","340273001","1","0.043","ppm","40","Chester","17","100.0000","44201","Ozone","35620","New York-Newark-Jersey City, NY-NJ-PA","34","New Jersey","027","Morris","40.787628","-74.676301"
"09/19/2007","AQS","340273001","1","0.044","ppm","41","Chester","17","100.0000","44201","Ozone","35620","New York-Newark-Jersey City, NY-NJ-PA","34","New Jersey","027","Morris","40.787628","-74.676301"
"09/20/2007","AQS","340273001","1","0.067","ppm","90","Chester","17","100.0000","44201","Ozone","35620","New York-Newark-Jersey City, NY-NJ-PA","34","New Jersey","027","Morris","40.787628","-74.676301"
"09/21/2007","AQS","340273001","1","0.087","ppm","154","Chester","17","100.0000","44201","Ozone","35620","New York-Newark-Jersey City, NY-NJ-PA","34","New Jersey","027","Morris","40.787628","-74.676301"
"09/22/2007","AQS","340273001","1","0.035","ppm","32","Chester","17","100.0000","44201","Ozone","35620","New York-Newark-Jersey City, NY-NJ-PA","34","New Jersey","027","Morris","40.787628","-74.676301"
"09/23/2007","AQS","340273001","1","0.038","ppm","35","Chester","17","100.0000","44201","Ozone","35620","New York-Newark-Jersey City, NY-NJ-PA","34","New Jersey","027","Morris","40.787628","-74.676301"
"09/24/2007","AQS","340273001","1","0.038","ppm","35","Chester","17","100.0000","44201","Ozone","35620","New York-Newark-Jersey City, NY-NJ-PA","34","New Jersey","027","Morris","40.787628","-74.676301"
"09/25/2007","AQS","340273001","1","0.076","ppm","119","Chester","17","100.0000","44201","Ozone","35620","New York-Newark-Jersey City, NY-NJ-PA","34","New Jersey","027","Morris","40.787628","-74.676301"
"09/26/2007","AQS","340273001","1","0.072","ppm","105","Chester","17","100.0000","44201","Ozone","35620","New York-Newark-Jersey City, NY-NJ-PA","34","New Jersey","027","Morris","40.787628","-74.676301"
"09/27/2007","AQS","340273001","1","0.041","ppm","38","Chester","17","100.0000","44201","Ozone","35620","New York-Newark-Jersey City, NY-NJ-PA","34","New Jersey","027","Morris","40.787628","-74.676301"
"09/28/2007","AQS","340273001","1","0.04","ppm","37","Chester","17","100.0000","44201","Ozone","35620","New York-Newark-Jersey City, NY-NJ-PA","34","New Jersey","027","Morris","40.787628","-74.676301"
"09/29/2007","AQS","340273001","1","0.03","ppm","28","Chester","17","100.0000","44201","Ozone","35620","New York-Newark-Jersey City, NY-NJ-PA","34","New Jersey","027","Morris","40.787628","-74.676301"
"09/30/2007","AQS","340273001","1","0.038","ppm","35","Chester","17","100.0000","44201","Ozone","35620","New York-Newark-Jersey City, NY-NJ-PA","34","New Jersey","027","Morris","40.787628","-74.676301"
"10/01/2007","AQS","340273001","1","0.031","ppm","29","Chester","17","100.0000","44201","Ozone","35620","New York-Newark-Jersey City, NY-NJ-PA","34","New Jersey","027","Morris","40.787628","-74.676301"
"10/02/2007","AQS","340273001","1","0.033","ppm","31","Chester","17","100.0000","44201","Ozone","35620","New York-Newark-Jersey City, NY-NJ-PA","34","New Jersey","027","Morris","40.787628","-74.676301"
"10/03/2007","AQS","340273001","1","0.031","ppm","29","Chester","17","100.0000","44201","Ozone","35620","New York-Newark-Jersey City, NY-NJ-PA","34","New Jersey","027","Morris","40.787628","-74.676301"
"10/04/2007","AQS","340273001","1","0.05","ppm","46","Chester","17","100.0000","44201","Ozone","35620","New York-Newark-Jersey City, NY-NJ-PA","34","New Jersey","027","Morris","40.787628","-74.676301"
"10/05/2007","AQS","340273001","1","0.032","ppm","30","Chester","17","100.0000","44201","Ozone","35620","New York-Newark-Jersey City, NY-NJ-PA","34","New Jersey","027","Morris","40.787628","-74.676301"
"10/06/2007","AQS","340273001","1","0.056","ppm","54","Chester","17","100.0000","44201","Ozone","35620","New York-Newark-Jersey City, NY-NJ-PA","34","New Jersey","027","Morris","40.787628","-74.676301"
"10/07/2007","AQS","340273001","1","0.035","ppm","32","Chester","17","100.0000","44201","Ozone","35620","New York-Newark-Jersey City, NY-NJ-PA","34","New Jersey","027","Morris","40.787628","-74.676301"
"10/08/2007","AQS","340273001","1","0.052","ppm","48","Chester","17","100.0000","44201","Ozone","35620","New York-Newark-Jersey City, NY-NJ-PA","34","New Jersey","027","Morris","40.787628","-74.676301"
"10/09/2007","AQS","340273001","1","0.024","ppm","22","Chester","17","100.0000","44201","Ozone","35620","New York-Newark-Jersey City, NY-NJ-PA","34","New Jersey","027","Morris","40.787628","-74.676301"
"10/10/2007","AQS","340273001","1","0.033","ppm","31","Chester","17","100.0000","44201","Ozone","35620","New York-Newark-Jersey City, NY-NJ-PA","34","New Jersey","027","Morris","40.787628","-74.676301"
"10/12/2007","AQS","340273001","1","0.032","ppm","30","Chester","15","88.0000","44201","Ozone","35620","New York-Newark-Jersey City, NY-NJ-PA","34","New Jersey","027","Morris","40.787628","-74.676301"
"10/13/2007","AQS","340273001","1","0.033","ppm","31","Chester","17","100.0000","44201","Ozone","35620","New York-Newark-Jersey City, NY-NJ-PA","34","New Jersey","027","Morris","40.787628","-74.676301"
"10/14/2007","AQS","340273001","1","0.031","ppm","29","Chester","17","100.0000","44201","Ozone","35620","New York-Newark-Jersey City, NY-NJ-PA","34","New Jersey","027","Morris","40.787628","-74.676301"
"10/15/2007","AQS","340273001","1","0.033","ppm","31","Chester","17","100.0000","44201","Ozone","35620","New York-Newark-Jersey City, NY-NJ-PA","34","New Jersey","027","Morris","40.787628","-74.676301"
"10/16/2007","AQS","340273001","1","0.038","ppm","35","Chester","17","100.0000","44201","Ozone","35620","New York-Newark-Jersey City, NY-NJ-PA","34","New Jersey","027","Morris","40.787628","-74.676301"
"10/17/2007","AQS","340273001","1","0.048","ppm","44","Chester","17","100.0000","44201","Ozone","35620","New York-Newark-Jersey City, NY-NJ-PA","34","New Jersey","027","Morris","40.787628","-74.676301"
"10/18/2007","AQS","340273001","1","0.033","ppm","31","Chester","17","100.0000","44201","Ozone","35620","New York-Newark-Jersey City, NY-NJ-PA","34","New Jersey","027","Morris","40.787628","-74.676301"
"10/19/2007","AQS","340273001","1","0.034","ppm","31","Chester","17","100.0000","44201","Ozone","35620","New York-Newark-Jersey City, NY-NJ-PA","34","New Jersey","027","Morris","40.787628","-74.676301"
"10/20/2007","AQS","340273001","1","0.036","ppm","33","Chester","17","100.0000","44201","Ozone","35620","New York-Newark-Jersey City, NY-NJ-PA","34","New Jersey","027","Morris","40.787628","-74.676301"
"10/21/2007","AQS","340273001","1","0.049","ppm","45","Chester","17","100.0000","44201","Ozone","35620","New York-Newark-Jersey City, NY-NJ-PA","34","New Jersey","027","Morris","40.787628","-74.676301"
"10/22/2007","AQS","340273001","1","0.05","ppm","46","Chester","17","100.0000","44201","Ozone","35620","New York-Newark-Jersey City, NY-NJ-PA","34","New Jersey","027","Morris","40.787628","-74.676301"
"10/23/2007","AQS","340273001","1","0.041","ppm","38","Chester","17","100.0000","44201","Ozone","35620","New York-Newark-Jersey City, NY-NJ-PA","34","New Jersey","027","Morris","40.787628","-74.676301"
"10/24/2007","AQS","340273001","1","0.02","ppm","19","Chester","17","100.0000","44201","Ozone","35620","New York-Newark-Jersey City, NY-NJ-PA","34","New Jersey","027","Morris","40.787628","-74.676301"
"10/25/2007","AQS","340273001","1","0.026","ppm","24","Chester","17","100.0000","44201","Ozone","35620","New York-Newark-Jersey City, NY-NJ-PA","34","New Jersey","027","Morris","40.787628","-74.676301"
"10/26/2007","AQS","340273001","1","0.02","ppm","19","Chester","17","100.0000","44201","Ozone","35620","New York-Newark-Jersey City, NY-NJ-PA","34","New Jersey","027","Morris","40.787628","-74.676301"
"10/27/2007","AQS","340273001","1","0.031","ppm","29","Chester","17","100.0000","44201","Ozone","35620","New York-Newark-Jersey City, NY-NJ-PA","34","New Jersey","027","Morris","40.787628","-74.676301"
"10/28/2007","AQS","340273001","1","0.035","ppm","32","Chester","17","100.0000","44201","Ozone","35620","New York-Newark-Jersey City, NY-NJ-PA","34","New Jersey","027","Morris","40.787628","-74.676301"
"10/29/2007","AQS","340273001","1","0.027","ppm","25","Chester","17","100.0000","44201","Ozone","35620","New York-Newark-Jersey City, NY-NJ-PA","34","New Jersey","027","Morris","40.787628","-74.676301"
"10/30/2007","AQS","340273001","1","0.037","ppm","34","Chester","17","100.0000","44201","Ozone","35620","New York-Newark-Jersey City, NY-NJ-PA","34","New Jersey","027","Morris","40.787628","-74.676301"
"10/31/2007","AQS","340273001","1","0.037","ppm","34","Chester","17","100.0000","44201","Ozone","35620","New York-Newark-Jersey City, NY-NJ-PA","34","New Jersey","027","Morris","40.787628","-74.676301"
"11/01/2007","AQS","340273001","1","0.033","ppm","31","Chester","17","100.0000","44201","Ozone","35620","New York-Newark-Jersey City, NY-NJ-PA","34","New Jersey","027","Morris","40.787628","-74.676301"
"11/02/2007","AQS","340273001","1","0.035","ppm","32","Chester","17","100.0000","44201","Ozone","35620","New York-Newark-Jersey City, NY-NJ-PA","34","New Jersey","027","Morris","40.787628","-74.676301"
"11/03/2007","AQS","340273001","1","0.04","ppm","37","Chester","17","100.0000","44201","Ozone","35620","New York-Newark-Jersey City, NY-NJ-PA","34","New Jersey","027","Morris","40.787628","-74.676301"
"11/04/2007","AQS","340273001","1","0.036","ppm","33","Chester","17","100.0000","44201","Ozone","35620","New York-Newark-Jersey City, NY-NJ-PA","34","New Jersey","027","Morris","40.787628","-74.676301"
"11/05/2007","AQS","340273001","1","0.037","ppm","34","Chester","17","100.0000","44201","Ozone","35620","New York-Newark-Jersey City, NY-NJ-PA","34","New Jersey","027","Morris","40.787628","-74.676301"
"11/06/2007","AQS","340273001","1","0.03","ppm","28","Chester","17","100.0000","44201","Ozone","35620","New York-Newark-Jersey City, NY-NJ-PA","34","New Jersey","027","Morris","40.787628","-74.676301"
"11/07/2007","AQS","340273001","1","0.034","ppm","31","Chester","17","100.0000","44201","Ozone","35620","New York-Newark-Jersey City, NY-NJ-PA","34","New Jersey","027","Morris","40.787628","-74.676301"
"11/08/2007","AQS","340273001","1","0.033","ppm","31","Chester","17","100.0000","44201","Ozone","35620","New York-Newark-Jersey City, NY-NJ-PA","34","New Jersey","027","Morris","40.787628","-74.676301"
"11/09/2007","AQS","340273001","1","0.016","ppm","15","Chester","17","100.0000","44201","Ozone","35620","New York-Newark-Jersey City, NY-NJ-PA","34","New Jersey","027","Morris","40.787628","-74.676301"
"11/10/2007","AQS","340273001","1","0.027","ppm","25","Chester","17","100.0000","44201","Ozone","35620","New York-Newark-Jersey City, NY-NJ-PA","34","New Jersey","027","Morris","40.787628","-74.676301"
"11/11/2007","AQS","340273001","1","0.034","ppm","31","Chester","17","100.0000","44201","Ozone","35620","New York-Newark-Jersey City, NY-NJ-PA","34","New Jersey","027","Morris","40.787628","-74.676301"
"11/12/2007","AQS","340273001","1","0.004","ppm","4","Chester","17","100.0000","44201","Ozone","35620","New York-Newark-Jersey City, NY-NJ-PA","34","New Jersey","027","Morris","40.787628","-74.676301"
"11/13/2007","AQS","340273001","1","0.023","ppm","21","Chester","17","100.0000","44201","Ozone","35620","New York-Newark-Jersey City, NY-NJ-PA","34","New Jersey","027","Morris","40.787628","-74.676301"
"11/14/2007","AQS","340273001","1","0.015","ppm","14","Chester","17","100.0000","44201","Ozone","35620","New York-Newark-Jersey City, NY-NJ-PA","34","New Jersey","027","Morris","40.787628","-74.676301"
"11/15/2007","AQS","340273001","1","0.029","ppm","27","Chester","17","100.0000","44201","Ozone","35620","New York-Newark-Jersey City, NY-NJ-PA","34","New Jersey","027","Morris","40.787628","-74.676301"
"11/16/2007","AQS","340273001","1","0.03","ppm","28","Chester","17","100.0000","44201","Ozone","35620","New York-Newark-Jersey City, NY-NJ-PA","34","New Jersey","027","Morris","40.787628","-74.676301"
"11/17/2007","AQS","340273001","1","0.025","ppm","23","Chester","17","100.0000","44201","Ozone","35620","New York-Newark-Jersey City, NY-NJ-PA","34","New Jersey","027","Morris","40.787628","-74.676301"
"11/18/2007","AQS","340273001","1","0.027","ppm","25","Chester","17","100.0000","44201","Ozone","35620","New York-Newark-Jersey City, NY-NJ-PA","34","New Jersey","027","Morris","40.787628","-74.676301"
"11/19/2007","AQS","340273001","1","0.024","ppm","22","Chester","17","100.0000","44201","Ozone","35620","New York-Newark-Jersey City, NY-NJ-PA","34","New Jersey","027","Morris","40.787628","-74.676301"
"11/20/2007","AQS","340273001","1","0.011","ppm","10","Chester","17","100.0000","44201","Ozone","35620","New York-Newark-Jersey City, NY-NJ-PA","34","New Jersey","027","Morris","40.787628","-74.676301"
"11/21/2007","AQS","340273001","1","0.003","ppm","3","Chester","17","100.0000","44201","Ozone","35620","New York-Newark-Jersey City, NY-NJ-PA","34","New Jersey","027","Morris","40.787628","-74.676301"
"11/22/2007","AQS","340273001","1","0.028","ppm","26","Chester","17","100.0000","44201","Ozone","35620","New York-Newark-Jersey City, NY-NJ-PA","34","New Jersey","027","Morris","40.787628","-74.676301"
"11/23/2007","AQS","340273001","1","0.036","ppm","33","Chester","17","100.0000","44201","Ozone","35620","New York-Newark-Jersey City, NY-NJ-PA","34","New Jersey","027","Morris","40.787628","-74.676301"
"11/24/2007","AQS","340273001","1","0.032","ppm","30","Chester","17","100.0000","44201","Ozone","35620","New York-Newark-Jersey City, NY-NJ-PA","34","New Jersey","027","Morris","40.787628","-74.676301"
"11/25/2007","AQS","340273001","1","0.027","ppm","25","Chester","17","100.0000","44201","Ozone","35620","New York-Newark-Jersey City, NY-NJ-PA","34","New Jersey","027","Morris","40.787628","-74.676301"
"11/26/2007","AQS","340273001","1","0.016","ppm","15","Chester","17","100.0000","44201","Ozone","35620","New York-Newark-Jersey City, NY-NJ-PA","34","New Jersey","027","Morris","40.787628","-74.676301"
"11/27/2007","AQS","340273001","1","0.029","ppm","27","Chester","17","100.0000","44201","Ozone","35620","New York-Newark-Jersey City, NY-NJ-PA","34","New Jersey","027","Morris","40.787628","-74.676301"
"11/28/2007","AQS","340273001","1","0.027","ppm","25","Chester","17","100.0000","44201","Ozone","35620","New York-Newark-Jersey City, NY-NJ-PA","34","New Jersey","027","Morris","40.787628","-74.676301"
"11/29/2007","AQS","340273001","1","0.026","ppm","24","Chester","17","100.0000","44201","Ozone","35620","New York-Newark-Jersey City, NY-NJ-PA","34","New Jersey","027","Morris","40.787628","-74.676301"
"11/30/2007","AQS","340273001","1","0.023","ppm","21","Chester","17","100.0000","44201","Ozone","35620","New York-Newark-Jersey City, NY-NJ-PA","34","New Jersey","027","Morris","40.787628","-74.676301"
"12/01/2007","AQS","340273001","1","0.034","ppm","31","Chester","17","100.0000","44201","Ozone","35620","New York-Newark-Jersey City, NY-NJ-PA","34","New Jersey","027","Morris","40.787628","-74.676301"
"12/02/2007","AQS","340273001","1","0.021","ppm","19","Chester","17","100.0000","44201","Ozone","35620","New York-Newark-Jersey City, NY-NJ-PA","34","New Jersey","027","Morris","40.787628","-74.676301"
"12/03/2007","AQS","340273001","1","0.034","ppm","31","Chester","17","100.0000","44201","Ozone","35620","New York-Newark-Jersey City, NY-NJ-PA","34","New Jersey","027","Morris","40.787628","-74.676301"
"12/04/2007","AQS","340273001","1","0.033","ppm","31","Chester","17","100.0000","44201","Ozone","35620","New York-Newark-Jersey City, NY-NJ-PA","34","New Jersey","027","Morris","40.787628","-74.676301"
"12/05/2007","AQS","340273001","1","0.036","ppm","33","Chester","14","82.0000","44201","Ozone","35620","New York-Newark-Jersey City, NY-NJ-PA","34","New Jersey","027","Morris","40.787628","-74.676301"
"12/06/2007","AQS","340273001","1","0.038","ppm","35","Chester","17","100.0000","44201","Ozone","35620","New York-Newark-Jersey City, NY-NJ-PA","34","New Jersey","027","Morris","40.787628","-74.676301"
"12/07/2007","AQS","340273001","1","0.01","ppm","9","Chester","17","100.0000","44201","Ozone","35620","New York-Newark-Jersey City, NY-NJ-PA","34","New Jersey","027","Morris","40.787628","-74.676301"
"12/08/2007","AQS","340273001","1","0.032","ppm","30","Chester","17","100.0000","44201","Ozone","35620","New York-Newark-Jersey City, NY-NJ-PA","34","New Jersey","027","Morris","40.787628","-74.676301"
"12/09/2007","AQS","340273001","1","0.032","ppm","30","Chester","17","100.0000","44201","Ozone","35620","New York-Newark-Jersey City, NY-NJ-PA","34","New Jersey","027","Morris","40.787628","-74.676301"
"12/11/2007","AQS","340273001","1","0.023","ppm","21","Chester","17","100.0000","44201","Ozone","35620","New York-Newark-Jersey City, NY-NJ-PA","34","New Jersey","027","Morris","40.787628","-74.676301"
"12/12/2007","AQS","340273001","1","0.037","ppm","34","Chester","17","100.0000","44201","Ozone","35620","New York-Newark-Jersey City, NY-NJ-PA","34","New Jersey","027","Morris","40.787628","-74.676301"
"12/13/2007","AQS","340273001","1","0.019","ppm","18","Chester","17","100.0000","44201","Ozone","35620","New York-Newark-Jersey City, NY-NJ-PA","34","New Jersey","027","Morris","40.787628","-74.676301"
"12/14/2007","AQS","340273001","1","0.035","ppm","32","Chester","17","100.0000","44201","Ozone","35620","New York-Newark-Jersey City, NY-NJ-PA","34","New Jersey","027","Morris","40.787628","-74.676301"
"12/15/2007","AQS","340273001","1","0.038","ppm","35","Chester","17","100.0000","44201","Ozone","35620","New York-Newark-Jersey City, NY-NJ-PA","34","New Jersey","027","Morris","40.787628","-74.676301"
"12/16/2007","AQS","340273001","1","0.036","ppm","33","Chester","17","100.0000","44201","Ozone","35620","New York-Newark-Jersey City, NY-NJ-PA","34","New Jersey","027","Morris","40.787628","-74.676301"
"12/17/2007","AQS","340273001","1","0.043","ppm","40","Chester","17","100.0000","44201","Ozone","35620","New York-Newark-Jersey City, NY-NJ-PA","34","New Jersey","027","Morris","40.787628","-74.676301"
"12/18/2007","AQS","340273001","1","0.027","ppm","25","Chester","17","100.0000","44201","Ozone","35620","New York-Newark-Jersey City, NY-NJ-PA","34","New Jersey","027","Morris","40.787628","-74.676301"
"12/19/2007","AQS","340273001","1","0.02","ppm","19","Chester","17","100.0000","44201","Ozone","35620","New York-Newark-Jersey City, NY-NJ-PA","34","New Jersey","027","Morris","40.787628","-74.676301"
"12/20/2007","AQS","340273001","1","0.029","ppm","27","Chester","17","100.0000","44201","Ozone","35620","New York-Newark-Jersey City, NY-NJ-PA","34","New Jersey","027","Morris","40.787628","-74.676301"
"12/21/2007","AQS","340273001","1","0.026","ppm","24","Chester","17","100.0000","44201","Ozone","35620","New York-Newark-Jersey City, NY-NJ-PA","34","New Jersey","027","Morris","40.787628","-74.676301"
"12/22/2007","AQS","340273001","1","0.022","ppm","20","Chester","17","100.0000","44201","Ozone","35620","New York-Newark-Jersey City, NY-NJ-PA","34","New Jersey","027","Morris","40.787628","-74.676301"
"12/23/2007","AQS","340273001","1","0.038","ppm","35","Chester","17","100.0000","44201","Ozone","35620","New York-Newark-Jersey City, NY-NJ-PA","34","New Jersey","027","Morris","40.787628","-74.676301"
"12/24/2007","AQS","340273001","1","0.033","ppm","31","Chester","17","100.0000","44201","Ozone","35620","New York-Newark-Jersey City, NY-NJ-PA","34","New Jersey","027","Morris","40.787628","-74.676301"
"12/25/2007","AQS","340273001","1","0.023","ppm","21","Chester","17","100.0000","44201","Ozone","35620","New York-Newark-Jersey City, NY-NJ-PA","34","New Jersey","027","Morris","40.787628","-74.676301"
"12/26/2007","AQS","340273001","1","0.017","ppm","16","Chester","17","100.0000","44201","Ozone","35620","New York-Newark-Jersey City, NY-NJ-PA","34","New Jersey","027","Morris","40.787628","-74.676301"
"12/27/2007","AQS","340273001","1","0.016","ppm","15","Chester","17","100.0000","44201","Ozone","35620","New York-Newark-Jersey City, NY-NJ-PA","34","New Jersey","027","Morris","40.787628","-74.676301"
"12/28/2007","AQS","340273001","1","0.031","ppm","29","Chester","17","100.0000","44201","Ozone","35620","New York-Newark-Jersey City, NY-NJ-PA","34","New Jersey","027","Morris","40.787628","-74.676301"
"12/29/2007","AQS","340273001","1","0.028","ppm","26","Chester","17","100.0000","44201","Ozone","35620","New York-Newark-Jersey City, NY-NJ-PA","34","New Jersey","027","Morris","40.787628","-74.676301"
"12/30/2007","AQS","340273001","1","0.024","ppm","22","Chester","17","100.0000","44201","Ozone","35620","New York-Newark-Jersey City, NY-NJ-PA","34","New Jersey","027","Morris","40.787628","-74.676301"
"03/23/2007","AQS","340290006","1","0.032","ppm","30","Colliers Mills","17","100.0000","44201","Ozone","35620","New York-Newark-Jersey City, NY-NJ-PA","34","New Jersey","029","Ocean","40.06483","-74.44405"
"03/24/2007","AQS","340290006","1","0.041","ppm","38","Colliers Mills","17","100.0000","44201","Ozone","35620","New York-Newark-Jersey City, NY-NJ-PA","34","New Jersey","029","Ocean","40.06483","-74.44405"
"03/25/2007","AQS","340290006","1","0.039","ppm","36","Colliers Mills","17","100.0000","44201","Ozone","35620","New York-Newark-Jersey City, NY-NJ-PA","34","New Jersey","029","Ocean","40.06483","-74.44405"
"03/26/2007","AQS","340290006","1","0.038","ppm","35","Colliers Mills","17","100.0000","44201","Ozone","35620","New York-Newark-Jersey City, NY-NJ-PA","34","New Jersey","029","Ocean","40.06483","-74.44405"
"03/27/2007","AQS","340290006","1","0.052","ppm","48","Colliers Mills","17","100.0000","44201","Ozone","35620","New York-Newark-Jersey City, NY-NJ-PA","34","New Jersey","029","Ocean","40.06483","-74.44405"
"03/28/2007","AQS","340290006","1","0.047","ppm","44","Colliers Mills","17","100.0000","44201","Ozone","35620","New York-Newark-Jersey City, NY-NJ-PA","34","New Jersey","029","Ocean","40.06483","-74.44405"
"03/29/2007","AQS","340290006","1","0.047","ppm","44","Colliers Mills","17","100.0000","44201","Ozone","35620","New York-Newark-Jersey City, NY-NJ-PA","34","New Jersey","029","Ocean","40.06483","-74.44405"
"03/30/2007","AQS","340290006","1","0.039","ppm","36","Colliers Mills","17","100.0000","44201","Ozone","35620","New York-Newark-Jersey City, NY-NJ-PA","34","New Jersey","029","Ocean","40.06483","-74.44405"
"03/31/2007","AQS","340290006","1","0.045","ppm","42","Colliers Mills","17","100.0000","44201","Ozone","35620","New York-Newark-Jersey City, NY-NJ-PA","34","New Jersey","029","Ocean","40.06483","-74.44405"
"04/01/2007","AQS","340290006","1","0.044","ppm","41","Colliers Mills","17","100.0000","44201","Ozone","35620","New York-Newark-Jersey City, NY-NJ-PA","34","New Jersey","029","Ocean","40.06483","-74.44405"
"04/02/2007","AQS","340290006","1","0.042","ppm","39","Colliers Mills","17","100.0000","44201","Ozone","35620","New York-Newark-Jersey City, NY-NJ-PA","34","New Jersey","029","Ocean","40.06483","-74.44405"
"04/03/2007","AQS","340290006","1","0.041","ppm","38","Colliers Mills","17","100.0000","44201","Ozone","35620","New York-Newark-Jersey City, NY-NJ-PA","34","New Jersey","029","Ocean","40.06483","-74.44405"
"04/04/2007","AQS","340290006","1","0.038","ppm","35","Colliers Mills","17","100.0000","44201","Ozone","35620","New York-Newark-Jersey City, NY-NJ-PA","34","New Jersey","029","Ocean","40.06483","-74.44405"
"04/05/2007","AQS","340290006","1","0.031","ppm","29","Colliers Mills","17","100.0000","44201","Ozone","35620","New York-Newark-Jersey City, NY-NJ-PA","34","New Jersey","029","Ocean","40.06483","-74.44405"
"04/06/2007","AQS","340290006","1","0.035","ppm","32","Colliers Mills","17","100.0000","44201","Ozone","35620","New York-Newark-Jersey City, NY-NJ-PA","34","New Jersey","029","Ocean","40.06483","-74.44405"
"04/07/2007","AQS","340290006","1","0.038","ppm","35","Colliers Mills","17","100.0000","44201","Ozone","35620","New York-Newark-Jersey City, NY-NJ-PA","34","New Jersey","029","Ocean","40.06483","-74.44405"
"04/08/2007","AQS","340290006","1","0.028","ppm","26","Colliers Mills","17","100.0000","44201","Ozone","35620","New York-Newark-Jersey City, NY-NJ-PA","34","New Jersey","029","Ocean","40.06483","-74.44405"
"04/09/2007","AQS","340290006","1","0.037","ppm","34","Colliers Mills","17","100.0000","44201","Ozone","35620","New York-Newark-Jersey City, NY-NJ-PA","34","New Jersey","029","Ocean","40.06483","-74.44405"
"04/10/2007","AQS","340290006","1","0.045","ppm","42","Colliers Mills","17","100.0000","44201","Ozone","35620","New York-Newark-Jersey City, NY-NJ-PA","34","New Jersey","029","Ocean","40.06483","-74.44405"
"04/11/2007","AQS","340290006","1","0.047","ppm","44","Colliers Mills","17","100.0000","44201","Ozone","35620","New York-Newark-Jersey City, NY-NJ-PA","34","New Jersey","029","Ocean","40.06483","-74.44405"
"04/12/2007","AQS","340290006","1","0.043","ppm","40","Colliers Mills","17","100.0000","44201","Ozone","35620","New York-Newark-Jersey City, NY-NJ-PA","34","New Jersey","029","Ocean","40.06483","-74.44405"
"04/13/2007","AQS","340290006","1","0.039","ppm","36","Colliers Mills","17","100.0000","44201","Ozone","35620","New York-Newark-Jersey City, NY-NJ-PA","34","New Jersey","029","Ocean","40.06483","-74.44405"
"04/14/2007","AQS","340290006","1","0.051","ppm","47","Colliers Mills","17","100.0000","44201","Ozone","35620","New York-Newark-Jersey City, NY-NJ-PA","34","New Jersey","029","Ocean","40.06483","-74.44405"
"04/15/2007","AQS","340290006","1","0.056","ppm","54","Colliers Mills","17","100.0000","44201","Ozone","35620","New York-Newark-Jersey City, NY-NJ-PA","34","New Jersey","029","Ocean","40.06483","-74.44405"
"04/16/2007","AQS","340290006","1","0.038","ppm","35","Colliers Mills","17","100.0000","44201","Ozone","35620","New York-Newark-Jersey City, NY-NJ-PA","34","New Jersey","029","Ocean","40.06483","-74.44405"
"04/17/2007","AQS","340290006","1","0.04","ppm","37","Colliers Mills","17","100.0000","44201","Ozone","35620","New York-Newark-Jersey City, NY-NJ-PA","34","New Jersey","029","Ocean","40.06483","-74.44405"
"04/18/2007","AQS","340290006","1","0.029","ppm","27","Colliers Mills","17","100.0000","44201","Ozone","35620","New York-Newark-Jersey City, NY-NJ-PA","34","New Jersey","029","Ocean","40.06483","-74.44405"
"04/19/2007","AQS","340290006","1","0.029","ppm","27","Colliers Mills","17","100.0000","44201","Ozone","35620","New York-Newark-Jersey City, NY-NJ-PA","34","New Jersey","029","Ocean","40.06483","-74.44405"
"04/20/2007","AQS","340290006","1","0.049","ppm","45","Colliers Mills","17","100.0000","44201","Ozone","35620","New York-Newark-Jersey City, NY-NJ-PA","34","New Jersey","029","Ocean","40.06483","-74.44405"
"04/21/2007","AQS","340290006","1","0.059","ppm","64","Colliers Mills","17","100.0000","44201","Ozone","35620","New York-Newark-Jersey City, NY-NJ-PA","34","New Jersey","029","Ocean","40.06483","-74.44405"
"04/22/2007","AQS","340290006","1","0.064","ppm","80","Colliers Mills","17","100.0000","44201","Ozone","35620","New York-Newark-Jersey City, NY-NJ-PA","34","New Jersey","029","Ocean","40.06483","-74.44405"
"04/23/2007","AQS","340290006","1","0.076","ppm","119","Colliers Mills","17","100.0000","44201","Ozone","35620","New York-Newark-Jersey City, NY-NJ-PA","34","New Jersey","029","Ocean","40.06483","-74.44405"
"04/24/2007","AQS","340290006","1","0.062","ppm","74","Colliers Mills","17","100.0000","44201","Ozone","35620","New York-Newark-Jersey City, NY-NJ-PA","34","New Jersey","029","Ocean","40.06483","-74.44405"
"04/25/2007","AQS","340290006","1","0.049","ppm","45","Colliers Mills","17","100.0000","44201","Ozone","35620","New York-Newark-Jersey City, NY-NJ-PA","34","New Jersey","029","Ocean","40.06483","-74.44405"
"04/26/2007","AQS","340290006","1","0.051","ppm","47","Colliers Mills","17","100.0000","44201","Ozone","35620","New York-Newark-Jersey City, NY-NJ-PA","34","New Jersey","029","Ocean","40.06483","-74.44405"
"04/27/2007","AQS","340290006","1","0.023","ppm","21","Colliers Mills","17","100.0000","44201","Ozone","35620","New York-Newark-Jersey City, NY-NJ-PA","34","New Jersey","029","Ocean","40.06483","-74.44405"
"04/28/2007","AQS","340290006","1","0.042","ppm","39","Colliers Mills","17","100.0000","44201","Ozone","35620","New York-Newark-Jersey City, NY-NJ-PA","34","New Jersey","029","Ocean","40.06483","-74.44405"
"04/29/2007","AQS","340290006","1","0.046","ppm","43","Colliers Mills","17","100.0000","44201","Ozone","35620","New York-Newark-Jersey City, NY-NJ-PA","34","New Jersey","029","Ocean","40.06483","-74.44405"
"04/30/2007","AQS","340290006","1","0.063","ppm","77","Colliers Mills","17","100.0000","44201","Ozone","35620","New York-Newark-Jersey City, NY-NJ-PA","34","New Jersey","029","Ocean","40.06483","-74.44405"
"05/01/2007","AQS","340290006","1","0.048","ppm","44","Colliers Mills","17","100.0000","44201","Ozone","35620","New York-Newark-Jersey City, NY-NJ-PA","34","New Jersey","029","Ocean","40.06483","-74.44405"
"05/02/2007","AQS","340290006","1","0.046","ppm","43","Colliers Mills","17","100.0000","44201","Ozone","35620","New York-Newark-Jersey City, NY-NJ-PA","34","New Jersey","029","Ocean","40.06483","-74.44405"
"05/03/2007","AQS","340290006","1","0.047","ppm","44","Colliers Mills","17","100.0000","44201","Ozone","35620","New York-Newark-Jersey City, NY-NJ-PA","34","New Jersey","029","Ocean","40.06483","-74.44405"
"05/04/2007","AQS","340290006","1","0.047","ppm","44","Colliers Mills","17","100.0000","44201","Ozone","35620","New York-Newark-Jersey City, NY-NJ-PA","34","New Jersey","029","Ocean","40.06483","-74.44405"
"05/05/2007","AQS","340290006","1","0.061","ppm","71","Colliers Mills","17","100.0000","44201","Ozone","35620","New York-Newark-Jersey City, NY-NJ-PA","34","New Jersey","029","Ocean","40.06483","-74.44405"
"05/06/2007","AQS","340290006","1","0.042","ppm","39","Colliers Mills","17","100.0000","44201","Ozone","35620","New York-Newark-Jersey City, NY-NJ-PA","34","New Jersey","029","Ocean","40.06483","-74.44405"
"05/07/2007","AQS","340290006","1","0.042","ppm","39","Colliers Mills","17","100.0000","44201","Ozone","35620","New York-Newark-Jersey City, NY-NJ-PA","34","New Jersey","029","Ocean","40.06483","-74.44405"
"05/08/2007","AQS","340290006","1","0.044","ppm","41","Colliers Mills","15","88.0000","44201","Ozone","35620","New York-Newark-Jersey City, NY-NJ-PA","34","New Jersey","029","Ocean","40.06483","-74.44405"
"05/09/2007","AQS","340290006","1","0.036","ppm","33","Colliers Mills","17","100.0000","44201","Ozone","35620","New York-Newark-Jersey City, NY-NJ-PA","34","New Jersey","029","Ocean","40.06483","-74.44405"
"05/10/2007","AQS","340290006","1","0.029","ppm","27","Colliers Mills","17","100.0000","44201","Ozone","35620","New York-Newark-Jersey City, NY-NJ-PA","34","New Jersey","029","Ocean","40.06483","-74.44405"
"05/11/2007","AQS","340290006","1","0.053","ppm","49","Colliers Mills","17","100.0000","44201","Ozone","35620","New York-Newark-Jersey City, NY-NJ-PA","34","New Jersey","029","Ocean","40.06483","-74.44405"
"05/12/2007","AQS","340290006","1","0.039","ppm","36","Colliers Mills","17","100.0000","44201","Ozone","35620","New York-Newark-Jersey City, NY-NJ-PA","34","New Jersey","029","Ocean","40.06483","-74.44405"
"05/13/2007","AQS","340290006","1","0.05","ppm","46","Colliers Mills","17","100.0000","44201","Ozone","35620","New York-Newark-Jersey City, NY-NJ-PA","34","New Jersey","029","Ocean","40.06483","-74.44405"
"05/14/2007","AQS","340290006","1","0.052","ppm","48","Colliers Mills","17","100.0000","44201","Ozone","35620","New York-Newark-Jersey City, NY-NJ-PA","34","New Jersey","029","Ocean","40.06483","-74.44405"
"05/15/2007","AQS","340290006","1","0.08","ppm","133","Colliers Mills","17","100.0000","44201","Ozone","35620","New York-Newark-Jersey City, NY-NJ-PA","34","New Jersey","029","Ocean","40.06483","-74.44405"
"05/16/2007","AQS","340290006","1","0.071","ppm","101","Colliers Mills","17","100.0000","44201","Ozone","35620","New York-Newark-Jersey City, NY-NJ-PA","34","New Jersey","029","Ocean","40.06483","-74.44405"
"05/17/2007","AQS","340290006","1","0.042","ppm","39","Colliers Mills","17","100.0000","44201","Ozone","35620","New York-Newark-Jersey City, NY-NJ-PA","34","New Jersey","029","Ocean","40.06483","-74.44405"
"05/18/2007","AQS","340290006","1","0.023","ppm","21","Colliers Mills","17","100.0000","44201","Ozone","35620","New York-Newark-Jersey City, NY-NJ-PA","34","New Jersey","029","Ocean","40.06483","-74.44405"
"05/19/2007","AQS","340290006","1","0.044","ppm","41","Colliers Mills","17","100.0000","44201","Ozone","35620","New York-Newark-Jersey City, NY-NJ-PA","34","New Jersey","029","Ocean","40.06483","-74.44405"
"05/20/2007","AQS","340290006","1","0.06","ppm","67","Colliers Mills","17","100.0000","44201","Ozone","35620","New York-Newark-Jersey City, NY-NJ-PA","34","New Jersey","029","Ocean","40.06483","-74.44405"
"05/21/2007","AQS","340290006","1","0.047","ppm","44","Colliers Mills","17","100.0000","44201","Ozone","35620","New York-Newark-Jersey City, NY-NJ-PA","34","New Jersey","029","Ocean","40.06483","-74.44405"
"05/22/2007","AQS","340290006","1","0.056","ppm","54","Colliers Mills","17","100.0000","44201","Ozone","35620","New York-Newark-Jersey City, NY-NJ-PA","34","New Jersey","029","Ocean","40.06483","-74.44405"
"05/23/2007","AQS","340290006","1","0.059","ppm","64","Colliers Mills","17","100.0000","44201","Ozone","35620","New York-Newark-Jersey City, NY-NJ-PA","34","New Jersey","029","Ocean","40.06483","-74.44405"
"05/24/2007","AQS","340290006","1","0.076","ppm","119","Colliers Mills","17","100.0000","44201","Ozone","35620","New York-Newark-Jersey City, NY-NJ-PA","34","New Jersey","029","Ocean","40.06483","-74.44405"
"05/25/2007","AQS","340290006","1","0.088","ppm","156","Colliers Mills","17","100.0000","44201","Ozone","35620","New York-Newark-Jersey City, NY-NJ-PA","34","New Jersey","029","Ocean","40.06483","-74.44405"
"05/26/2007","AQS","340290006","1","0.08","ppm","133","Colliers Mills","17","100.0000","44201","Ozone","35620","New York-Newark-Jersey City, NY-NJ-PA","34","New Jersey","029","Ocean","40.06483","-74.44405"
"05/27/2007","AQS","340290006","1","0.07","ppm","100","Colliers Mills","17","100.0000","44201","Ozone","35620","New York-Newark-Jersey City, NY-NJ-PA","34","New Jersey","029","Ocean","40.06483","-74.44405"
"05/28/2007","AQS","340290006","1","0.062","ppm","74","Colliers Mills","17","100.0000","44201","Ozone","35620","New York-Newark-Jersey City, NY-NJ-PA","34","New Jersey","029","Ocean","40.06483","-74.44405"
"05/29/2007","AQS","340290006","1","0.058","ppm","61","Colliers Mills","17","100.0000","44201","Ozone","35620","New York-Newark-Jersey City, NY-NJ-PA","34","New Jersey","029","Ocean","40.06483","-74.44405"
"05/30/2007","AQS","340290006","1","0.072","ppm","105","Colliers Mills","17","100.0000","44201","Ozone","35620","New York-Newark-Jersey City, NY-NJ-PA","34","New Jersey","029","Ocean","40.06483","-74.44405"
"05/31/2007","AQS","340290006","1","0.091","ppm","164","Colliers Mills","17","100.0000","44201","Ozone","35620","New York-Newark-Jersey City, NY-NJ-PA","34","New Jersey","029","Ocean","40.06483","-74.44405"
"06/01/2007","AQS","340290006","1","0.086","ppm","151","Colliers Mills","17","100.0000","44201","Ozone","35620","New York-Newark-Jersey City, NY-NJ-PA","34","New Jersey","029","Ocean","40.06483","-74.44405"
"06/02/2007","AQS","340290006","1","0.069","ppm","97","Colliers Mills","17","100.0000","44201","Ozone","35620","New York-Newark-Jersey City, NY-NJ-PA","34","New Jersey","029","Ocean","40.06483","-74.44405"
"06/03/2007","AQS","340290006","1","0.036","ppm","33","Colliers Mills","17","100.0000","44201","Ozone","35620","New York-Newark-Jersey City, NY-NJ-PA","34","New Jersey","029","Ocean","40.06483","-74.44405"
"06/04/2007","AQS","340290006","1","0.034","ppm","31","Colliers Mills","17","100.0000","44201","Ozone","35620","New York-Newark-Jersey City, NY-NJ-PA","34","New Jersey","029","Ocean","40.06483","-74.44405"
"06/05/2007","AQS","340290006","1","0.059","ppm","64","Colliers Mills","17","100.0000","44201","Ozone","35620","New York-Newark-Jersey City, NY-NJ-PA","34","New Jersey","029","Ocean","40.06483","-74.44405"
"06/06/2007","AQS","340290006","1","0.042","ppm","39","Colliers Mills","17","100.0000","44201","Ozone","35620","New York-Newark-Jersey City, NY-NJ-PA","34","New Jersey","029","Ocean","40.06483","-74.44405"
"06/07/2007","AQS","340290006","1","0.064","ppm","80","Colliers Mills","17","100.0000","44201","Ozone","35620","New York-Newark-Jersey City, NY-NJ-PA","34","New Jersey","029","Ocean","40.06483","-74.44405"
"06/08/2007","AQS","340290006","1","0.08","ppm","133","Colliers Mills","17","100.0000","44201","Ozone","35620","New York-Newark-Jersey City, NY-NJ-PA","34","New Jersey","029","Ocean","40.06483","-74.44405"
"06/09/2007","AQS","340290006","1","0.061","ppm","71","Colliers Mills","17","100.0000","44201","Ozone","35620","New York-Newark-Jersey City, NY-NJ-PA","34","New Jersey","029","Ocean","40.06483","-74.44405"
"06/10/2007","AQS","340290006","1","0.055","ppm","51","Colliers Mills","17","100.0000","44201","Ozone","35620","New York-Newark-Jersey City, NY-NJ-PA","34","New Jersey","029","Ocean","40.06483","-74.44405"
"06/12/2007","AQS","340290006","1","0.047","ppm","44","Colliers Mills","17","100.0000","44201","Ozone","35620","New York-Newark-Jersey City, NY-NJ-PA","34","New Jersey","029","Ocean","40.06483","-74.44405"
"06/13/2007","AQS","340290006","1","0.029","ppm","27","Colliers Mills","17","100.0000","44201","Ozone","35620","New York-Newark-Jersey City, NY-NJ-PA","34","New Jersey","029","Ocean","40.06483","-74.44405"
"06/14/2007","AQS","340290006","1","0.028","ppm","26","Colliers Mills","17","100.0000","44201","Ozone","35620","New York-Newark-Jersey City, NY-NJ-PA","34","New Jersey","029","Ocean","40.06483","-74.44405"
"06/15/2007","AQS","340290006","1","0.038","ppm","35","Colliers Mills","17","100.0000","44201","Ozone","35620","New York-Newark-Jersey City, NY-NJ-PA","34","New Jersey","029","Ocean","40.06483","-74.44405"
"06/16/2007","AQS","340290006","1","0.061","ppm","71","Colliers Mills","17","100.0000","44201","Ozone","35620","New York-Newark-Jersey City, NY-NJ-PA","34","New Jersey","029","Ocean","40.06483","-74.44405"
"06/17/2007","AQS","340290006","1","0.071","ppm","101","Colliers Mills","17","100.0000","44201","Ozone","35620","New York-Newark-Jersey City, NY-NJ-PA","34","New Jersey","029","Ocean","40.06483","-74.44405"
"06/18/2007","AQS","340290006","1","0.055","ppm","51","Colliers Mills","17","100.0000","44201","Ozone","35620","New York-Newark-Jersey City, NY-NJ-PA","34","New Jersey","029","Ocean","40.06483","-74.44405"
"06/19/2007","AQS","340290006","1","0.065","ppm","84","Colliers Mills","17","100.0000","44201","Ozone","35620","New York-Newark-Jersey City, NY-NJ-PA","34","New Jersey","029","Ocean","40.06483","-74.44405"
"06/20/2007","AQS","340290006","1","0.044","ppm","41","Colliers Mills","17","100.0000","44201","Ozone","35620","New York-Newark-Jersey City, NY-NJ-PA","34","New Jersey","029","Ocean","40.06483","-74.44405"
"06/21/2007","AQS","340290006","1","0.067","ppm","90","Colliers Mills","17","100.0000","44201","Ozone","35620","New York-Newark-Jersey City, NY-NJ-PA","34","New Jersey","029","Ocean","40.06483","-74.44405"
"06/22/2007","AQS","340290006","1","0.042","ppm","39","Colliers Mills","17","100.0000","44201","Ozone","35620","New York-Newark-Jersey City, NY-NJ-PA","34","New Jersey","029","Ocean","40.06483","-74.44405"
"06/23/2007","AQS","340290006","1","0.046","ppm","43","Colliers Mills","17","100.0000","44201","Ozone","35620","New York-Newark-Jersey City, NY-NJ-PA","34","New Jersey","029","Ocean","40.06483","-74.44405"
"06/24/2007","AQS","340290006","1","0.054","ppm","50","Colliers Mills","17","100.0000","44201","Ozone","35620","New York-Newark-Jersey City, NY-NJ-PA","34","New Jersey","029","Ocean","40.06483","-74.44405"
"06/25/2007","AQS","340290006","1","0.055","ppm","51","Colliers Mills","17","100.0000","44201","Ozone","35620","New York-Newark-Jersey City, NY-NJ-PA","34","New Jersey","029","Ocean","40.06483","-74.44405"
"06/26/2007","AQS","340290006","1","0.079","ppm","129","Colliers Mills","17","100.0000","44201","Ozone","35620","New York-Newark-Jersey City, NY-NJ-PA","34","New Jersey","029","Ocean","40.06483","-74.44405"
"06/27/2007","AQS","340290006","1","0.072","ppm","105","Colliers Mills","17","100.0000","44201","Ozone","35620","New York-Newark-Jersey City, NY-NJ-PA","34","New Jersey","029","Ocean","40.06483","-74.44405"
"06/28/2007","AQS","340290006","1","0.083","ppm","143","Colliers Mills","17","100.0000","44201","Ozone","35620","New York-Newark-Jersey City, NY-NJ-PA","34","New Jersey","029","Ocean","40.06483","-74.44405"
"06/29/2007","AQS","340290006","1","0.027","ppm","25","Colliers Mills","17","100.0000","44201","Ozone","35620","New York-Newark-Jersey City, NY-NJ-PA","34","New Jersey","029","Ocean","40.06483","-74.44405"
"06/30/2007","AQS","340290006","1","0.054","ppm","50","Colliers Mills","17","100.0000","44201","Ozone","35620","New York-Newark-Jersey City, NY-NJ-PA","34","New Jersey","029","Ocean","40.06483","-74.44405"
"07/01/2007","AQS","340290006","1","0.035","ppm","32","Colliers Mills","17","100.0000","44201","Ozone","35620","New York-Newark-Jersey City, NY-NJ-PA","34","New Jersey","029","Ocean","40.06483","-74.44405"
"07/02/2007","AQS","340290006","1","0.035","ppm","32","Colliers Mills","17","100.0000","44201","Ozone","35620","New York-Newark-Jersey City, NY-NJ-PA","34","New Jersey","029","Ocean","40.06483","-74.44405"
"07/03/2007","AQS","340290006","1","0.052","ppm","48","Colliers Mills","17","100.0000","44201","Ozone","35620","New York-Newark-Jersey City, NY-NJ-PA","34","New Jersey","029","Ocean","40.06483","-74.44405"
"07/04/2007","AQS","340290006","1","0.045","ppm","42","Colliers Mills","17","100.0000","44201","Ozone","35620","New York-Newark-Jersey City, NY-NJ-PA","34","New Jersey","029","Ocean","40.06483","-74.44405"
"07/05/2007","AQS","340290006","1","0.046","ppm","43","Colliers Mills","17","100.0000","44201","Ozone","35620","New York-Newark-Jersey City, NY-NJ-PA","34","New Jersey","029","Ocean","40.06483","-74.44405"
"07/06/2007","AQS","340290006","1","0.059","ppm","64","Colliers Mills","17","100.0000","44201","Ozone","35620","New York-Newark-Jersey City, NY-NJ-PA","34","New Jersey","029","Ocean","40.06483","-74.44405"
"07/07/2007","AQS","340290006","1","0.057","ppm","58","Colliers Mills","17","100.0000","44201","Ozone","35620","New York-Newark-Jersey City, NY-NJ-PA","34","New Jersey","029","Ocean","40.06483","-74.44405"
"07/08/2007","AQS","340290006","1","0.083","ppm","143","Colliers Mills","17","100.0000","44201","Ozone","35620","New York-Newark-Jersey City, NY-NJ-PA","34","New Jersey","029","Ocean","40.06483","-74.44405"
"07/09/2007","AQS","340290006","1","0.086","ppm","151","Colliers Mills","17","100.0000","44201","Ozone","35620","New York-Newark-Jersey City, NY-NJ-PA","34","New Jersey","029","Ocean","40.06483","-74.44405"
"07/11/2007","AQS","340290006","1","0.051","ppm","47","Colliers Mills","17","100.0000","44201","Ozone","35620","New York-Newark-Jersey City, NY-NJ-PA","34","New Jersey","029","Ocean","40.06483","-74.44405"
"07/12/2007","AQS","340290006","1","0.054","ppm","50","Colliers Mills","17","100.0000","44201","Ozone","35620","New York-Newark-Jersey City, NY-NJ-PA","34","New Jersey","029","Ocean","40.06483","-74.44405"
"07/13/2007","AQS","340290006","1","0.065","ppm","84","Colliers Mills","17","100.0000","44201","Ozone","35620","New York-Newark-Jersey City, NY-NJ-PA","34","New Jersey","029","Ocean","40.06483","-74.44405"
"07/14/2007","AQS","340290006","1","0.068","ppm","93","Colliers Mills","17","100.0000","44201","Ozone","35620","New York-Newark-Jersey City, NY-NJ-PA","34","New Jersey","029","Ocean","40.06483","-74.44405"
"07/15/2007","AQS","340290006","1","0.065","ppm","84","Colliers Mills","17","100.0000","44201","Ozone","35620","New York-Newark-Jersey City, NY-NJ-PA","34","New Jersey","029","Ocean","40.06483","-74.44405"
"07/16/2007","AQS","340290006","1","0.058","ppm","61","Colliers Mills","17","100.0000","44201","Ozone","35620","New York-Newark-Jersey City, NY-NJ-PA","34","New Jersey","029","Ocean","40.06483","-74.44405"
"07/17/2007","AQS","340290006","1","0.082","ppm","140","Colliers Mills","17","100.0000","44201","Ozone","35620","New York-Newark-Jersey City, NY-NJ-PA","34","New Jersey","029","Ocean","40.06483","-74.44405"
"07/18/2007","AQS","340290006","1","0.051","ppm","47","Colliers Mills","17","100.0000","44201","Ozone","35620","New York-Newark-Jersey City, NY-NJ-PA","34","New Jersey","029","Ocean","40.06483","-74.44405"
"07/19/2007","AQS","340290006","1","0.063","ppm","77","Colliers Mills","17","100.0000","44201","Ozone","35620","New York-Newark-Jersey City, NY-NJ-PA","34","New Jersey","029","Ocean","40.06483","-74.44405"
"07/20/2007","AQS","340290006","1","0.051","ppm","47","Colliers Mills","17","100.0000","44201","Ozone","35620","New York-Newark-Jersey City, NY-NJ-PA","34","New Jersey","029","Ocean","40.06483","-74.44405"
"07/21/2007","AQS","340290006","1","0.037","ppm","34","Colliers Mills","17","100.0000","44201","Ozone","35620","New York-Newark-Jersey City, NY-NJ-PA","34","New Jersey","029","Ocean","40.06483","-74.44405"
"07/22/2007","AQS","340290006","1","0.039","ppm","36","Colliers Mills","17","100.0000","44201","Ozone","35620","New York-Newark-Jersey City, NY-NJ-PA","34","New Jersey","029","Ocean","40.06483","-74.44405"
"07/23/2007","AQS","340290006","1","0.025","ppm","23","Colliers Mills","17","100.0000","44201","Ozone","35620","New York-Newark-Jersey City, NY-NJ-PA","34","New Jersey","029","Ocean","40.06483","-74.44405"
"07/24/2007","AQS","340290006","1","0.056","ppm","54","Colliers Mills","17","100.0000","44201","Ozone","35620","New York-Newark-Jersey City, NY-NJ-PA","34","New Jersey","029","Ocean","40.06483","-74.44405"
"07/25/2007","AQS","340290006","1","0.042","ppm","39","Colliers Mills","17","100.0000","44201","Ozone","35620","New York-Newark-Jersey City, NY-NJ-PA","34","New Jersey","029","Ocean","40.06483","-74.44405"
"07/26/2007","AQS","340290006","1","0.036","ppm","33","Colliers Mills","17","100.0000","44201","Ozone","35620","New York-Newark-Jersey City, NY-NJ-PA","34","New Jersey","029","Ocean","40.06483","-74.44405"
"07/27/2007","AQS","340290006","1","0.029","ppm","27","Colliers Mills","17","100.0000","44201","Ozone","35620","New York-Newark-Jersey City, NY-NJ-PA","34","New Jersey","029","Ocean","40.06483","-74.44405"
"07/28/2007","AQS","340290006","1","0.069","ppm","97","Colliers Mills","17","100.0000","44201","Ozone","35620","New York-Newark-Jersey City, NY-NJ-PA","34","New Jersey","029","Ocean","40.06483","-74.44405"
"07/29/2007","AQS","340290006","1","0.049","ppm","45","Colliers Mills","17","100.0000","44201","Ozone","35620","New York-Newark-Jersey City, NY-NJ-PA","34","New Jersey","029","Ocean","40.06483","-74.44405"
"07/30/2007","AQS","340290006","1","0.051","ppm","47","Colliers Mills","17","100.0000","44201","Ozone","35620","New York-Newark-Jersey City, NY-NJ-PA","34","New Jersey","029","Ocean","40.06483","-74.44405"
"07/31/2007","AQS","340290006","1","0.084","ppm","147","Colliers Mills","17","100.0000","44201","Ozone","35620","New York-Newark-Jersey City, NY-NJ-PA","34","New Jersey","029","Ocean","40.06483","-74.44405"
"08/01/2007","AQS","340290006","1","0.074","ppm","112","Colliers Mills","4","24.0000","44201","Ozone","35620","New York-Newark-Jersey City, NY-NJ-PA","34","New Jersey","029","Ocean","40.06483","-74.44405"
"08/02/2007","AQS","340290006","1","0.086","ppm","151","Colliers Mills","17","100.0000","44201","Ozone","35620","New York-Newark-Jersey City, NY-NJ-PA","34","New Jersey","029","Ocean","40.06483","-74.44405"
"08/03/2007","AQS","340290006","1","0.067","ppm","90","Colliers Mills","17","100.0000","44201","Ozone","35620","New York-Newark-Jersey City, NY-NJ-PA","34","New Jersey","029","Ocean","40.06483","-74.44405"
"08/04/2007","AQS","340290006","1","0.074","ppm","112","Colliers Mills","17","100.0000","44201","Ozone","35620","New York-Newark-Jersey City, NY-NJ-PA","34","New Jersey","029","Ocean","40.06483","-74.44405"
"08/05/2007","AQS","340290006","1","0.045","ppm","42","Colliers Mills","17","100.0000","44201","Ozone","35620","New York-Newark-Jersey City, NY-NJ-PA","34","New Jersey","029","Ocean","40.06483","-74.44405"
"08/06/2007","AQS","340290006","1","0.052","ppm","48","Colliers Mills","17","100.0000","44201","Ozone","35620","New York-Newark-Jersey City, NY-NJ-PA","34","New Jersey","029","Ocean","40.06483","-74.44405"
"08/07/2007","AQS","340290006","1","0.072","ppm","105","Colliers Mills","17","100.0000","44201","Ozone","35620","New York-Newark-Jersey City, NY-NJ-PA","34","New Jersey","029","Ocean","40.06483","-74.44405"
"08/08/2007","AQS","340290006","1","0.073","ppm","108","Colliers Mills","17","100.0000","44201","Ozone","35620","New York-Newark-Jersey City, NY-NJ-PA","34","New Jersey","029","Ocean","40.06483","-74.44405"
"08/09/2007","AQS","340290006","1","0.044","ppm","41","Colliers Mills","17","100.0000","44201","Ozone","35620","New York-Newark-Jersey City, NY-NJ-PA","34","New Jersey","029","Ocean","40.06483","-74.44405"
"08/10/2007","AQS","340290006","1","0.031","ppm","29","Colliers Mills","17","100.0000","44201","Ozone","35620","New York-Newark-Jersey City, NY-NJ-PA","34","New Jersey","029","Ocean","40.06483","-74.44405"
"08/11/2007","AQS","340290006","1","0.054","ppm","50","Colliers Mills","17","100.0000","44201","Ozone","35620","New York-Newark-Jersey City, NY-NJ-PA","34","New Jersey","029","Ocean","40.06483","-74.44405"
"08/12/2007","AQS","340290006","1","0.058","ppm","61","Colliers Mills","17","100.0000","44201","Ozone","35620","New York-Newark-Jersey City, NY-NJ-PA","34","New Jersey","029","Ocean","40.06483","-74.44405"
"08/13/2007","AQS","340290006","1","0.061","ppm","71","Colliers Mills","17","100.0000","44201","Ozone","35620","New York-Newark-Jersey City, NY-NJ-PA","34","New Jersey","029","Ocean","40.06483","-74.44405"
"08/14/2007","AQS","340290006","1","0.044","ppm","41","Colliers Mills","17","100.0000","44201","Ozone","35620","New York-Newark-Jersey City, NY-NJ-PA","34","New Jersey","029","Ocean","40.06483","-74.44405"
"08/15/2007","AQS","340290006","1","0.075","ppm","115","Colliers Mills","17","100.0000","44201","Ozone","35620","New York-Newark-Jersey City, NY-NJ-PA","34","New Jersey","029","Ocean","40.06483","-74.44405"
"08/16/2007","AQS","340290006","1","0.069","ppm","97","Colliers Mills","17","100.0000","44201","Ozone","35620","New York-Newark-Jersey City, NY-NJ-PA","34","New Jersey","029","Ocean","40.06483","-74.44405"
"08/17/2007","AQS","340290006","1","0.064","ppm","80","Colliers Mills","17","100.0000","44201","Ozone","35620","New York-Newark-Jersey City, NY-NJ-PA","34","New Jersey","029","Ocean","40.06483","-74.44405"
"08/18/2007","AQS","340290006","1","0.03","ppm","28","Colliers Mills","17","100.0000","44201","Ozone","35620","New York-Newark-Jersey City, NY-NJ-PA","34","New Jersey","029","Ocean","40.06483","-74.44405"
"08/19/2007","AQS","340290006","1","0.038","ppm","35","Colliers Mills","17","100.0000","44201","Ozone","35620","New York-Newark-Jersey City, NY-NJ-PA","34","New Jersey","029","Ocean","40.06483","-74.44405"
"08/20/2007","AQS","340290006","1","0.033","ppm","31","Colliers Mills","17","100.0000","44201","Ozone","35620","New York-Newark-Jersey City, NY-NJ-PA","34","New Jersey","029","Ocean","40.06483","-74.44405"
"08/21/2007","AQS","340290006","1","0.029","ppm","27","Colliers Mills","17","100.0000","44201","Ozone","35620","New York-Newark-Jersey City, NY-NJ-PA","34","New Jersey","029","Ocean","40.06483","-74.44405"
"08/22/2007","AQS","340290006","1","0.02","ppm","19","Colliers Mills","17","100.0000","44201","Ozone","35620","New York-Newark-Jersey City, NY-NJ-PA","34","New Jersey","029","Ocean","40.06483","-74.44405"
"08/23/2007","AQS","340290006","1","0.021","ppm","19","Colliers Mills","17","100.0000","44201","Ozone","35620","New York-Newark-Jersey City, NY-NJ-PA","34","New Jersey","029","Ocean","40.06483","-74.44405"
"08/24/2007","AQS","340290006","1","0.045","ppm","42","Colliers Mills","17","100.0000","44201","Ozone","35620","New York-Newark-Jersey City, NY-NJ-PA","34","New Jersey","029","Ocean","40.06483","-74.44405"
"08/25/2007","AQS","340290006","1","0.054","ppm","50","Colliers Mills","17","100.0000","44201","Ozone","35620","New York-Newark-Jersey City, NY-NJ-PA","34","New Jersey","029","Ocean","40.06483","-74.44405"
"08/26/2007","AQS","340290006","1","0.048","ppm","44","Colliers Mills","17","100.0000","44201","Ozone","35620","New York-Newark-Jersey City, NY-NJ-PA","34","New Jersey","029","Ocean","40.06483","-74.44405"
"08/27/2007","AQS","340290006","1","0.046","ppm","43","Colliers Mills","17","100.0000","44201","Ozone","35620","New York-Newark-Jersey City, NY-NJ-PA","34","New Jersey","029","Ocean","40.06483","-74.44405"
"08/28/2007","AQS","340290006","1","0.056","ppm","54","Colliers Mills","17","100.0000","44201","Ozone","35620","New York-Newark-Jersey City, NY-NJ-PA","34","New Jersey","029","Ocean","40.06483","-74.44405"
"08/29/2007","AQS","340290006","1","0.059","ppm","64","Colliers Mills","17","100.0000","44201","Ozone","35620","New York-Newark-Jersey City, NY-NJ-PA","34","New Jersey","029","Ocean","40.06483","-74.44405"
"08/30/2007","AQS","340290006","1","0.077","ppm","122","Colliers Mills","17","100.0000","44201","Ozone","35620","New York-Newark-Jersey City, NY-NJ-PA","34","New Jersey","029","Ocean","40.06483","-74.44405"
"08/31/2007","AQS","340290006","1","0.044","ppm","41","Colliers Mills","17","100.0000","44201","Ozone","35620","New York-Newark-Jersey City, NY-NJ-PA","34","New Jersey","029","Ocean","40.06483","-74.44405"
"09/01/2007","AQS","340290006","1","0.04","ppm","37","Colliers Mills","17","100.0000","44201","Ozone","35620","New York-Newark-Jersey City, NY-NJ-PA","34","New Jersey","029","Ocean","40.06483","-74.44405"
"09/02/2007","AQS","340290006","1","0.042","ppm","39","Colliers Mills","17","100.0000","44201","Ozone","35620","New York-Newark-Jersey City, NY-NJ-PA","34","New Jersey","029","Ocean","40.06483","-74.44405"
"09/03/2007","AQS","340290006","1","0.061","ppm","71","Colliers Mills","17","100.0000","44201","Ozone","35620","New York-Newark-Jersey City, NY-NJ-PA","34","New Jersey","029","Ocean","40.06483","-74.44405"
"09/04/2007","AQS","340290006","1","0.053","ppm","49","Colliers Mills","17","100.0000","44201","Ozone","35620","New York-Newark-Jersey City, NY-NJ-PA","34","New Jersey","029","Ocean","40.06483","-74.44405"
"09/05/2007","AQS","340290006","1","0.046","ppm","43","Colliers Mills","17","100.0000","44201","Ozone","35620","New York-Newark-Jersey City, NY-NJ-PA","34","New Jersey","029","Ocean","40.06483","-74.44405"
"09/06/2007","AQS","340290006","1","0.053","ppm","49","Colliers Mills","17","100.0000","44201","Ozone","35620","New York-Newark-Jersey City, NY-NJ-PA","34","New Jersey","029","Ocean","40.06483","-74.44405"
"09/07/2007","AQS","340290006","1","0.055","ppm","51","Colliers Mills","17","100.0000","44201","Ozone","35620","New York-Newark-Jersey City, NY-NJ-PA","34","New Jersey","029","Ocean","40.06483","-74.44405"
"09/08/2007","AQS","340290006","1","0.057","ppm","58","Colliers Mills","17","100.0000","44201","Ozone","35620","New York-Newark-Jersey City, NY-NJ-PA","34","New Jersey","029","Ocean","40.06483","-74.44405"
"09/09/2007","AQS","340290006","1","0.031","ppm","29","Colliers Mills","17","100.0000","44201","Ozone","35620","New York-Newark-Jersey City, NY-NJ-PA","34","New Jersey","029","Ocean","40.06483","-74.44405"
"09/10/2007","AQS","340290006","1","0.04","ppm","37","Colliers Mills","17","100.0000","44201","Ozone","35620","New York-Newark-Jersey City, NY-NJ-PA","34","New Jersey","029","Ocean","40.06483","-74.44405"
"09/13/2007","AQS","340290006","1","0.043","ppm","40","Colliers Mills","17","100.0000","44201","Ozone","35620","New York-Newark-Jersey City, NY-NJ-PA","34","New Jersey","029","Ocean","40.06483","-74.44405"
"09/14/2007","AQS","340290006","1","0.052","ppm","48","Colliers Mills","17","100.0000","44201","Ozone","35620","New York-Newark-Jersey City, NY-NJ-PA","34","New Jersey","029","Ocean","40.06483","-74.44405"
"09/15/2007","AQS","340290006","1","0.031","ppm","29","Colliers Mills","17","100.0000","44201","Ozone","35620","New York-Newark-Jersey City, NY-NJ-PA","34","New Jersey","029","Ocean","40.06483","-74.44405"
"09/16/2007","AQS","340290006","1","0.023","ppm","21","Colliers Mills","17","100.0000","44201","Ozone","35620","New York-Newark-Jersey City, NY-NJ-PA","34","New Jersey","029","Ocean","40.06483","-74.44405"
"09/17/2007","AQS","340290006","1","0.032","ppm","30","Colliers Mills","17","100.0000","44201","Ozone","35620","New York-Newark-Jersey City, NY-NJ-PA","34","New Jersey","029","Ocean","40.06483","-74.44405"
"09/18/2007","AQS","340290006","1","0.036","ppm","33","Colliers Mills","17","100.0000","44201","Ozone","35620","New York-Newark-Jersey City, NY-NJ-PA","34","New Jersey","029","Ocean","40.06483","-74.44405"
"09/19/2007","AQS","340290006","1","0.044","ppm","41","Colliers Mills","17","100.0000","44201","Ozone","35620","New York-Newark-Jersey City, NY-NJ-PA","34","New Jersey","029","Ocean","40.06483","-74.44405"
"09/20/2007","AQS","340290006","1","0.05","ppm","46","Colliers Mills","17","100.0000","44201","Ozone","35620","New York-Newark-Jersey City, NY-NJ-PA","34","New Jersey","029","Ocean","40.06483","-74.44405"
"09/21/2007","AQS","340290006","1","0.068","ppm","93","Colliers Mills","17","100.0000","44201","Ozone","35620","New York-Newark-Jersey City, NY-NJ-PA","34","New Jersey","029","Ocean","40.06483","-74.44405"
"09/25/2007","AQS","340290006","1","0.067","ppm","90","Colliers Mills","17","100.0000","44201","Ozone","35620","New York-Newark-Jersey City, NY-NJ-PA","34","New Jersey","029","Ocean","40.06483","-74.44405"
"09/26/2007","AQS","340290006","1","0.072","ppm","105","Colliers Mills","17","100.0000","44201","Ozone","35620","New York-Newark-Jersey City, NY-NJ-PA","34","New Jersey","029","Ocean","40.06483","-74.44405"
"09/27/2007","AQS","340290006","1","0.029","ppm","27","Colliers Mills","17","100.0000","44201","Ozone","35620","New York-Newark-Jersey City, NY-NJ-PA","34","New Jersey","029","Ocean","40.06483","-74.44405"
"09/28/2007","AQS","340290006","1","0.043","ppm","40","Colliers Mills","17","100.0000","44201","Ozone","35620","New York-Newark-Jersey City, NY-NJ-PA","34","New Jersey","029","Ocean","40.06483","-74.44405"
"09/29/2007","AQS","340290006","1","0.04","ppm","37","Colliers Mills","17","100.0000","44201","Ozone","35620","New York-Newark-Jersey City, NY-NJ-PA","34","New Jersey","029","Ocean","40.06483","-74.44405"
"09/30/2007","AQS","340290006","1","0.038","ppm","35","Colliers Mills","17","100.0000","44201","Ozone","35620","New York-Newark-Jersey City, NY-NJ-PA","34","New Jersey","029","Ocean","40.06483","-74.44405"
"10/01/2007","AQS","340290006","1","0.035","ppm","32","Colliers Mills","17","100.0000","44201","Ozone","35620","New York-Newark-Jersey City, NY-NJ-PA","34","New Jersey","029","Ocean","40.06483","-74.44405"
"10/02/2007","AQS","340290006","1","0.037","ppm","34","Colliers Mills","17","100.0000","44201","Ozone","35620","New York-Newark-Jersey City, NY-NJ-PA","34","New Jersey","029","Ocean","40.06483","-74.44405"
"10/03/2007","AQS","340290006","1","0.035","ppm","32","Colliers Mills","17","100.0000","44201","Ozone","35620","New York-Newark-Jersey City, NY-NJ-PA","34","New Jersey","029","Ocean","40.06483","-74.44405"
"10/04/2007","AQS","340290006","1","0.047","ppm","44","Colliers Mills","17","100.0000","44201","Ozone","35620","New York-Newark-Jersey City, NY-NJ-PA","34","New Jersey","029","Ocean","40.06483","-74.44405"
"10/05/2007","AQS","340290006","1","0.036","ppm","33","Colliers Mills","17","100.0000","44201","Ozone","35620","New York-Newark-Jersey City, NY-NJ-PA","34","New Jersey","029","Ocean","40.06483","-74.44405"
"10/06/2007","AQS","340290006","1","0.032","ppm","30","Colliers Mills","17","100.0000","44201","Ozone","35620","New York-Newark-Jersey City, NY-NJ-PA","34","New Jersey","029","Ocean","40.06483","-74.44405"
"10/07/2007","AQS","340290006","1","0.051","ppm","47","Colliers Mills","17","100.0000","44201","Ozone","35620","New York-Newark-Jersey City, NY-NJ-PA","34","New Jersey","029","Ocean","40.06483","-74.44405"
"10/08/2007","AQS","340290006","1","0.062","ppm","74","Colliers Mills","17","100.0000","44201","Ozone","35620","New York-Newark-Jersey City, NY-NJ-PA","34","New Jersey","029","Ocean","40.06483","-74.44405"
"10/12/2007","AQS","340290006","1","0.031","ppm","29","Colliers Mills","17","100.0000","44201","Ozone","35620","New York-Newark-Jersey City, NY-NJ-PA","34","New Jersey","029","Ocean","40.06483","-74.44405"
"10/13/2007","AQS","340290006","1","0.033","ppm","31","Colliers Mills","17","100.0000","44201","Ozone","35620","New York-Newark-Jersey City, NY-NJ-PA","34","New Jersey","029","Ocean","40.06483","-74.44405"
"10/14/2007","AQS","340290006","1","0.037","ppm","34","Colliers Mills","17","100.0000","44201","Ozone","35620","New York-Newark-Jersey City, NY-NJ-PA","34","New Jersey","029","Ocean","40.06483","-74.44405"
"10/15/2007","AQS","340290006","1","0.031","ppm","29","Colliers Mills","17","100.0000","44201","Ozone","35620","New York-Newark-Jersey City, NY-NJ-PA","34","New Jersey","029","Ocean","40.06483","-74.44405"
"10/16/2007","AQS","340290006","1","0.033","ppm","31","Colliers Mills","17","100.0000","44201","Ozone","35620","New York-Newark-Jersey City, NY-NJ-PA","34","New Jersey","029","Ocean","40.06483","-74.44405"
"10/17/2007","AQS","340290006","1","0.058","ppm","61","Colliers Mills","17","100.0000","44201","Ozone","35620","New York-Newark-Jersey City, NY-NJ-PA","34","New Jersey","029","Ocean","40.06483","-74.44405"
"10/18/2007","AQS","340290006","1","0.04","ppm","37","Colliers Mills","17","100.0000","44201","Ozone","35620","New York-Newark-Jersey City, NY-NJ-PA","34","New Jersey","029","Ocean","40.06483","-74.44405"
"10/19/2007","AQS","340290006","1","0.03","ppm","28","Colliers Mills","17","100.0000","44201","Ozone","35620","New York-Newark-Jersey City, NY-NJ-PA","34","New Jersey","029","Ocean","40.06483","-74.44405"
"10/20/2007","AQS","340290006","1","0.04","ppm","37","Colliers Mills","17","100.0000","44201","Ozone","35620","New York-Newark-Jersey City, NY-NJ-PA","34","New Jersey","029","Ocean","40.06483","-74.44405"
"10/21/2007","AQS","340290006","1","0.046","ppm","43","Colliers Mills","17","100.0000","44201","Ozone","35620","New York-Newark-Jersey City, NY-NJ-PA","34","New Jersey","029","Ocean","40.06483","-74.44405"
"10/22/2007","AQS","340290006","1","0.051","ppm","47","Colliers Mills","17","100.0000","44201","Ozone","35620","New York-Newark-Jersey City, NY-NJ-PA","34","New Jersey","029","Ocean","40.06483","-74.44405"
"10/23/2007","AQS","340290006","1","0.044","ppm","41","Colliers Mills","17","100.0000","44201","Ozone","35620","New York-Newark-Jersey City, NY-NJ-PA","34","New Jersey","029","Ocean","40.06483","-74.44405"
"10/24/2007","AQS","340290006","1","0.03","ppm","28","Colliers Mills","17","100.0000","44201","Ozone","35620","New York-Newark-Jersey City, NY-NJ-PA","34","New Jersey","029","Ocean","40.06483","-74.44405"
"10/25/2007","AQS","340290006","1","0.027","ppm","25","Colliers Mills","17","100.0000","44201","Ozone","35620","New York-Newark-Jersey City, NY-NJ-PA","34","New Jersey","029","Ocean","40.06483","-74.44405"
"10/26/2007","AQS","340290006","1","0.029","ppm","27","Colliers Mills","17","100.0000","44201","Ozone","35620","New York-Newark-Jersey City, NY-NJ-PA","34","New Jersey","029","Ocean","40.06483","-74.44405"
"10/27/2007","AQS","340290006","1","0.027","ppm","25","Colliers Mills","17","100.0000","44201","Ozone","35620","New York-Newark-Jersey City, NY-NJ-PA","34","New Jersey","029","Ocean","40.06483","-74.44405"
"10/28/2007","AQS","340290006","1","0.035","ppm","32","Colliers Mills","17","100.0000","44201","Ozone","35620","New York-Newark-Jersey City, NY-NJ-PA","34","New Jersey","029","Ocean","40.06483","-74.44405"
"10/29/2007","AQS","340290006","1","0.026","ppm","24","Colliers Mills","17","100.0000","44201","Ozone","35620","New York-Newark-Jersey City, NY-NJ-PA","34","New Jersey","029","Ocean","40.06483","-74.44405"
"10/30/2007","AQS","340290006","1","0.031","ppm","29","Colliers Mills","17","100.0000","44201","Ozone","35620","New York-Newark-Jersey City, NY-NJ-PA","34","New Jersey","029","Ocean","40.06483","-74.44405"
"10/31/2007","AQS","340290006","1","0.045","ppm","42","Colliers Mills","17","100.0000","44201","Ozone","35620","New York-Newark-Jersey City, NY-NJ-PA","34","New Jersey","029","Ocean","40.06483","-74.44405"
"11/01/2007","AQS","340290006","1","0.03","ppm","28","Colliers Mills","17","100.0000","44201","Ozone","35620","New York-Newark-Jersey City, NY-NJ-PA","34","New Jersey","029","Ocean","40.06483","-74.44405"
"11/02/2007","AQS","340290006","1","0.033","ppm","31","Colliers Mills","17","100.0000","44201","Ozone","35620","New York-Newark-Jersey City, NY-NJ-PA","34","New Jersey","029","Ocean","40.06483","-74.44405"
"11/03/2007","AQS","340290006","1","0.03","ppm","28","Colliers Mills","17","100.0000","44201","Ozone","35620","New York-Newark-Jersey City, NY-NJ-PA","34","New Jersey","029","Ocean","40.06483","-74.44405"
"11/04/2007","AQS","340290006","1","0.033","ppm","31","Colliers Mills","17","100.0000","44201","Ozone","35620","New York-Newark-Jersey City, NY-NJ-PA","34","New Jersey","029","Ocean","40.06483","-74.44405"
"03/24/2007","AQS","340315001","1","0.034","ppm","31","Ramapo","17","100.0000","44201","Ozone","35620","New York-Newark-Jersey City, NY-NJ-PA","34","New Jersey","031","Passaic","41.058617","-74.255544"
"03/25/2007","AQS","340315001","1","0.042","ppm","39","Ramapo","17","100.0000","44201","Ozone","35620","New York-Newark-Jersey City, NY-NJ-PA","34","New Jersey","031","Passaic","41.058617","-74.255544"
"03/26/2007","AQS","340315001","1","0.031","ppm","29","Ramapo","17","100.0000","44201","Ozone","35620","New York-Newark-Jersey City, NY-NJ-PA","34","New Jersey","031","Passaic","41.058617","-74.255544"
"03/27/2007","AQS","340315001","1","0.048","ppm","44","Ramapo","17","100.0000","44201","Ozone","35620","New York-Newark-Jersey City, NY-NJ-PA","34","New Jersey","031","Passaic","41.058617","-74.255544"
"03/28/2007","AQS","340315001","1","0.046","ppm","43","Ramapo","17","100.0000","44201","Ozone","35620","New York-Newark-Jersey City, NY-NJ-PA","34","New Jersey","031","Passaic","41.058617","-74.255544"
"03/29/2007","AQS","340315001","1","0.045","ppm","42","Ramapo","17","100.0000","44201","Ozone","35620","New York-Newark-Jersey City, NY-NJ-PA","34","New Jersey","031","Passaic","41.058617","-74.255544"
"03/30/2007","AQS","340315001","1","0.048","ppm","44","Ramapo","17","100.0000","44201","Ozone","35620","New York-Newark-Jersey City, NY-NJ-PA","34","New Jersey","031","Passaic","41.058617","-74.255544"
"03/31/2007","AQS","340315001","1","0.043","ppm","40","Ramapo","17","100.0000","44201","Ozone","35620","New York-Newark-Jersey City, NY-NJ-PA","34","New Jersey","031","Passaic","41.058617","-74.255544"
"04/01/2007","AQS","340315001","1","0.036","ppm","33","Ramapo","17","100.0000","44201","Ozone","35620","New York-Newark-Jersey City, NY-NJ-PA","34","New Jersey","031","Passaic","41.058617","-74.255544"
"04/02/2007","AQS","340315001","1","0.029","ppm","27","Ramapo","17","100.0000","44201","Ozone","35620","New York-Newark-Jersey City, NY-NJ-PA","34","New Jersey","031","Passaic","41.058617","-74.255544"
"04/03/2007","AQS","340315001","1","0.033","ppm","31","Ramapo","17","100.0000","44201","Ozone","35620","New York-Newark-Jersey City, NY-NJ-PA","34","New Jersey","031","Passaic","41.058617","-74.255544"
"04/04/2007","AQS","340315001","1","0.033","ppm","31","Ramapo","17","100.0000","44201","Ozone","35620","New York-Newark-Jersey City, NY-NJ-PA","34","New Jersey","031","Passaic","41.058617","-74.255544"
"04/05/2007","AQS","340315001","1","0.033","ppm","31","Ramapo","17","100.0000","44201","Ozone","35620","New York-Newark-Jersey City, NY-NJ-PA","34","New Jersey","031","Passaic","41.058617","-74.255544"
"04/06/2007","AQS","340315001","1","0.034","ppm","31","Ramapo","17","100.0000","44201","Ozone","35620","New York-Newark-Jersey City, NY-NJ-PA","34","New Jersey","031","Passaic","41.058617","-74.255544"
"04/07/2007","AQS","340315001","1","0.037","ppm","34","Ramapo","17","100.0000","44201","Ozone","35620","New York-Newark-Jersey City, NY-NJ-PA","34","New Jersey","031","Passaic","41.058617","-74.255544"
"04/08/2007","AQS","340315001","1","0.029","ppm","27","Ramapo","17","100.0000","44201","Ozone","35620","New York-Newark-Jersey City, NY-NJ-PA","34","New Jersey","031","Passaic","41.058617","-74.255544"
"04/09/2007","AQS","340315001","1","0.038","ppm","35","Ramapo","17","100.0000","44201","Ozone","35620","New York-Newark-Jersey City, NY-NJ-PA","34","New Jersey","031","Passaic","41.058617","-74.255544"
"04/10/2007","AQS","340315001","1","0.045","ppm","42","Ramapo","17","100.0000","44201","Ozone","35620","New York-Newark-Jersey City, NY-NJ-PA","34","New Jersey","031","Passaic","41.058617","-74.255544"
"04/11/2007","AQS","340315001","1","0.036","ppm","33","Ramapo","17","100.0000","44201","Ozone","35620","New York-Newark-Jersey City, NY-NJ-PA","34","New Jersey","031","Passaic","41.058617","-74.255544"
"04/12/2007","AQS","340315001","1","0.042","ppm","39","Ramapo","17","100.0000","44201","Ozone","35620","New York-Newark-Jersey City, NY-NJ-PA","34","New Jersey","031","Passaic","41.058617","-74.255544"
"04/13/2007","AQS","340315001","1","0.042","ppm","39","Ramapo","17","100.0000","44201","Ozone","35620","New York-Newark-Jersey City, NY-NJ-PA","34","New Jersey","031","Passaic","41.058617","-74.255544"
"04/14/2007","AQS","340315001","1","0.05","ppm","46","Ramapo","17","100.0000","44201","Ozone","35620","New York-Newark-Jersey City, NY-NJ-PA","34","New Jersey","031","Passaic","41.058617","-74.255544"
"04/15/2007","AQS","340315001","1","0.045","ppm","42","Ramapo","16","94.0000","44201","Ozone","35620","New York-Newark-Jersey City, NY-NJ-PA","34","New Jersey","031","Passaic","41.058617","-74.255544"
"04/17/2007","AQS","340315001","1","0.043","ppm","40","Ramapo","17","100.0000","44201","Ozone","35620","New York-Newark-Jersey City, NY-NJ-PA","34","New Jersey","031","Passaic","41.058617","-74.255544"
"04/19/2007","AQS","340315001","1","0.045","ppm","42","Ramapo","17","100.0000","44201","Ozone","35620","New York-Newark-Jersey City, NY-NJ-PA","34","New Jersey","031","Passaic","41.058617","-74.255544"
"04/20/2007","AQS","340315001","1","0.056","ppm","54","Ramapo","17","100.0000","44201","Ozone","35620","New York-Newark-Jersey City, NY-NJ-PA","34","New Jersey","031","Passaic","41.058617","-74.255544"
"04/21/2007","AQS","340315001","1","0.052","ppm","48","Ramapo","17","100.0000","44201","Ozone","35620","New York-Newark-Jersey City, NY-NJ-PA","34","New Jersey","031","Passaic","41.058617","-74.255544"
"04/22/2007","AQS","340315001","1","0.06","ppm","67","Ramapo","17","100.0000","44201","Ozone","35620","New York-Newark-Jersey City, NY-NJ-PA","34","New Jersey","031","Passaic","41.058617","-74.255544"
"04/23/2007","AQS","340315001","1","0.077","ppm","122","Ramapo","17","100.0000","44201","Ozone","35620","New York-Newark-Jersey City, NY-NJ-PA","34","New Jersey","031","Passaic","41.058617","-74.255544"
"04/24/2007","AQS","340315001","1","0.05","ppm","46","Ramapo","17","100.0000","44201","Ozone","35620","New York-Newark-Jersey City, NY-NJ-PA","34","New Jersey","031","Passaic","41.058617","-74.255544"
"04/25/2007","AQS","340315001","1","0.041","ppm","38","Ramapo","17","100.0000","44201","Ozone","35620","New York-Newark-Jersey City, NY-NJ-PA","34","New Jersey","031","Passaic","41.058617","-74.255544"
"04/26/2007","AQS","340315001","1","0.039","ppm","36","Ramapo","17","100.0000","44201","Ozone","35620","New York-Newark-Jersey City, NY-NJ-PA","34","New Jersey","031","Passaic","41.058617","-74.255544"
"04/28/2007","AQS","340315001","1","0.041","ppm","38","Ramapo","17","100.0000","44201","Ozone","35620","New York-Newark-Jersey City, NY-NJ-PA","34","New Jersey","031","Passaic","41.058617","-74.255544"
"04/29/2007","AQS","340315001","1","0.04","ppm","37","Ramapo","17","100.0000","44201","Ozone","35620","New York-Newark-Jersey City, NY-NJ-PA","34","New Jersey","031","Passaic","41.058617","-74.255544"
"04/30/2007","AQS","340315001","1","0.056","ppm","54","Ramapo","17","100.0000","44201","Ozone","35620","New York-Newark-Jersey City, NY-NJ-PA","34","New Jersey","031","Passaic","41.058617","-74.255544"
"05/01/2007","AQS","340315001","1","0.044","ppm","41","Ramapo","17","100.0000","44201","Ozone","35620","New York-Newark-Jersey City, NY-NJ-PA","34","New Jersey","031","Passaic","41.058617","-74.255544"
"05/02/2007","AQS","340315001","1","0.046","ppm","43","Ramapo","17","100.0000","44201","Ozone","35620","New York-Newark-Jersey City, NY-NJ-PA","34","New Jersey","031","Passaic","41.058617","-74.255544"
"05/03/2007","AQS","340315001","1","0.047","ppm","44","Ramapo","17","100.0000","44201","Ozone","35620","New York-Newark-Jersey City, NY-NJ-PA","34","New Jersey","031","Passaic","41.058617","-74.255544"
"05/04/2007","AQS","340315001","1","0.047","ppm","44","Ramapo","17","100.0000","44201","Ozone","35620","New York-Newark-Jersey City, NY-NJ-PA","34","New Jersey","031","Passaic","41.058617","-74.255544"
"05/05/2007","AQS","340315001","1","0.049","ppm","45","Ramapo","17","100.0000","44201","Ozone","35620","New York-Newark-Jersey City, NY-NJ-PA","34","New Jersey","031","Passaic","41.058617","-74.255544"
"05/06/2007","AQS","340315001","1","0.04","ppm","37","Ramapo","17","100.0000","44201","Ozone","35620","New York-Newark-Jersey City, NY-NJ-PA","34","New Jersey","031","Passaic","41.058617","-74.255544"
"05/07/2007","AQS","340315001","1","0.046","ppm","43","Ramapo","17","100.0000","44201","Ozone","35620","New York-Newark-Jersey City, NY-NJ-PA","34","New Jersey","031","Passaic","41.058617","-74.255544"
"05/08/2007","AQS","340315001","1","0.043","ppm","40","Ramapo","17","100.0000","44201","Ozone","35620","New York-Newark-Jersey City, NY-NJ-PA","34","New Jersey","031","Passaic","41.058617","-74.255544"
"05/09/2007","AQS","340315001","1","0.047","ppm","44","Ramapo","17","100.0000","44201","Ozone","35620","New York-Newark-Jersey City, NY-NJ-PA","34","New Jersey","031","Passaic","41.058617","-74.255544"
"05/10/2007","AQS","340315001","1","0.028","ppm","26","Ramapo","13","76.0000","44201","Ozone","35620","New York-Newark-Jersey City, NY-NJ-PA","34","New Jersey","031","Passaic","41.058617","-74.255544"
"05/11/2007","AQS","340315001","1","0.041","ppm","38","Ramapo","17","100.0000","44201","Ozone","35620","New York-Newark-Jersey City, NY-NJ-PA","34","New Jersey","031","Passaic","41.058617","-74.255544"
"05/12/2007","AQS","340315001","1","0.044","ppm","41","Ramapo","17","100.0000","44201","Ozone","35620","New York-Newark-Jersey City, NY-NJ-PA","34","New Jersey","031","Passaic","41.058617","-74.255544"
"05/13/2007","AQS","340315001","1","0.044","ppm","41","Ramapo","17","100.0000","44201","Ozone","35620","New York-Newark-Jersey City, NY-NJ-PA","34","New Jersey","031","Passaic","41.058617","-74.255544"
"05/14/2007","AQS","340315001","1","0.048","ppm","44","Ramapo","17","100.0000","44201","Ozone","35620","New York-Newark-Jersey City, NY-NJ-PA","34","New Jersey","031","Passaic","41.058617","-74.255544"
"05/15/2007","AQS","340315001","1","0.085","ppm","150","Ramapo","17","100.0000","44201","Ozone","35620","New York-Newark-Jersey City, NY-NJ-PA","34","New Jersey","031","Passaic","41.058617","-74.255544"
"05/17/2007","AQS","340315001","1","0.036","ppm","33","Ramapo","17","100.0000","44201","Ozone","35620","New York-Newark-Jersey City, NY-NJ-PA","34","New Jersey","031","Passaic","41.058617","-74.255544"
"05/18/2007","AQS","340315001","1","0.035","ppm","32","Ramapo","17","100.0000","44201","Ozone","35620","New York-Newark-Jersey City, NY-NJ-PA","34","New Jersey","031","Passaic","41.058617","-74.255544"
"05/19/2007","AQS","340315001","1","0.034","ppm","31","Ramapo","17","100.0000","44201","Ozone","35620","New York-Newark-Jersey City, NY-NJ-PA","34","New Jersey","031","Passaic","41.058617","-74.255544"
"05/20/2007","AQS","340315001","1","0.05","ppm","46","Ramapo","17","100.0000","44201","Ozone","35620","New York-Newark-Jersey City, NY-NJ-PA","34","New Jersey","031","Passaic","41.058617","-74.255544"
"05/21/2007","AQS","340315001","1","0.043","ppm","40","Ramapo","17","100.0000","44201","Ozone","35620","New York-Newark-Jersey City, NY-NJ-PA","34","New Jersey","031","Passaic","41.058617","-74.255544"
"05/22/2007","AQS","340315001","1","0.049","ppm","45","Ramapo","17","100.0000","44201","Ozone","35620","New York-Newark-Jersey City, NY-NJ-PA","34","New Jersey","031","Passaic","41.058617","-74.255544"
"05/23/2007","AQS","340315001","1","0.058","ppm","61","Ramapo","17","100.0000","44201","Ozone","35620","New York-Newark-Jersey City, NY-NJ-PA","34","New Jersey","031","Passaic","41.058617","-74.255544"
"05/24/2007","AQS","340315001","1","0.076","ppm","119","Ramapo","17","100.0000","44201","Ozone","35620","New York-Newark-Jersey City, NY-NJ-PA","34","New Jersey","031","Passaic","41.058617","-74.255544"
"05/25/2007","AQS","340315001","1","0.076","ppm","119","Ramapo","17","100.0000","44201","Ozone","35620","New York-Newark-Jersey City, NY-NJ-PA","34","New Jersey","031","Passaic","41.058617","-74.255544"
"05/26/2007","AQS","340315001","1","0.05","ppm","46","Ramapo","17","100.0000","44201","Ozone","35620","New York-Newark-Jersey City, NY-NJ-PA","34","New Jersey","031","Passaic","41.058617","-74.255544"
"05/27/2007","AQS","340315001","1","0.085","ppm","150","Ramapo","17","100.0000","44201","Ozone","35620","New York-Newark-Jersey City, NY-NJ-PA","34","New Jersey","031","Passaic","41.058617","-74.255544"
"05/28/2007","AQS","340315001","1","0.049","ppm","45","Ramapo","17","100.0000","44201","Ozone","35620","New York-Newark-Jersey City, NY-NJ-PA","34","New Jersey","031","Passaic","41.058617","-74.255544"
"05/29/2007","AQS","340315001","1","0.042","ppm","39","Ramapo","17","100.0000","44201","Ozone","35620","New York-Newark-Jersey City, NY-NJ-PA","34","New Jersey","031","Passaic","41.058617","-74.255544"
"05/30/2007","AQS","340315001","1","0.063","ppm","77","Ramapo","17","100.0000","44201","Ozone","35620","New York-Newark-Jersey City, NY-NJ-PA","34","New Jersey","031","Passaic","41.058617","-74.255544"
"05/31/2007","AQS","340315001","1","0.078","ppm","126","Ramapo","17","100.0000","44201","Ozone","35620","New York-Newark-Jersey City, NY-NJ-PA","34","New Jersey","031","Passaic","41.058617","-74.255544"
"06/01/2007","AQS","340315001","1","0.07","ppm","100","Ramapo","17","100.0000","44201","Ozone","35620","New York-Newark-Jersey City, NY-NJ-PA","34","New Jersey","031","Passaic","41.058617","-74.255544"
"06/02/2007","AQS","340315001","1","0.078","ppm","126","Ramapo","17","100.0000","44201","Ozone","35620","New York-Newark-Jersey City, NY-NJ-PA","34","New Jersey","031","Passaic","41.058617","-74.255544"
"06/03/2007","AQS","340315001","1","0.039","ppm","36","Ramapo","17","100.0000","44201","Ozone","35620","New York-Newark-Jersey City, NY-NJ-PA","34","New Jersey","031","Passaic","41.058617","-74.255544"
"06/04/2007","AQS","340315001","1","0.03","ppm","28","Ramapo","17","100.0000","44201","Ozone","35620","New York-Newark-Jersey City, NY-NJ-PA","34","New Jersey","031","Passaic","41.058617","-74.255544"
"06/05/2007","AQS","340315001","1","0.052","ppm","48","Ramapo","17","100.0000","44201","Ozone","35620","New York-Newark-Jersey City, NY-NJ-PA","34","New Jersey","031","Passaic","41.058617","-74.255544"
"06/06/2007","AQS","340315001","1","0.034","ppm","31","Ramapo","17","100.0000","44201","Ozone","35620","New York-Newark-Jersey City, NY-NJ-PA","34","New Jersey","031","Passaic","41.058617","-74.255544"
"06/07/2007","AQS","340315001","1","0.053","ppm","49","Ramapo","17","100.0000","44201","Ozone","35620","New York-Newark-Jersey City, NY-NJ-PA","34","New Jersey","031","Passaic","41.058617","-74.255544"
"06/08/2007","AQS","340315001","1","0.093","ppm","169","Ramapo","17","100.0000","44201","Ozone","35620","New York-Newark-Jersey City, NY-NJ-PA","34","New Jersey","031","Passaic","41.058617","-74.255544"
"06/09/2007","AQS","340315001","1","0.048","ppm","44","Ramapo","17","100.0000","44201","Ozone","35620","New York-Newark-Jersey City, NY-NJ-PA","34","New Jersey","031","Passaic","41.058617","-74.255544"
"06/10/2007","AQS","340315001","1","0.044","ppm","41","Ramapo","17","100.0000","44201","Ozone","35620","New York-Newark-Jersey City, NY-NJ-PA","34","New Jersey","031","Passaic","41.058617","-74.255544"
"06/11/2007","AQS","340315001","1","0.043","ppm","40","Ramapo","17","100.0000","44201","Ozone","35620","New York-Newark-Jersey City, NY-NJ-PA","34","New Jersey","031","Passaic","41.058617","-74.255544"
"06/12/2007","AQS","340315001","1","0.037","ppm","34","Ramapo","17","100.0000","44201","Ozone","35620","New York-Newark-Jersey City, NY-NJ-PA","34","New Jersey","031","Passaic","41.058617","-74.255544"
"06/13/2007","AQS","340315001","1","0.028","ppm","26","Ramapo","17","100.0000","44201","Ozone","35620","New York-Newark-Jersey City, NY-NJ-PA","34","New Jersey","031","Passaic","41.058617","-74.255544"
"06/14/2007","AQS","340315001","1","0.027","ppm","25","Ramapo","17","100.0000","44201","Ozone","35620","New York-Newark-Jersey City, NY-NJ-PA","34","New Jersey","031","Passaic","41.058617","-74.255544"
"06/15/2007","AQS","340315001","1","0.043","ppm","40","Ramapo","17","100.0000","44201","Ozone","35620","New York-Newark-Jersey City, NY-NJ-PA","34","New Jersey","031","Passaic","41.058617","-74.255544"
"06/16/2007","AQS","340315001","1","0.046","ppm","43","Ramapo","17","100.0000","44201","Ozone","35620","New York-Newark-Jersey City, NY-NJ-PA","34","New Jersey","031","Passaic","41.058617","-74.255544"
"06/17/2007","AQS","340315001","1","0.063","ppm","77","Ramapo","17","100.0000","44201","Ozone","35620","New York-Newark-Jersey City, NY-NJ-PA","34","New Jersey","031","Passaic","41.058617","-74.255544"
"06/18/2007","AQS","340315001","1","0.054","ppm","50","Ramapo","17","100.0000","44201","Ozone","35620","New York-Newark-Jersey City, NY-NJ-PA","34","New Jersey","031","Passaic","41.058617","-74.255544"
"06/19/2007","AQS","340315001","1","0.07","ppm","100","Ramapo","17","100.0000","44201","Ozone","35620","New York-Newark-Jersey City, NY-NJ-PA","34","New Jersey","031","Passaic","41.058617","-74.255544"
"06/20/2007","AQS","340315001","1","0.039","ppm","36","Ramapo","17","100.0000","44201","Ozone","35620","New York-Newark-Jersey City, NY-NJ-PA","34","New Jersey","031","Passaic","41.058617","-74.255544"
"06/21/2007","AQS","340315001","1","0.055","ppm","51","Ramapo","17","100.0000","44201","Ozone","35620","New York-Newark-Jersey City, NY-NJ-PA","34","New Jersey","031","Passaic","41.058617","-74.255544"
"06/22/2007","AQS","340315001","1","0.031","ppm","29","Ramapo","17","100.0000","44201","Ozone","35620","New York-Newark-Jersey City, NY-NJ-PA","34","New Jersey","031","Passaic","41.058617","-74.255544"
"06/23/2007","AQS","340315001","1","0.036","ppm","33","Ramapo","17","100.0000","44201","Ozone","35620","New York-Newark-Jersey City, NY-NJ-PA","34","New Jersey","031","Passaic","41.058617","-74.255544"
"06/24/2007","AQS","340315001","1","0.053","ppm","49","Ramapo","17","100.0000","44201","Ozone","35620","New York-Newark-Jersey City, NY-NJ-PA","34","New Jersey","031","Passaic","41.058617","-74.255544"
"06/25/2007","AQS","340315001","1","0.07","ppm","100","Ramapo","17","100.0000","44201","Ozone","35620","New York-Newark-Jersey City, NY-NJ-PA","34","New Jersey","031","Passaic","41.058617","-74.255544"
"06/26/2007","AQS","340315001","1","0.075","ppm","115","Ramapo","17","100.0000","44201","Ozone","35620","New York-Newark-Jersey City, NY-NJ-PA","34","New Jersey","031","Passaic","41.058617","-74.255544"
"07/06/2007","AQS","340315001","1","0.038","ppm","35","Ramapo","16","94.0000","44201","Ozone","35620","New York-Newark-Jersey City, NY-NJ-PA","34","New Jersey","031","Passaic","41.058617","-74.255544"
"07/07/2007","AQS","340315001","1","0.043","ppm","40","Ramapo","17","100.0000","44201","Ozone","35620","New York-Newark-Jersey City, NY-NJ-PA","34","New Jersey","031","Passaic","41.058617","-74.255544"
"07/08/2007","AQS","340315001","1","0.069","ppm","97","Ramapo","17","100.0000","44201","Ozone","35620","New York-Newark-Jersey City, NY-NJ-PA","34","New Jersey","031","Passaic","41.058617","-74.255544"
"07/09/2007","AQS","340315001","1","0.084","ppm","147","Ramapo","17","100.0000","44201","Ozone","35620","New York-Newark-Jersey City, NY-NJ-PA","34","New Jersey","031","Passaic","41.058617","-74.255544"
"07/10/2007","AQS","340315001","1","0.092","ppm","166","Ramapo","17","100.0000","44201","Ozone","35620","New York-Newark-Jersey City, NY-NJ-PA","34","New Jersey","031","Passaic","41.058617","-74.255544"
"07/11/2007","AQS","340315001","1","0.058","ppm","61","Ramapo","17","100.0000","44201","Ozone","35620","New York-Newark-Jersey City, NY-NJ-PA","34","New Jersey","031","Passaic","41.058617","-74.255544"
"07/12/2007","AQS","340315001","1","0.04","ppm","37","Ramapo","17","100.0000","44201","Ozone","35620","New York-Newark-Jersey City, NY-NJ-PA","34","New Jersey","031","Passaic","41.058617","-74.255544"
"07/13/2007","AQS","340315001","1","0.058","ppm","61","Ramapo","17","100.0000","44201","Ozone","35620","New York-Newark-Jersey City, NY-NJ-PA","34","New Jersey","031","Passaic","41.058617","-74.255544"
"07/14/2007","AQS","340315001","1","0.064","ppm","80","Ramapo","17","100.0000","44201","Ozone","35620","New York-Newark-Jersey City, NY-NJ-PA","34","New Jersey","031","Passaic","41.058617","-74.255544"
"07/15/2007","AQS","340315001","1","0.06","ppm","67","Ramapo","17","100.0000","44201","Ozone","35620","New York-Newark-Jersey City, NY-NJ-PA","34","New Jersey","031","Passaic","41.058617","-74.255544"
"07/16/2007","AQS","340315001","1","0.056","ppm","54","Ramapo","17","100.0000","44201","Ozone","35620","New York-Newark-Jersey City, NY-NJ-PA","34","New Jersey","031","Passaic","41.058617","-74.255544"
"07/17/2007","AQS","340315001","1","0.073","ppm","108","Ramapo","17","100.0000","44201","Ozone","35620","New York-Newark-Jersey City, NY-NJ-PA","34","New Jersey","031","Passaic","41.058617","-74.255544"
"07/18/2007","AQS","340315001","1","0.05","ppm","46","Ramapo","17","100.0000","44201","Ozone","35620","New York-Newark-Jersey City, NY-NJ-PA","34","New Jersey","031","Passaic","41.058617","-74.255544"
"07/19/2007","AQS","340315001","1","0.055","ppm","51","Ramapo","17","100.0000","44201","Ozone","35620","New York-Newark-Jersey City, NY-NJ-PA","34","New Jersey","031","Passaic","41.058617","-74.255544"
"07/20/2007","AQS","340315001","1","0.037","ppm","34","Ramapo","17","100.0000","44201","Ozone","35620","New York-Newark-Jersey City, NY-NJ-PA","34","New Jersey","031","Passaic","41.058617","-74.255544"
"07/21/2007","AQS","340315001","1","0.026","ppm","24","Ramapo","17","100.0000","44201","Ozone","35620","New York-Newark-Jersey City, NY-NJ-PA","34","New Jersey","031","Passaic","41.058617","-74.255544"
"07/22/2007","AQS","340315001","1","0.036","ppm","33","Ramapo","17","100.0000","44201","Ozone","35620","New York-Newark-Jersey City, NY-NJ-PA","34","New Jersey","031","Passaic","41.058617","-74.255544"
"07/23/2007","AQS","340315001","1","0.022","ppm","20","Ramapo","17","100.0000","44201","Ozone","35620","New York-Newark-Jersey City, NY-NJ-PA","34","New Jersey","031","Passaic","41.058617","-74.255544"
"07/24/2007","AQS","340315001","1","0.055","ppm","51","Ramapo","17","100.0000","44201","Ozone","35620","New York-Newark-Jersey City, NY-NJ-PA","34","New Jersey","031","Passaic","41.058617","-74.255544"
"07/25/2007","AQS","340315001","1","0.05","ppm","46","Ramapo","17","100.0000","44201","Ozone","35620","New York-Newark-Jersey City, NY-NJ-PA","34","New Jersey","031","Passaic","41.058617","-74.255544"
"07/26/2007","AQS","340315001","1","0.068","ppm","93","Ramapo","17","100.0000","44201","Ozone","35620","New York-Newark-Jersey City, NY-NJ-PA","34","New Jersey","031","Passaic","41.058617","-74.255544"
"07/31/2007","AQS","340315001","1","0.045","ppm","42","Ramapo","15","88.0000","44201","Ozone","35620","New York-Newark-Jersey City, NY-NJ-PA","34","New Jersey","031","Passaic","41.058617","-74.255544"
"08/01/2007","AQS","340315001","1","0.042","ppm","39","Ramapo","17","100.0000","44201","Ozone","35620","New York-Newark-Jersey City, NY-NJ-PA","34","New Jersey","031","Passaic","41.058617","-74.255544"
"08/02/2007","AQS","340315001","1","0.07","ppm","100","Ramapo","17","100.0000","44201","Ozone","35620","New York-Newark-Jersey City, NY-NJ-PA","34","New Jersey","031","Passaic","41.058617","-74.255544"
"08/03/2007","AQS","340315001","1","0.08","ppm","133","Ramapo","17","100.0000","44201","Ozone","35620","New York-Newark-Jersey City, NY-NJ-PA","34","New Jersey","031","Passaic","41.058617","-74.255544"
"08/04/2007","AQS","340315001","1","0.046","ppm","43","Ramapo","17","100.0000","44201","Ozone","35620","New York-Newark-Jersey City, NY-NJ-PA","34","New Jersey","031","Passaic","41.058617","-74.255544"
"08/05/2007","AQS","340315001","1","0.052","ppm","48","Ramapo","16","94.0000","44201","Ozone","35620","New York-Newark-Jersey City, NY-NJ-PA","34","New Jersey","031","Passaic","41.058617","-74.255544"
"08/06/2007","AQS","340315001","1","0.051","ppm","47","Ramapo","16","94.0000","44201","Ozone","35620","New York-Newark-Jersey City, NY-NJ-PA","34","New Jersey","031","Passaic","41.058617","-74.255544"
"08/07/2007","AQS","340315001","1","0.05","ppm","46","Ramapo","17","100.0000","44201","Ozone","35620","New York-Newark-Jersey City, NY-NJ-PA","34","New Jersey","031","Passaic","41.058617","-74.255544"
"08/08/2007","AQS","340315001","1","0.047","ppm","44","Ramapo","17","100.0000","44201","Ozone","35620","New York-Newark-Jersey City, NY-NJ-PA","34","New Jersey","031","Passaic","41.058617","-74.255544"
"08/09/2007","AQS","340315001","1","0.044","ppm","41","Ramapo","17","100.0000","44201","Ozone","35620","New York-Newark-Jersey City, NY-NJ-PA","34","New Jersey","031","Passaic","41.058617","-74.255544"
"08/10/2007","AQS","340315001","1","0.03","ppm","28","Ramapo","17","100.0000","44201","Ozone","35620","New York-Newark-Jersey City, NY-NJ-PA","34","New Jersey","031","Passaic","41.058617","-74.255544"
"08/11/2007","AQS","340315001","1","0.036","ppm","33","Ramapo","17","100.0000","44201","Ozone","35620","New York-Newark-Jersey City, NY-NJ-PA","34","New Jersey","031","Passaic","41.058617","-74.255544"
"08/12/2007","AQS","340315001","1","0.046","ppm","43","Ramapo","17","100.0000","44201","Ozone","35620","New York-Newark-Jersey City, NY-NJ-PA","34","New Jersey","031","Passaic","41.058617","-74.255544"
"08/13/2007","AQS","340315001","1","0.04","ppm","37","Ramapo","17","100.0000","44201","Ozone","35620","New York-Newark-Jersey City, NY-NJ-PA","34","New Jersey","031","Passaic","41.058617","-74.255544"
"08/14/2007","AQS","340315001","1","0.031","ppm","29","Ramapo","17","100.0000","44201","Ozone","35620","New York-Newark-Jersey City, NY-NJ-PA","34","New Jersey","031","Passaic","41.058617","-74.255544"
"08/15/2007","AQS","340315001","1","0.061","ppm","71","Ramapo","17","100.0000","44201","Ozone","35620","New York-Newark-Jersey City, NY-NJ-PA","34","New Jersey","031","Passaic","41.058617","-74.255544"
"08/16/2007","AQS","340315001","1","0.067","ppm","90","Ramapo","17","100.0000","44201","Ozone","35620","New York-Newark-Jersey City, NY-NJ-PA","34","New Jersey","031","Passaic","41.058617","-74.255544"
"08/17/2007","AQS","340315001","1","0.045","ppm","42","Ramapo","17","100.0000","44201","Ozone","35620","New York-Newark-Jersey City, NY-NJ-PA","34","New Jersey","031","Passaic","41.058617","-74.255544"
"08/18/2007","AQS","340315001","1","0.018","ppm","17","Ramapo","17","100.0000","44201","Ozone","35620","New York-Newark-Jersey City, NY-NJ-PA","34","New Jersey","031","Passaic","41.058617","-74.255544"
"08/19/2007","AQS","340315001","1","0.028","ppm","26","Ramapo","17","100.0000","44201","Ozone","35620","New York-Newark-Jersey City, NY-NJ-PA","34","New Jersey","031","Passaic","41.058617","-74.255544"
"08/20/2007","AQS","340315001","1","0.023","ppm","21","Ramapo","17","100.0000","44201","Ozone","35620","New York-Newark-Jersey City, NY-NJ-PA","34","New Jersey","031","Passaic","41.058617","-74.255544"
"08/22/2007","AQS","340315001","1","0.016","ppm","15","Ramapo","17","100.0000","44201","Ozone","35620","New York-Newark-Jersey City, NY-NJ-PA","34","New Jersey","031","Passaic","41.058617","-74.255544"
"08/23/2007","AQS","340315001","1","0.008","ppm","7","Ramapo","17","100.0000","44201","Ozone","35620","New York-Newark-Jersey City, NY-NJ-PA","34","New Jersey","031","Passaic","41.058617","-74.255544"
"08/24/2007","AQS","340315001","1","0.043","ppm","40","Ramapo","17","100.0000","44201","Ozone","35620","New York-Newark-Jersey City, NY-NJ-PA","34","New Jersey","031","Passaic","41.058617","-74.255544"
"08/25/2007","AQS","340315001","1","0.07","ppm","100","Ramapo","17","100.0000","44201","Ozone","35620","New York-Newark-Jersey City, NY-NJ-PA","34","New Jersey","031","Passaic","41.058617","-74.255544"
"08/26/2007","AQS","340315001","1","0.026","ppm","24","Ramapo","17","100.0000","44201","Ozone","35620","New York-Newark-Jersey City, NY-NJ-PA","34","New Jersey","031","Passaic","41.058617","-74.255544"
"08/27/2007","AQS","340315001","1","0.04","ppm","37","Ramapo","17","100.0000","44201","Ozone","35620","New York-Newark-Jersey City, NY-NJ-PA","34","New Jersey","031","Passaic","41.058617","-74.255544"
"08/28/2007","AQS","340315001","1","0.05","ppm","46","Ramapo","17","100.0000","44201","Ozone","35620","New York-Newark-Jersey City, NY-NJ-PA","34","New Jersey","031","Passaic","41.058617","-74.255544"
"08/29/2007","AQS","340315001","1","0.066","ppm","87","Ramapo","17","100.0000","44201","Ozone","35620","New York-Newark-Jersey City, NY-NJ-PA","34","New Jersey","031","Passaic","41.058617","-74.255544"
"08/30/2007","AQS","340315001","1","0.071","ppm","101","Ramapo","17","100.0000","44201","Ozone","35620","New York-Newark-Jersey City, NY-NJ-PA","34","New Jersey","031","Passaic","41.058617","-74.255544"
"08/31/2007","AQS","340315001","1","0.027","ppm","25","Ramapo","17","100.0000","44201","Ozone","35620","New York-Newark-Jersey City, NY-NJ-PA","34","New Jersey","031","Passaic","41.058617","-74.255544"
"09/01/2007","AQS","340315001","1","0.033","ppm","31","Ramapo","17","100.0000","44201","Ozone","35620","New York-Newark-Jersey City, NY-NJ-PA","34","New Jersey","031","Passaic","41.058617","-74.255544"
"09/02/2007","AQS","340315001","1","0.048","ppm","44","Ramapo","17","100.0000","44201","Ozone","35620","New York-Newark-Jersey City, NY-NJ-PA","34","New Jersey","031","Passaic","41.058617","-74.255544"
"09/03/2007","AQS","340315001","1","0.057","ppm","58","Ramapo","17","100.0000","44201","Ozone","35620","New York-Newark-Jersey City, NY-NJ-PA","34","New Jersey","031","Passaic","41.058617","-74.255544"
"09/04/2007","AQS","340315001","1","0.037","ppm","34","Ramapo","17","100.0000","44201","Ozone","35620","New York-Newark-Jersey City, NY-NJ-PA","34","New Jersey","031","Passaic","41.058617","-74.255544"
"09/05/2007","AQS","340315001","1","0.044","ppm","41","Ramapo","17","100.0000","44201","Ozone","35620","New York-Newark-Jersey City, NY-NJ-PA","34","New Jersey","031","Passaic","41.058617","-74.255544"
"09/06/2007","AQS","340315001","1","0.057","ppm","58","Ramapo","17","100.0000","44201","Ozone","35620","New York-Newark-Jersey City, NY-NJ-PA","34","New Jersey","031","Passaic","41.058617","-74.255544"
"09/07/2007","AQS","340315001","1","0.079","ppm","129","Ramapo","17","100.0000","44201","Ozone","35620","New York-Newark-Jersey City, NY-NJ-PA","34","New Jersey","031","Passaic","41.058617","-74.255544"
"09/08/2007","AQS","340315001","1","0.063","ppm","77","Ramapo","17","100.0000","44201","Ozone","35620","New York-Newark-Jersey City, NY-NJ-PA","34","New Jersey","031","Passaic","41.058617","-74.255544"
"09/09/2007","AQS","340315001","1","0.052","ppm","48","Ramapo","17","100.0000","44201","Ozone","35620","New York-Newark-Jersey City, NY-NJ-PA","34","New Jersey","031","Passaic","41.058617","-74.255544"
"09/10/2007","AQS","340315001","1","0.022","ppm","20","Ramapo","17","100.0000","44201","Ozone","35620","New York-Newark-Jersey City, NY-NJ-PA","34","New Jersey","031","Passaic","41.058617","-74.255544"
"09/11/2007","AQS","340315001","1","0.03","ppm","28","Ramapo","17","100.0000","44201","Ozone","35620","New York-Newark-Jersey City, NY-NJ-PA","34","New Jersey","031","Passaic","41.058617","-74.255544"
"09/12/2007","AQS","340315001","1","0.026","ppm","24","Ramapo","17","100.0000","44201","Ozone","35620","New York-Newark-Jersey City, NY-NJ-PA","34","New Jersey","031","Passaic","41.058617","-74.255544"
"09/13/2007","AQS","340315001","1","0.036","ppm","33","Ramapo","17","100.0000","44201","Ozone","35620","New York-Newark-Jersey City, NY-NJ-PA","34","New Jersey","031","Passaic","41.058617","-74.255544"
"09/14/2007","AQS","340315001","1","0.037","ppm","34","Ramapo","17","100.0000","44201","Ozone","35620","New York-Newark-Jersey City, NY-NJ-PA","34","New Jersey","031","Passaic","41.058617","-74.255544"
"09/15/2007","AQS","340315001","1","0.024","ppm","22","Ramapo","17","100.0000","44201","Ozone","35620","New York-Newark-Jersey City, NY-NJ-PA","34","New Jersey","031","Passaic","41.058617","-74.255544"
"09/16/2007","AQS","340315001","1","0.026","ppm","24","Ramapo","17","100.0000","44201","Ozone","35620","New York-Newark-Jersey City, NY-NJ-PA","34","New Jersey","031","Passaic","41.058617","-74.255544"
"09/17/2007","AQS","340315001","1","0.033","ppm","31","Ramapo","17","100.0000","44201","Ozone","35620","New York-Newark-Jersey City, NY-NJ-PA","34","New Jersey","031","Passaic","41.058617","-74.255544"
"09/18/2007","AQS","340315001","1","0.043","ppm","40","Ramapo","17","100.0000","44201","Ozone","35620","New York-Newark-Jersey City, NY-NJ-PA","34","New Jersey","031","Passaic","41.058617","-74.255544"
"09/19/2007","AQS","340315001","1","0.053","ppm","49","Ramapo","17","100.0000","44201","Ozone","35620","New York-Newark-Jersey City, NY-NJ-PA","34","New Jersey","031","Passaic","41.058617","-74.255544"
"09/20/2007","AQS","340315001","1","0.068","ppm","93","Ramapo","17","100.0000","44201","Ozone","35620","New York-Newark-Jersey City, NY-NJ-PA","34","New Jersey","031","Passaic","41.058617","-74.255544"
"09/21/2007","AQS","340315001","1","0.068","ppm","93","Ramapo","17","100.0000","44201","Ozone","35620","New York-Newark-Jersey City, NY-NJ-PA","34","New Jersey","031","Passaic","41.058617","-74.255544"
"09/22/2007","AQS","340315001","1","0.031","ppm","29","Ramapo","17","100.0000","44201","Ozone","35620","New York-Newark-Jersey City, NY-NJ-PA","34","New Jersey","031","Passaic","41.058617","-74.255544"
"09/23/2007","AQS","340315001","1","0.033","ppm","31","Ramapo","17","100.0000","44201","Ozone","35620","New York-Newark-Jersey City, NY-NJ-PA","34","New Jersey","031","Passaic","41.058617","-74.255544"
"09/24/2007","AQS","340315001","1","0.032","ppm","30","Ramapo","17","100.0000","44201","Ozone","35620","New York-Newark-Jersey City, NY-NJ-PA","34","New Jersey","031","Passaic","41.058617","-74.255544"
"09/25/2007","AQS","340315001","1","0.076","ppm","119","Ramapo","17","100.0000","44201","Ozone","35620","New York-Newark-Jersey City, NY-NJ-PA","34","New Jersey","031","Passaic","41.058617","-74.255544"
"09/26/2007","AQS","340315001","1","0.074","ppm","112","Ramapo","17","100.0000","44201","Ozone","35620","New York-Newark-Jersey City, NY-NJ-PA","34","New Jersey","031","Passaic","41.058617","-74.255544"
"09/28/2007","AQS","340315001","1","0.035","ppm","32","Ramapo","17","100.0000","44201","Ozone","35620","New York-Newark-Jersey City, NY-NJ-PA","34","New Jersey","031","Passaic","41.058617","-74.255544"
"09/29/2007","AQS","340315001","1","0.031","ppm","29","Ramapo","17","100.0000","44201","Ozone","35620","New York-Newark-Jersey City, NY-NJ-PA","34","New Jersey","031","Passaic","41.058617","-74.255544"
"09/30/2007","AQS","340315001","1","0.029","ppm","27","Ramapo","17","100.0000","44201","Ozone","35620","New York-Newark-Jersey City, NY-NJ-PA","34","New Jersey","031","Passaic","41.058617","-74.255544"
"10/01/2007","AQS","340315001","1","0.022","ppm","20","Ramapo","17","100.0000","44201","Ozone","35620","New York-Newark-Jersey City, NY-NJ-PA","34","New Jersey","031","Passaic","41.058617","-74.255544"
"10/02/2007","AQS","340315001","1","0.025","ppm","23","Ramapo","17","100.0000","44201","Ozone","35620","New York-Newark-Jersey City, NY-NJ-PA","34","New Jersey","031","Passaic","41.058617","-74.255544"
"10/03/2007","AQS","340315001","1","0.028","ppm","26","Ramapo","17","100.0000","44201","Ozone","35620","New York-Newark-Jersey City, NY-NJ-PA","34","New Jersey","031","Passaic","41.058617","-74.255544"
"10/04/2007","AQS","340315001","1","0.054","ppm","50","Ramapo","17","100.0000","44201","Ozone","35620","New York-Newark-Jersey City, NY-NJ-PA","34","New Jersey","031","Passaic","41.058617","-74.255544"
"10/05/2007","AQS","340315001","1","0.066","ppm","87","Ramapo","17","100.0000","44201","Ozone","35620","New York-Newark-Jersey City, NY-NJ-PA","34","New Jersey","031","Passaic","41.058617","-74.255544"
"10/06/2007","AQS","340315001","1","0.06","ppm","67","Ramapo","17","100.0000","44201","Ozone","35620","New York-Newark-Jersey City, NY-NJ-PA","34","New Jersey","031","Passaic","41.058617","-74.255544"
"10/07/2007","AQS","340315001","1","0.037","ppm","34","Ramapo","17","100.0000","44201","Ozone","35620","New York-Newark-Jersey City, NY-NJ-PA","34","New Jersey","031","Passaic","41.058617","-74.255544"
"10/08/2007","AQS","340315001","1","0.047","ppm","44","Ramapo","17","100.0000","44201","Ozone","35620","New York-Newark-Jersey City, NY-NJ-PA","34","New Jersey","031","Passaic","41.058617","-74.255544"
"10/09/2007","AQS","340315001","1","0.018","ppm","17","Ramapo","17","100.0000","44201","Ozone","35620","New York-Newark-Jersey City, NY-NJ-PA","34","New Jersey","031","Passaic","41.058617","-74.255544"
"10/10/2007","AQS","340315001","1","0.019","ppm","18","Ramapo","17","100.0000","44201","Ozone","35620","New York-Newark-Jersey City, NY-NJ-PA","34","New Jersey","031","Passaic","41.058617","-74.255544"
"10/11/2007","AQS","340315001","1","0.021","ppm","19","Ramapo","17","100.0000","44201","Ozone","35620","New York-Newark-Jersey City, NY-NJ-PA","34","New Jersey","031","Passaic","41.058617","-74.255544"
"10/12/2007","AQS","340315001","1","0.03","ppm","28","Ramapo","17","100.0000","44201","Ozone","35620","New York-Newark-Jersey City, NY-NJ-PA","34","New Jersey","031","Passaic","41.058617","-74.255544"
"10/13/2007","AQS","340315001","1","0.032","ppm","30","Ramapo","17","100.0000","44201","Ozone","35620","New York-Newark-Jersey City, NY-NJ-PA","34","New Jersey","031","Passaic","41.058617","-74.255544"
"10/14/2007","AQS","340315001","1","0.027","ppm","25","Ramapo","17","100.0000","44201","Ozone","35620","New York-Newark-Jersey City, NY-NJ-PA","34","New Jersey","031","Passaic","41.058617","-74.255544"
"10/15/2007","AQS","340315001","1","0.03","ppm","28","Ramapo","17","100.0000","44201","Ozone","35620","New York-Newark-Jersey City, NY-NJ-PA","34","New Jersey","031","Passaic","41.058617","-74.255544"
"10/16/2007","AQS","340315001","1","0.035","ppm","32","Ramapo","17","100.0000","44201","Ozone","35620","New York-Newark-Jersey City, NY-NJ-PA","34","New Jersey","031","Passaic","41.058617","-74.255544"
"10/17/2007","AQS","340315001","1","0.044","ppm","41","Ramapo","17","100.0000","44201","Ozone","35620","New York-Newark-Jersey City, NY-NJ-PA","34","New Jersey","031","Passaic","41.058617","-74.255544"
"10/18/2007","AQS","340315001","1","0.035","ppm","32","Ramapo","17","100.0000","44201","Ozone","35620","New York-Newark-Jersey City, NY-NJ-PA","34","New Jersey","031","Passaic","41.058617","-74.255544"
"10/19/2007","AQS","340315001","1","0.033","ppm","31","Ramapo","15","88.0000","44201","Ozone","35620","New York-Newark-Jersey City, NY-NJ-PA","34","New Jersey","031","Passaic","41.058617","-74.255544"
"10/20/2007","AQS","340315001","1","0.034","ppm","31","Ramapo","17","100.0000","44201","Ozone","35620","New York-Newark-Jersey City, NY-NJ-PA","34","New Jersey","031","Passaic","41.058617","-74.255544"
"10/21/2007","AQS","340315001","1","0.045","ppm","42","Ramapo","17","100.0000","44201","Ozone","35620","New York-Newark-Jersey City, NY-NJ-PA","34","New Jersey","031","Passaic","41.058617","-74.255544"
"10/22/2007","AQS","340315001","1","0.047","ppm","44","Ramapo","17","100.0000","44201","Ozone","35620","New York-Newark-Jersey City, NY-NJ-PA","34","New Jersey","031","Passaic","41.058617","-74.255544"
"10/23/2007","AQS","340315001","1","0.041","ppm","38","Ramapo","17","100.0000","44201","Ozone","35620","New York-Newark-Jersey City, NY-NJ-PA","34","New Jersey","031","Passaic","41.058617","-74.255544"
"10/24/2007","AQS","340315001","1","0.02","ppm","19","Ramapo","17","100.0000","44201","Ozone","35620","New York-Newark-Jersey City, NY-NJ-PA","34","New Jersey","031","Passaic","41.058617","-74.255544"
"10/25/2007","AQS","340315001","1","0.024","ppm","22","Ramapo","17","100.0000","44201","Ozone","35620","New York-Newark-Jersey City, NY-NJ-PA","34","New Jersey","031","Passaic","41.058617","-74.255544"
"10/26/2007","AQS","340315001","1","0.02","ppm","19","Ramapo","17","100.0000","44201","Ozone","35620","New York-Newark-Jersey City, NY-NJ-PA","34","New Jersey","031","Passaic","41.058617","-74.255544"
"10/27/2007","AQS","340315001","1","0.027","ppm","25","Ramapo","17","100.0000","44201","Ozone","35620","New York-Newark-Jersey City, NY-NJ-PA","34","New Jersey","031","Passaic","41.058617","-74.255544"
"10/28/2007","AQS","340315001","1","0.031","ppm","29","Ramapo","17","100.0000","44201","Ozone","35620","New York-Newark-Jersey City, NY-NJ-PA","34","New Jersey","031","Passaic","41.058617","-74.255544"
"10/29/2007","AQS","340315001","1","0.026","ppm","24","Ramapo","17","100.0000","44201","Ozone","35620","New York-Newark-Jersey City, NY-NJ-PA","34","New Jersey","031","Passaic","41.058617","-74.255544"
"10/30/2007","AQS","340315001","1","0.039","ppm","36","Ramapo","17","100.0000","44201","Ozone","35620","New York-Newark-Jersey City, NY-NJ-PA","34","New Jersey","031","Passaic","41.058617","-74.255544"
"10/31/2007","AQS","340315001","1","0.03","ppm","28","Ramapo","17","100.0000","44201","Ozone","35620","New York-Newark-Jersey City, NY-NJ-PA","34","New Jersey","031","Passaic","41.058617","-74.255544"
